394
394
397
399
400
402
404
405
406
407
407
408
408
408
409
411
411
411
412
412
412
413
413
414
414
414
414
415
415
415
416
415
416
416
417
417
417
418
418
418
419
419
420
420
420
420
420
420
420
421
421
421
421
421
421
422
422
424
425
425
423
423
423
423
623
623
617
611
609
606
600
599
600
599
595
593
591
590
588
587
583
583
583
582
581
580
578
577
577
575
574
573
573
572
571
570
570
569
569
568
567
567
567
566
565
565
563
563
563
563
563
563
562
562
562
562
562
560
560
560
560
559
559
559
559
558
558
558
355
355
361
365
368
372
374
376
377
380
382
384
387
388
388
391
393
391
393
395
396
398
398
398
399
400
401
403
403
404
406
406
406
407
408
409
409
409
410
411
411
412
414
412
416
414
414
414
416
416
416
417
417
417
420
420
419
419
419
419
419
420
421
421
594
619
611
611
607
603
602
600
598
595
593
592
590
589
588
588
584
584
584
584
584
580
578
578
576
576
576
574
574
573
571
570
570
569
568
568
568
567
565
565
565
565
565
565
563
563
562
562
564
564
561
560
560
560
560
560
559
559
559
558
558
558
556
556
350
350
355
363
366
369
372
374
376
379
380
382
383
385
386
388
389
391
393
393
394
396
397
397
399
399
400
402
403
403
403
404
405
405
407
408
409
409
410
410
410
411
411
412
412
412
414
414
415
415
415
415
416
416
417
417
415
415
419
419
419
420
420
420
620
620
615
611
606
604
602
600
598
595
594
592
590
588
588
587
586
584
584
582
581
580
580
579
577
576
575
575
572
572
571
571
571
570
569
568
567
566
566
566
566
565
565
564
563
563
562
562
561
561
561
561
560
560
559
559
559
559
558
558
558
558
557
557
353
353
359
363
363
368
370
373
378
378
378
378
381
383
384
387
388
389
390
391
392
394
395
395
397
398
399
401
403
404
404
404
404
404
405
406
406
407
407
408
409
409
411
411
411
408
410
410
414
414
415
415
416
416
417
417
417
417
418
419
419
419
420
420
620
620
615
610
607
607
602
600
598
595
594
592
591
590
588
587
586
586
584
582
582
580
580
579
577
575
574
575
574
572
572
572
573
572
570
569
568
567
566
564
565
564
565
564
564
564
563
563
562
562
561
561
560
560
559
559
559
559
558
557
557
557
557
557
353
353
361
362
365
371
373
373
375
377
379
380
382
383
383
386
387
390
391
391
392
393
394
395
396
398
399
400
400
401
402
404
404
405
405
405
406
407
412
412
410
410
410
410
411
412
413
413
413
413
411
416
416
416
416
416
417
416
418
418
419
419
420
420
620
620
616
614
607
604
603
602
598
596
595
593
593
592
587
587
587
586
584
583
582
581
579
578
577
576
575
574
574
573
573
571
571
570
570
568
568
568
567
566
566
565
565
565
563
563
563
562
562
562
561
561
560
560
560
560
559
559
558
558
558
557
557
557
352
352
358
362
367
369
371
373
374
376
377
378
382
383
384
384
387
388
391
392
392
392
394
395
396
397
397
398
400
401
402
402
403
404
405
406
406
407
408
408
408
408
410
410
411
412
412
413
413
414
414
414
416
416
416
417
417
418
418
418
419
419
419
420
587
587
579
571
571
566
559
557
555
553
551
551
550
549
548
547
546
545
545
544
544
543
543
542
541
541
541
540
540
537
536
536
538
538
537
537
536
536
536
536
536
535
535
534
534
534
534
533
533
533
533
533
532
532
532
531
532
531
531
531
531
529
529
530
362
362
370
376
381
385
393
393
399
399
403
405
406
410
413
414
416
416
418
420
423
423
426
428
428
430
430
431
431
432
433
434
435
436
437
437
437
437
438
439
439
440
440
440
441
441
441
442
442
443
443
444
444
444
444
444
444
445
445
445
445
445
445
446
607
607
604
599
586
585
581
581
575
573
573
569
564
564
562
560
558
557
556
554
554
553
551
550
548
547
546
546
545
544
543
543
543
542
542
541
539
539
538
538
538
537
537
537
536
536
535
535
535
535
534
534
534
533
533
533
533
532
532
532
532
532
532
531
359
359
368
374
379
383
383
387
394
400
400
403
406
408
410
413
415
417
419
421
423
423
426
427
429
430
431
435
435
435
435
436
437
437
438
438
438
440
440
441
441
441
442
442
442
442
443
443
443
444
445
445
445
445
445
445
446
446
446
446
446
446
446
447
611
611
602
596
591
587
583
580
577
574
571
568
565
564
561
560
558
557
555
554
553
550
550
549
547
547
545
543
543
543
542
541
540
540
539
539
538
538
537
537
536
536
535
535
535
534
534
534
533
533
533
533
532
532
532
532
532
531
531
531
531
531
530
530
358
358
369
373
383
383
387
390
394
397
399
404
406
409
411
414
415
419
421
423
424
426
428
429
431
432
433
434
435
436
436
437
438
439
440
440
440
441
442
442
442
442
443
443
443
443
444
445
445
445
445
446
446
446
447
447
447
447
447
447
447
447
447
448
611
611
603
597
592
587
583
580
577
573
573
570
565
562
559
557
557
556
554
552
551
548
547
547
547
544
544
542
542
540
539
536
539
537
537
537
536
536
536
535
534
534
534
533
533
533
533
533
531
531
531
531
531
530
530
530
530
530
530
529
530
530
530
529
360
360
368
374
379
383
388
390
395
398
402
405
407
412
413
414
417
419
421
422
424
426
429
430
430
431
431
434
435
435
437
437
439
439
440
440
441
441
442
442
442
443
443
443
444
444
444
445
445
445
446
446
446
446
446
447
447
447
447
447
447
448
448
448
615
615
603
597
592
589
584
578
577
573
571
568
565
563
561
559
557
554
553
552
552
552
550
547
546
546
544
543
542
542
541
540
540
539
538
538
537
536
536
535
535
534
534
533
533
533
533
532
532
532
532
531
531
531
531
530
530
530
530
530
530
530
529
529
359
359
368
378
379
383
388
391
394
396
401
404
407
409
409
414
414
414
420
422
423
424
425
428
431
432
432
433
435
436
436
437
438
439
440
440
440
440
442
443
443
443
444
444
444
444
444
445
445
446
446
446
445
446
447
447
447
447
447
448
448
448
448
448
580
580
566
561
552
543
543
540
537
535
532
532
531
530
529
528
528
528
527
527
526
526
526
526
525
525
525
524
524
524
524
524
524
524
523
523
523
523
523
523
523
522
522
522
522
522
522
525
522
522
522
522
522
522
521
521
521
521
521
521
521
521
521
521
376
376
386
395
402
407
415
417
420
421
427
429
431
432
435
436
438
438
441
441
442
443
444
445
446
446
447
447
447
448
448
449
449
449
449
450
450
450
450
450
451
451
451
452
452
451
451
451
451
452
452
452
452
452
452
452
453
453
453
453
453
453
453
454
598
598
588
578
571
565
559
555
551
547
545
544
539
539
536
535
533
532
532
532
531
530
530
529
528
527
527
527
527
528
526
525
525
525
525
524
524
524
524
524
526
526
523
523
522
523
522
522
522
522
522
522
522
522
521
521
521
521
521
521
521
521
521
521
374
374
384
393
400
408
412
416
419
427
429
429
433
434
434
436
437
439
439
441
442
442
443
444
445
445
446
446
447
448
448
448
448
448
449
450
450
450
451
451
451
451
451
451
452
452
452
452
453
453
453
453
454
454
454
454
454
454
454
454
454
454
453
454
602
602
590
580
573
566
557
552
552
548
545
541
540
538
536
534
534
533
532
531
531
529
529
529
528
528
527
527
527
526
526
525
525
525
525
524
524
524
524
523
523
523
523
522
522
522
522
522
521
521
521
521
521
520
519
519
521
521
521
521
521
520
520
520
373
373
392
401
402
405
410
416
424
426
429
429
431
433
434
435
436
437
439
440
440
442
442
442
444
444
444
445
446
447
448
448
448
449
449
449
450
450
450
451
451
451
454
457
454
452
452
452
452
453
453
453
453
453
454
454
453
453
454
454
454
454
454
454
601
601
590
581
571
567
562
558
552
549
543
543
541
539
539
536
534
533
533
532
531
530
529
529
528
527
527
527
526
526
525
525
525
524
524
524
524
523
523
523
523
523
522
522
522
522
522
522
522
521
521
521
521
521
521
521
520
520
520
520
520
520
520
520
372
372
382
391
398
404
411
414
420
420
426
429
431
432
434
435
436
436
438
439
441
442
442
443
443
444
445
445
447
447
447
447
448
449
449
450
450
450
450
451
451
451
451
451
452
452
452
452
452
453
453
453
453
453
453
453
454
454
454
454
454
454
454
454
603
603
592
583
575
568
562
557
552
548
545
543
540
539
539
534
533
533
532
532
531
530
529
529
527
527
527
527
526
525
525
524
524
524
524
524
524
523
523
523
523
523
522
522
522
522
522
522
521
521
521
521
521
521
521
521
521
520
520
520
520
520
520
520
371
371
382
391
398
403
410
415
418
423
428
430
431
432
432
433
436
437
438
439
439
441
441
442
443
443
444
444
445
446
446
447
448
448
448
449
449
449
450
450
450
451
451
451
451
451
452
452
452
452
453
453
453
453
453
453
453
453
453
454
454
454
453
453
559
559
542
535
531
528
526
524
522
521
521
521
520
520
520
520
520
519
520
520
520
519
519
519
519
519
519
519
519
519
519
519
519
520
520
519
519
519
520
520
520
520
520
520
520
520
520
520
520
520
521
521
521
521
521
520
520
520
521
521
521
521
521
521
392
392
404
414
415
424
428
430
433
434
436
438
439
440
440
443
443
444
445
445
446
447
447
448
448
449
449
449
449
450
450
450
450
451
451
451
451
452
452
452
452
452
452
452
452
452
452
452
452
452
452
452
452
452
452
452
454
452
452
452
453
453
452
452
584
584
568
562
549
544
541
537
537
535
533
531
529
527
527
527
526
526
525
524
524
523
523
523
523
523
521
521
521
521
521
521
521
520
520
521
521
520
520
519
520
519
520
519
519
519
519
520
520
520
520
519
519
519
519
519
519
519
519
519
519
519
519
519
391
391
405
415
422
426
428
431
434
435
437
439
441
443
445
446
450
450
450
450
450
450
450
451
452
452
452
452
452
453
453
453
454
454
455
455
455
455
455
455
455
455
455
455
455
455
456
456
456
456
456
456
456
457
457
457
457
457
457
457
457
457
457
457
579
579
565
554
545
539
532
532
529
526
524
524
523
522
520
520
519
519
518
518
517
516
516
516
516
516
515
515
514
514
514
514
514
514
513
513
513
513
513
513
512
512
512
512
512
512
513
512
512
512
512
512
512
512
513
513
513
513
513
513
513
513
513
513
393
393
407
416
424
430
433
436
439
442
443
446
446
447
449
450
450
451
452
453
453
454
454
454
455
455
455
455
456
456
456
456
456
456
456
454
456
456
456
456
456
456
456
457
457
457
456
456
456
456
456
456
456
456
456
456
456
456
456
456
456
456
456
456
584
584
567
554
546
540
536
532
528
528
528
524
524
522
521
520
519
518
518
518
517
516
516
515
515
515
515
515
515
514
514
514
514
514
514
513
513
513
513
513
513
513
513
513
513
513
513
513
513
513
513
513
513
513
515
513
514
513
513
513
513
513
513
513
391
391
404
413
421
427
431
434
436
438
440
441
442
444
445
447
447
447
449
449
449
450
450
451
451
451
452
452
452
453
453
453
453
453
453
454
454
454
454
454
454
454
454
454
454
454
454
454
454
454
454
454
454
454
454
454
454
454
454
454
454
454
454
454
586
586
567
551
546
542
538
535
534
534
531
529
527
526
526
525
524
523
522
521
520
520
520
520
519
518
518
518
518
517
517
517
517
517
516
516
516
516
516
516
516
516
516
516
516
516
515
515
516
516
516
516
516
516
516
516
516
517
516
516
516
516
517
517
386
386
397
410
417
422
426
432
432
435
437
439
442
445
443
445
444
445
446
447
447
447
448
449
449
449
450
450
450
450
455
455
451
451
452
452
452
452
452
452
452
452
458
452
453
453
453
453
453
453
453
453
453
453
454
453
453
453
452
452
452
452
452
452
