119
139
150
151
156
169
172
176
180
190
190
190
191
192
194
195
197
200
202
203
204
206
207
213
213
211
211
212
212
213
215
215
215
215
216
217
218
218
218
219
222
222
224
222
222
222
222
223
223
223
224
224
224
225
225
225
226
226
227
227
227
227
227
227
991
991
965
948
930
921
913
902
896
887
878
871
859
858
853
848
844
841
837
833
830
828
828
822
820
819
817
816
816
810
807
809
809
809
807
807
806
804
800
800
801
801
800
799
799
798
797
797
797
796
795
795
795
796
796
795
793
793
793
792
792
792
792
791
16
16
43
62
76
87
97
108
116
122
133
135
135
147
153
153
153
155
160
160
164
161
169
176
176
176
180
186
188
188
190
192
195
196
196
200
202
203
204
208
208
208
211
211
211
211
215
216
217
217
219
220
220
220
220
223
223
223
223
223
227
227
225
225
1000
1000
970
952
940
931
919
915
909
896
887
879
871
868
857
853
848
845
838
835
831
828
825
825
821
821
817
813
809
807
806
806
803
801
799
798
796
796
796
796
794
794
793
791
790
789
789
789
788
788
788
788
786
786
786
786
786
785
785
784
784
784
784
784
22
22
39
55
71
79
91
102
115
116
122
127
131
139
140
143
146
150
151
156
158
160
164
167
168
168
174
175
177
179
183
186
186
191
191
194
195
195
199
208
201
205
201
205
208
209
209
211
212
215
216
216
217
218
218
219
221
221
221
222
223
224
224
225
995
995
969
952
935
928
919
912
904
892
889
880
872
868
862
854
848
840
839
834
826
824
823
823
819
813
812
808
808
806
803
802
799
797
796
794
793
791
789
789
789
788
787
787
785
785
783
781
782
782
782
781
781
781
781
780
780
780
779
779
779
779
775
775
9
9
33
55
70
81
91
102
103
115
119
126
127
130
143
145
145
147
151
153
156
159
160
164
164
168
170
172
178
183
180
180
180
185
185
187
189
192
194
195
196
199
200
203
205
205
206
208
210
212
212
214
214
214
215
216
216
218
218
220
220
221
221
222
1000
1000
972
947
945
934
925
916
907
896
891
884
876
872
865
859
850
846
846
837
834
834
831
827
826
822
818
818
815
812
811
809
806
805
804
803
804
798
798
796
795
795
795
794
792
791
785
790
785
788
788
788
788
788
787
788
787
787
787
788
788
786
786
786
11
11
35
53
66
68
86
95
102
108
118
124
124
127
133
133
135
136
143
145
147
158
158
157
157
159
161
165
165
167
168
172
173
174
176
178
180
181
185
185
188
189
191
195
196
197
197
199
199
200
203
204
205
207
207
208
209
210
210
212
213
213
213
213
996
996
972
960
943
932
922
914
912
892
890
883
875
872
868
862
858
855
851
848
844
842
838
836
829
829
829
825
822
822
822
819
817
816
815
815
814
811
809
809
809
807
807
807
805
805
803
802
802
802
801
800
800
799
799
799
798
798
797
798
797
798
797
798
10
10
33
50
63
72
81
90
94
101
107
119
121
123
123
128
130
133
141
141
142
144
146
147
149
156
157
158
158
161
161
162
167
168
169
172
173
175
175
175
180
183
184
187
187
187
191
193
197
197
197
200
200
201
202
204
205
206
207
208
208
210
212
212
864
864
838
824
813
805
801
797
797
796
796
796
790
790
793
793
794
793
794
793
794
794
794
794
794
793
793
792
792
792
790
790
792
792
788
788
789
789
789
789
789
788
787
787
787
787
787
787
787
786
785
784
784
783
784
783
783
782
782
782
780
780
781
781
64
64
79
92
102
116
116
123
129
136
138
142
149
152
155
159
163
163
165
167
168
173
176
176
180
193
193
195
192
192
192
195
197
200
202
208
210
210
212
214
217
217
218
221
222
223
224
224
224
226
226
226
228
227
229
231
231
231
231
231
232
233
234
234
976
976
961
952
940
921
908
891
878
872
860
853
848
844
837
835
830
829
826
821
819
819
815
813
811
808
805
802
800
799
796
795
791
791
789
789
787
785
784
783
782
782
780
780
777
777
777
776
774
774
774
773
772
772
772
771
771
772
772
770
770
770
770
769
59
59
73
86
100
101
103
111
119
125
127
133
136
139
142
144
148
151
154
155
158
160
161
167
168
170
170
173
178
180
181
181
184
187
192
195
196
199
205
207
208
212
214
214
216
217
218
219
222
222
223
223
224
226
227
227
229
230
230
230
230
231
232
231
984
984
971
961
950
930
915
904
888
876
860
856
850
845
840
836
833
832
826
818
819
816
816
813
810
807
807
799
799
798
795
792
788
787
786
786
784
784
781
779
779
777
776
774
774
773
773
772
771
769
769
769
768
767
767
767
767
766
765
765
765
765
765
765
60
60
77
90
98
111
118
118
123
130
131
135
135
138
141
146
149
150
152
152
156
160
161
161
164
165
169
172
174
175
176
183
187
187
187
195
196
199
199
204
209
211
212
215
216
219
221
223
223
225
226
227
227
228
228
230
232
232
232
232
234
234
234
236
988
988
971
961
952
937
923
907
889
875
864
856
849
844
839
837
833
826
823
823
819
818
816
814
810
808
805
802
800
799
794
791
790
788
787
783
782
780
779
777
775
775
773
771
770
769
768
768
767
767
767
766
763
763
762
762
759
759
760
760
760
759
759
759
63
63
79
92
107
116
116
118
122
126
129
132
133
136
140
140
144
150
152
152
154
155
160
161
161
163
168
169
169
171
173
175
176
181
183
187
190
191
197
201
204
207
209
211
212
216
217
219
220
223
224
225
225
227
230
231
231
232
234
234
235
236
236
236
983
983
965
959
949
940
921
904
887
874
857
855
849
844
839
836
830
828
827
824
821
820
817
816
814
810
805
803
800
798
796
793
790
787
782
783
782
781
779
778
777
775
774
774
771
768
768
767
767
766
765
765
764
764
764
762
762
762
762
762
762
764
764
761
62
62
76
89
99
103
106
117
122
126
128
131
135
140
140
140
145
147
150
151
151
154
155
158
159
163
163
163
165
169
172
172
172
178
180
184
188
191
195
198
205
210
210
211
211
215
216
217
221
224
224
226
227
227
227
229
229
231
231
232
232
233
234
236
911
911
854
833
828
812
805
794
785
778
772
766
763
763
763
761
760
760
760
759
758
758
758
758
758
758
757
757
757
756
756
756
756
756
756
755
755
755
755
755
754
754
754
754
754
754
754
754
754
754
754
754
754
754
754
754
753
750
750
754
754
753
753
753
72
72
91
103
111
120
129
129
135
135
138
144
146
148
150
156
157
160
162
163
166
168
168
176
179
181
186
187
190
193
199
199
204
209
213
219
226
229
230
235
236
236
238
236
240
242
242
243
245
243
244
244
244
245
245
246
247
247
247
248
248
249
249
249
979
979
970
962
955
946
931
923
912
890
869
852
843
838
832
828
826
821
818
813
809
804
801
796
792
788
785
780
777
774
771
767
763
762
760
758
756
756
754
752
750
749
748
728
748
746
746
746
746
746
746
744
744
744
744
744
744
744
744
744
744
744
744
744
72
72
84
95
95
110
118
124
129
133
136
142
143
143
145
148
152
154
157
158
158
160
161
163
163
163
169
171
173
175
178
181
185
189
191
191
198
209
218
222
227
231
231
237
243
243
242
242
243
243
244
243
245
247
248
251
251
250
250
251
252
252
251
251
981
981
970
963
955
952
939
929
912
895
876
860
846
840
835
831
828
824
820
816
808
806
802
801
790
790
790
788
782
781
780
775
771
768
763
760
755
752
749
749
746
734
730
718
718
718
737
737
726
710
699
698
696
694
693
691
690
691
689
692
702
706
722
725
86
86
107
134
169
193
210
214
218
223
227
235
235
237
237
240
240
231
205
178
147
147
148
149
150
151
155
159
160
165
165
167
167
169
177
186
188
197
206
215
221
227
230
234
236
239
240
241
241
241
244
245
247
247
247
247
248
251
251
251
253
253
253
254
974
974
959
954
948
940
930
919
908
895
875
860
844
837
827
826
826
821
818
811
810
803
799
789
789
789
786
783
779
776
770
764
759
755
749
747
748
747
745
743
743
743
742
742
742
742
741
742
741
741
741
741
741
740
740
740
740
740
740
740
740
732
740
739
64
64
79
92
99
109
111
124
132
132
135
138
142
145
148
153
154
155
156
158
158
160
160
163
163
163
166
167
172
172
176
180
183
188
193
206
206
206
230
231
231
237
238
240
241
241
241
243
244
246
249
246
248
248
248
249
251
251
248
248
253
253
253
254
977
977
965
958
949
944
940
926
906
890
868
853
839
833
833
832
830
822
818
816
811
808
808
802
798
793
788
788
784
780
776
776
769
765
763
759
754
750
745
745
744
742
741
741
741
741
740
739
739
739
739
739
739
737
738
738
738
738
738
738
738
738
739
739
64
64
85
96
100
105
113
119
123
128
135
137
140
144
146
147
151
153
154
154
159
154
159
159
164
165
167
169
173
174
179
183
188
196
202
208
216
222
229
232
235
238
240
240
242
242
244
246
246
247
247
247
248
249
250
251
251
252
252
252
252
253
253
254
921
921
848
832
815
802
790
777
759
748
741
739
738
737
736
736
736
736
737
737
737
737
737
737
737
737
737
737
738
738
737
736
737
739
739
738
738
738
738
738
737
737
737
736
735
735
735
735
735
734
734
736
736
734
732
730
731
731
731
731
731
730
730
730
74
74
97
100
110
120
126
132
137
145
152
155
155
164
173
184
198
210
221
224
225
226
231
232
233
232
233
233
233
233
235
235
235
237
238
238
239
238
239
241
241
241
241
241
242
242
242
243
243
243
243
244
244
245
245
245
243
243
245
246
246
246
248
248
965
965
942
918
890
863
851
845
841
835
832
828
826
823
819
814
809
805
799
791
783
775
767
757
752
747
747
744
741
741
740
738
738
736
736
736
735
735
735
733
730
730
731
732
732
732
730
729
728
727
727
727
726
726
726
726
726
726
725
725
725
725
726
726
67
67
84
89
103
111
115
127
129
132
135
148
154
161
170
172
175
181
183
188
198
208
213
220
221
224
227
230
230
237
246
246
249
276
276
276
287
301
302
304
305
307
307
312
314
316
316
317
317
318
317
317
317
317
317
317
318
318
319
319
319
320
321
321
825
825
803
779
769
768
756
751
743
737
727
720
713
705
696
692
691
687
683
682
678
677
676
674
674
673
672
671
670
669
665
665
663
663
661
659
658
657
657
656
656
656
656
655
655
655
656
655
655
655
656
703
708
708
770
781
781
773
758
750
743
740
738
736
60
60
76
89
103
115
127
137
143
153
159
162
164
167
168
170
176
182
189
204
213
213
216
221
223
223
223
224
224
226
226
226
226
228
227
227
227
227
228
228
228
228
233
230
231
231
231
232
232
234
234
235
235
235
235
238
239
239
240
242
242
242
239
239
916
916
892
880
866
860
848
846
841
836
831
824
821
815
802
791
779
767
765
760
758
758
757
756
755
751
751
751
749
748
746
745
745
742
742
742
740
740
738
738
736
736
733
731
733
731
732
731
727
727
730
730
730
727
728
727
727
727
726
728
726
726
726
726
83
83
103
117
122
136
138
143
163
169
170
170
171
172
186
186
194
197
203
207
223
226
240
245
254
254
258
260
263
268
275
278
284
279
291
293
296
296
296
299
302
299
300
300
300
298
297
278
278
288
288
288
288
292
282
285
285
285
282
282
285
287
290
290
899
899
874
855
842
839
825
823
799
793
779
764
762
759
744
742
732
732
735
746
746
730
728
721
717
717
717
712
708
704
695
691
688
683
679
676
674
674
674
674
673
672
672
672
672
671
671
671
671
671
670
670
670
670
670
670
670
668
668
668
668
668
668
668
123
123
137
145
154
167
183
192
202
207
208
207
199
199
202
203
208
211
217
225
227
230
248
249
260
261
268
274
275
279
283
283
283
286
288
288
289
290
291
291
292
291
283
283
283
283
291
294
292
294
297
297
298
301
302
305
309
310
310
313
314
313
314
314
