403
408
410
411
413
414
414
415
416
417
417
417
417
417
417
418
418
418
419
419
419
420
420
420
420
420
420
419
421
421
421
421
422
422
422
422
422
422
422
422
423
423
423
423
423
424
424
424
423
424
424
424
424
424
424
425
425
425
425
425
425
425
425
425
592
592
587
584
581
579
579
578
576
576
574
573
572
571
570
570
569
568
568
568
567
567
566
565
565
565
564
564
563
563
562
562
561
562
560
565
560
565
559
558
558
558
557
557
557
557
556
556
556
556
555
555
555
555
555
554
554
554
554
554
554
553
553
553
381
381
386
386
388
393
397
397
398
398
399
400
401
402
402
403
404
405
406
407
407
407
408
408
409
410
411
411
412
413
413
413
413
414
415
415
416
417
417
417
417
417
418
418
418
418
419
420
420
420
420
420
420
420
421
421
422
422
422
422
422
422
422
422
589
592
589
584
579
579
579
579
577
576
575
574
574
573
572
572
571
570
569
568
567
567
567
566
566
565
565
564
563
563
563
562
562
562
561
560
560
560
559
559
558
558
558
558
558
558
557
557
556
556
556
556
556
555
555
554
554
555
555
555
555
555
554
554
380
380
385
387
389
391
395
395
396
397
399
399
400
399
400
401
402
403
405
405
405
406
406
407
408
408
408
409
410
411
412
412
412
413
413
414
414
414
414
415
415
416
417
417
417
417
417
417
418
419
419
419
420
420
420
420
420
421
421
421
421
421
422
422
590
590
584
584
581
579
581
579
578
576
575
574
574
573
572
571
571
571
570
569
568
568
566
566
566
566
566
565
564
563
563
562
562
562
559
559
560
560
560
559
559
559
559
558
558
555
555
557
557
557
557
557
556
556
556
556
556
555
555
555
555
554
554
554
385
385
386
387
389
391
392
393
395
395
397
398
399
399
400
400
399
399
399
404
404
404
405
406
409
409
409
408
408
408
410
411
412
412
412
412
413
413
414
415
415
415
416
416
416
417
417
417
418
419
421
419
419
419
419
420
424
424
421
421
421
421
424
422
597
597
587
585
583
581
580
579
577
577
576
575
574
573
572
571
571
571
570
570
569
568
568
567
566
565
566
565
566
565
564
563
563
562
561
561
561
561
560
560
560
559
559
558
558
558
557
558
557
558
557
557
556
556
556
556
556
556
555
554
554
554
554
554
378
378
384
386
388
391
393
393
394
394
395
394
399
399
400
401
401
402
403
403
403
404
406
406
406
407
408
408
408
408
409
410
411
412
414
413
414
413
414
414
414
415
415
415
416
416
417
417
418
418
418
418
419
419
419
419
419
419
420
420
421
421
421
421
591
591
586
584
584
581
579
579
578
577
576
575
575
573
573
572
571
571
571
570
569
568
568
568
568
566
565
565
565
564
564
563
563
563
563
560
560
561
561
560
560
560
558
559
558
558
558
558
558
557
557
557
557
556
556
556
556
556
556
555
555
555
555
554
380
380
384
386
388
391
391
393
393
395
396
397
398
399
400
399
400
401
402
403
403
403
405
405
406
406
408
408
409
409
409
409
410
411
411
412
413
413
413
414
414
414
414
415
416
416
416
417
417
417
417
418
418
418
418
418
419
420
420
420
420
423
423
421
572
572
568
563
563
558
556
555
553
553
552
551
551
551
550
549
549
548
547
547
547
547
546
546
546
546
545
545
545
545
544
544
544
544
543
543
543
543
543
543
543
542
542
542
542
542
542
542
542
541
541
541
541
541
541
540
540
540
540
540
540
540
540
540
383
383
387
391
394
398
399
400
402
404
406
407
407
410
412
413
415
416
417
418
419
420
424
424
423
423
424
425
426
426
426
428
430
430
430
430
430
431
431
431
432
433
433
433
433
433
433
434
435
435
435
435
435
435
436
436
437
437
437
437
437
437
437
437
586
586
581
577
576
574
572
570
568
566
565
564
563
562
562
560
558
558
556
555
554
554
554
553
552
551
551
550
550
550
550
549
548
548
547
547
547
546
546
546
546
545
545
544
544
544
544
544
543
543
543
543
542
542
542
542
542
542
542
542
541
541
541
541
381
381
386
389
391
394
397
399
400
401
403
405
407
407
408
411
413
414
414
416
417
419
419
420
421
424
424
425
425
425
426
427
428
428
429
429
430
430
431
432
435
433
433
433
433
433
434
434
435
435
435
435
436
436
437
437
437
437
437
437
438
438
439
439
588
588
584
580
578
576
574
572
571
569
567
566
565
562
561
561
560
559
558
557
556
556
555
554
553
553
552
551
551
550
549
549
548
548
547
547
547
547
546
546
546
546
546
545
544
544
544
544
543
543
543
543
543
543
542
542
542
542
542
541
541
541
541
541
380
380
385
388
391
393
395
395
398
401
403
405
406
407
409
410
412
413
414
416
416
417
419
419
421
421
421
424
424
424
425
427
427
428
428
430
432
431
431
431
432
432
433
433
434
434
434
434
434
435
435
436
436
436
436
437
437
438
438
438
439
439
439
439
590
590
585
582
579
576
575
573
571
569
568
568
566
564
563
561
560
560
560
558
557
556
555
554
554
553
552
551
551
550
550
549
548
548
548
547
547
546
546
546
546
545
545
544
544
543
544
544
544
542
542
542
542
542
542
541
541
541
541
541
541
541
541
540
377
377
387
391
392
395
395
397
397
399
402
405
407
407
409
410
410
414
414
415
416
418
418
420
420
423
423
423
424
425
426
426
427
428
429
430
430
431
431
432
432
433
433
434
434
434
435
435
436
436
436
436
437
437
437
438
438
438
439
439
439
439
440
440
590
590
585
582
579
577
574
573
573
570
569
567
566
564
562
561
562
561
558
557
555
555
554
553
553
552
551
551
551
550
549
549
548
547
547
547
546
546
546
545
545
544
544
544
543
543
543
542
542
542
542
542
542
541
541
541
541
541
540
540
540
540
540
537
380
380
385
388
393
395
395
397
397
402
404
404
404
405
408
410
411
412
414
415
416
417
418
419
420
421
422
423
424
426
426
427
427
428
429
430
429
430
431
431
431
432
432
433
434
434
435
435
435
436
436
437
437
438
438
438
438
438
438
438
439
439
439
439
574
574
568
563
558
554
552
549
547
546
543
543
542
541
541
540
540
540
539
539
539
539
538
538
539
539
538
538
538
538
538
538
537
537
537
537
537
537
537
537
537
536
536
536
536
536
537
537
537
536
536
536
536
536
536
536
536
538
536
538
538
538
536
536
385
385
391
396
402
403
406
409
411
413
414
417
418
419
421
422
424
425
425
426
428
428
429
433
433
432
432
433
434
434
435
436
437
437
438
439
439
439
439
440
440
440
441
441
441
442
442
442
442
442
443
443
443
443
444
444
444
444
444
444
443
445
445
445
584
584
578
575
571
567
567
564
559
559
556
555
553
551
550
551
550
547
547
546
546
544
544
544
543
543
542
542
542
541
541
541
541
540
540
539
539
539
539
539
539
538
538
538
538
538
538
538
538
536
537
537
537
537
537
537
537
537
537
537
536
536
537
537
383
383
388
393
398
399
403
406
408
412
412
414
416
418
420
420
421
422
422
425
425
426
427
428
430
431
431
431
434
434
434
433
434
436
436
436
437
438
438
438
439
439
440
440
441
441
441
442
442
442
443
443
443
443
444
444
444
444
444
445
445
445
445
445
587
587
581
579
573
570
569
565
563
561
559
555
554
554
553
552
550
549
549
548
547
547
546
546
545
544
544
544
544
542
542
542
541
541
541
540
540
539
539
540
540
539
539
539
539
539
539
539
538
538
538
538
538
538
538
538
538
538
538
538
538
538
538
538
382
382
387
392
396
399
402
405
406
409
412
413
414
415
417
418
419
420
421
423
423
424
426
427
427
428
429
429
430
431
432
432
433
433
434
435
437
437
437
437
437
438
439
440
440
440
440
440
441
442
442
443
443
443
443
443
444
444
444
444
445
445
445
445
593
593
583
580
576
571
570
567
565
563
562
560
558
557
556
554
553
552
551
550
550
549
548
548
546
546
545
545
544
544
544
543
543
542
542
542
542
541
541
541
541
541
540
540
540
540
540
539
539
539
539
539
538
538
538
538
538
538
538
538
538
538
538
538
380
380
383
390
394
397
401
403
405
407
407
409
412
415
416
416
417
419
420
421
424
424
425
425
426
426
427
429
430
430
431
431
432
432
433
435
435
435
436
436
436
436
438
438
438
439
440
440
441
441
442
442
441
441
443
443
444
444
444
444
445
445
446
446
591
591
584
584
578
572
572
569
567
564
563
561
560
558
556
555
554
552
552
552
550
550
550
549
548
547
546
546
545
545
545
544
544
544
543
543
542
542
542
541
541
541
541
541
541
541
540
540
540
540
540
540
540
540
540
539
538
538
538
539
539
539
539
539
377
377
383
388
392
393
398
401
403
405
407
407
412
412
414
415
416
417
418
420
421
421
422
423
424
425
425
426
426
427
428
429
430
431
431
432
433
434
434
435
436
436
436
437
438
439
439
440
440
440
440
441
441
442
442
442
443
443
444
444
444
444
445
447
570
570
563
557
552
550
548
545
544
543
542
542
541
541
541
541
541
541
541
541
539
539
540
541
541
541
541
541
541
542
541
542
541
542
542
542
544
542
542
542
541
541
541
541
542
542
542
542
542
542
542
542
542
543
542
542
542
542
542
542
542
542
542
542
392
387
392
392
397
399
403
405
406
409
410
412
414
415
415
418
419
420
421
423
423
425
425
426
428
429
430
430
431
432
433
434
434
434
434
435
436
436
436
437
438
440
440
440
440
440
440
440
441
441
441
441
442
443
443
443
443
443
443
443
443
444
444
444
583
583
576
573
569
565
563
561
559
557
555
553
553
551
550
550
548
547
547
545
545
545
545
545
544
544
544
544
543
543
542
542
542
541
541
541
541
541
541
541
541
541
541
541
541
541
541
541
541
540
540
540
540
541
541
540
539
540
540
541
542
542
542
542
364
364
384
390
394
397
400
403
404
406
407
409
410
411
414
415
416
418
423
424
424
424
425
425
426
426
430
430
430
430
430
432
432
432
433
435
435
435
436
438
438
438
438
439
439
440
440
440
440
441
442
442
444
444
442
442
442
442
443
442
442
442
445
445
594
594
586
582
578
574
571
571
568
563
559
558
557
555
554
554
551
550
550
550
547
547
546
544
544
544
544
543
543
543
543
542
542
542
542
542
542
542
542
542
542
543
542
541
541
541
541
541
541
541
542
542
542
542
542
542
542
542
542
542
542
542
542
542
373
373
385
388
393
395
396
401
403
403
405
406
410
412
412
414
415
417
418
419
420
422
423
424
424
427
427
428
428
429
429
430
430
431
432
433
433
433
434
435
436
437
437
438
438
439
439
439
439
439
439
440
440
440
440
441
441
442
442
442
442
442
442
443
593
593
588
583
580
577
574
571
571
571
563
562
559
557
556
554
553
552
550
549
549
549
547
547
546
546
544
544
543
543
542
542
542
542
542
542
541
541
541
541
541
541
541
541
541
542
542
541
541
540
541
541
541
542
544
544
541
541
541
541
541
542
542
542
372
372
380
384
389
393
396
399
401
402
403
408
409
409
411
412
412
413
415
417
417
417
419
420
421
422
423
424
424
425
427
427
428
428
430
431
431
432
434
435
436
436
436
437
437
439
439
439
440
440
440
440
440
441
442
442
442
442
442
443
443
443
442
442
597
597
590
586
583
579
577
574
571
569
566
564
562
557
555
555
554
552
551
549
549
549
547
547
546
545
545
544
544
544
543
543
543
543
542
542
542
543
542
542
542
542
542
542
542
542
542
542
542
540
540
542
542
542
542
542
542
542
542
542
542
542
543
543
368
368
376
379
386
393
394
396
398
401
403
405
405
407
409
411
412
415
416
416
417
417
418
420
421
422
423
424
425
425
425
426
427
428
429
430
433
433
433
433
435
436
436
437
437
438
438
438
439
439
444
444
440
440
440
440
441
441
441
441
441
441
441
441
