397
394
397
394
399
399
400
401
402
403
404
405
405
406
407
407
408
408
408
410
410
410
411
411
411
412
412
412
413
414
414
414
414
415
415
416
416
416
416
416
416
416
417
417
418
418
418
418
419
419
419
419
420
420
420
420
421
421
421
421
422
422
422
422
627
627
621
620
611
608
605
602
600
598
597
593
592
592
590
588
588
587
584
583
582
581
579
578
577
577
575
575
572
572
572
571
571
569
568
567
567
567
566
565
564
564
564
563
563
562
562
561
562
561
560
560
560
559
559
559
559
559
558
558
557
556
556
556
345
345
360
361
367
368
371
374
376
378
380
382
383
385
385
387
389
392
392
392
394
395
396
397
398
399
400
401
401
402
403
403
404
405
406
406
406
406
408
408
410
409
410
411
411
411
413
413
415
414
415
415
415
416
416
417
420
418
420
418
420
418
419
419
624
624
621
614
610
606
604
604
600
597
595
594
591
591
589
587
586
585
584
583
582
580
579
579
578
582
574
574
572
571
571
571
570
568
567
567
567
566
566
563
564
563
563
563
563
561
561
561
560
559
559
559
559
558
558
558
557
557
556
555
555
555
555
555
351
351
357
359
367
370
370
372
375
376
379
380
383
383
386
387
386
387
390
391
392
393
393
395
397
397
398
399
400
401
402
403
403
403
404
405
406
406
407
407
408
409
409
410
410
411
411
412
415
415
414
414
414
415
416
416
416
417
417
417
417
418
418
418
624
624
618
613
609
607
603
602
600
598
596
593
592
589
588
588
587
586
584
583
581
581
579
578
578
578
575
575
573
572
571
571
569
568
568
568
567
566
565
564
564
564
562
562
562
562
561
561
560
560
559
559
558
558
557
557
557
557
557
557
556
555
555
554
356
356
356
360
366
367
369
371
373
375
378
378
381
382
384
386
386
387
389
389
390
390
390
393
396
396
396
399
399
400
401
401
402
403
403
404
405
406
406
407
408
408
408
409
410
410
411
413
413
413
411
413
414
415
415
415
416
416
416
416
417
418
418
419
624
624
618
613
607
607
604
602
600
597
594
593
592
591
589
588
587
585
584
582
580
579
579
578
578
577
575
574
573
574
571
571
571
569
569
567
566
567
566
566
564
564
564
562
562
562
561
560
560
560
559
559
558
556
556
557
557
556
556
556
555
555
554
554
350
350
354
360
363
366
368
371
373
375
375
375
380
381
383
385
386
387
388
389
391
392
393
394
395
396
398
399
399
399
401
402
402
403
404
404
405
406
406
408
408
408
409
409
410
411
411
411
412
413
413
414
414
414
415
415
415
415
416
417
417
418
418
419
623
623
618
613
610
605
604
602
601
598
595
594
592
591
589
588
587
585
584
583
582
582
580
579
578
577
577
576
574
573
572
571
571
571
568
568
567
566
565
565
564
563
563
562
562
561
560
560
559
559
559
559
558
558
557
557
557
557
556
555
555
555
553
553
344
344
356
358
363
366
366
370
373
376
377
381
381
383
383
384
385
386
388
389
393
396
394
394
394
395
397
397
397
399
400
400
401
403
403
404
405
406
406
406
407
408
408
409
410
410
410
412
412
412
414
414
414
415
415
415
416
417
417
417
418
418
418
419
587
587
578
571
565
560
557
552
550
550
548
547
545
544
543
541
540
540
540
539
538
538
537
535
535
535
534
534
532
533
532
532
532
531
531
531
530
530
530
530
529
529
529
528
528
528
528
527
527
527
527
527
526
526
526
526
526
526
526
525
525
525
525
524
358
358
367
373
384
387
391
391
394
399
402
407
408
409
412
414
418
423
421
422
422
423
425
428
429
429
429
431
432
432
433
434
435
435
435
436
437
438
438
438
438
439
440
440
440
441
441
441
442
442
443
443
444
444
443
443
445
445
445
445
446
446
446
446
613
613
604
597
592
587
583
579
575
572
569
566
562
561
557
556
556
554
551
551
551
548
547
546
544
544
542
541
540
540
538
538
536
536
536
535
534
534
534
530
530
531
531
531
530
530
529
529
529
529
528
528
528
528
527
527
527
527
527
526
526
526
526
526
363
363
369
372
376
382
386
390
393
397
400
400
403
409
411
414
415
417
419
421
422
423
424
427
428
429
430
431
432
433
434
434
435
437
437
438
439
440
440
440
441
441
441
442
443
443
443
443
444
444
445
445
445
445
445
446
446
446
446
451
451
447
447
447
616
616
606
600
594
590
586
581
578
574
571
569
564
563
561
559
557
555
553
552
551
549
549
547
545
544
543
541
540
540
539
537
537
537
536
536
535
535
533
533
532
532
531
530
530
530
529
529
529
529
528
528
528
528
527
527
527
526
526
525
526
526
526
526
356
356
364
372
380
381
387
388
393
398
400
403
406
408
411
413
415
419
421
421
423
424
426
429
430
430
431
431
432
433
435
436
436
437
438
438
439
440
440
441
441
442
442
443
443
443
444
444
444
444
445
445
446
446
446
446
446
446
446
446
446
447
447
447
616
616
607
601
595
590
586
582
578
575
572
569
567
563
561
557
556
555
551
547
551
547
547
545
545
544
542
541
540
539
538
537
537
536
535
535
533
533
533
532
532
531
531
530
530
530
529
528
528
528
527
527
527
527
527
526
526
526
526
526
526
526
525
525
353
353
367
370
375
379
385
389
393
396
399
400
405
406
411
413
415
417
419
421
421
422
423
429
430
430
432
433
434
434
434
436
437
437
438
438
439
440
440
441
442
442
443
443
443
444
444
444
444
445
445
446
446
446
446
446
446
447
447
447
447
447
447
448
617
617
606
601
597
596
589
583
578
575
572
569
566
563
561
559
557
555
555
552
550
549
547
546
544
543
542
541
540
539
538
537
536
535
535
534
533
533
532
532
531
531
530
530
530
529
529
528
528
528
527
527
527
527
527
527
526
526
526
525
525
525
525
525
355
355
364
371
372
381
385
391
392
396
399
406
406
408
411
413
415
417
419
422
425
425
425
428
429
430
431
432
432
434
435
436
437
438
438
438
439
441
441
441
442
442
442
443
444
444
444
444
445
445
445
446
446
446
446
446
447
447
447
447
447
447
448
448
564
569
564
559
551
545
540
537
534
531
529
528
527
526
525
525
524
524
523
523
522
522
522
522
521
521
521
521
520
520
520
520
520
520
520
520
520
519
519
519
519
519
519
519
519
519
519
519
518
518
518
518
518
518
518
518
518
518
518
518
518
517
517
517
373
373
384
392
401
407
413
417
421
424
428
429
434
435
435
438
439
440
441
441
443
443
444
443
447
447
448
448
448
449
449
449
450
450
450
451
451
451
451
452
452
452
452
452
453
453
453
453
453
453
453
454
454
454
454
454
454
452
452
454
454
454
454
454
601
601
590
580
575
572
560
555
549
546
543
540
539
536
533
533
532
532
530
528
528
527
526
525
525
524
524
527
529
527
525
522
522
522
521
521
521
521
520
520
520
520
520
519
519
519
519
519
519
519
519
519
518
518
518
518
518
518
518
518
518
518
518
517
372
372
383
392
404
406
411
416
422
425
427
427
432
434
436
437
438
440
441
442
442
443
444
445
446
446
447
447
448
448
448
450
450
450
450
450
451
451
452
452
452
452
453
453
449
449
453
454
454
454
454
454
454
454
454
454
455
455
455
455
455
455
455
455
603
603
592
582
565
561
561
553
551
546
545
539
538
535
534
532
531
530
529
528
527
527
527
525
524
524
524
524
524
524
524
523
523
523
522
522
521
521
521
521
521
520
520
520
520
520
520
519
519
519
519
519
519
518
518
518
518
517
517
518
518
518
518
518
370
370
382
391
398
404
409
414
414
419
425
428
430
432
432
435
437
438
439
440
441
442
443
444
445
446
446
446
447
447
448
448
449
449
450
450
450
450
450
451
451
451
451
451
451
452
452
452
453
453
453
453
453
454
454
454
454
456
456
454
454
455
455
455
602
602
589
580
573
567
561
556
551
548
545
542
538
537
535
534
532
531
529
529
529
527
525
525
525
523
523
523
522
521
521
521
521
521
520
520
520
519
519
519
518
518
518
518
518
518
518
518
518
518
518
518
517
517
517
517
517
517
517
517
517
517
517
517
370
370
379
391
399
405
405
410
421
423
425
428
431
433
434
436
437
438
439
439
442
442
442
443
444
445
446
447
447
447
448
448
449
449
449
450
450
450
450
451
451
451
451
451
452
452
452
452
452
459
459
459
459
453
453
451
453
453
453
453
454
454
454
454
605
605
593
584
575
568
563
558
553
549
545
542
539
537
535
533
532
531
530
529
528
527
526
526
525
524
523
523
523
523
522
521
521
521
521
521
520
520
520
519
519
519
519
519
519
519
519
518
518
518
518
518
518
518
518
517
517
517
517
517
517
517
517
518
369
369
380
390
397
401
409
414
419
425
425
428
431
432
434
435
437
438
438
439
439
441
442
444
444
444
445
445
446
447
447
447
448
448
449
449
449
449
450
450
450
450
451
451
451
451
451
451
452
455
452
452
452
452
452
453
453
453
453
453
453
453
453
453
559
559
542
534
529
526
524
523
521
520
519
517
517
518
518
518
518
517
517
517
517
517
517
517
517
517
517
517
518
518
517
517
517
517
517
517
517
517
516
516
517
517
517
517
517
517
517
517
517
517
517
517
517
517
517
517
517
517
517
517
517
517
517
517
390
390
405
413
422
424
424
428
433
437
438
438
440
441
442
443
444
445
445
446
447
447
448
448
449
449
449
450
450
450
451
451
451
450
450
450
452
452
452
452
452
452
452
452
452
452
452
452
452
452
452
453
453
452
452
452
452
452
452
452
452
452
452
452
589
589
572
559
550
544
541
536
534
531
528
527
526
526
525
524
523
523
522
520
522
520
520
520
519
519
519
519
518
518
518
518
518
517
518
517
517
517
517
517
517
517
517
517
517
517
517
517
517
518
518
518
518
518
518
518
518
518
518
518
518
518
518
518
387
387
405
412
419
422
425
429
432
433
434
437
438
439
440
441
442
444
445
445
445
446
446
446
446
447
448
449
449
449
449
449
450
450
450
450
451
451
451
451
450
450
451
451
451
451
451
451
451
451
451
451
451
451
451
451
451
451
451
451
451
451
451
451
598
598
575
562
553
548
542
540
540
533
530
530
530
530
528
526
526
525
524
524
524
523
522
522
521
520
520
520
520
520
519
519
519
517
517
518
518
518
518
518
518
518
518
518
518
518
518
518
518
518
518
518
518
518
518
518
516
519
518
519
520
520
520
519
385
385
402
413
415
420
426
429
429
431
433
434
437
437
437
438
440
441
442
443
443
444
445
445
445
446
446
447
447
448
448
448
448
449
449
449
449
449
449
449
449
450
450
450
450
450
450
450
450
453
453
450
450
449
449
450
450
450
450
450
450
450
450
450
595
595
577
563
556
550
546
543
540
538
536
535
533
532
531
530
529
528
527
526
526
525
524
524
523
522
522
522
521
521
521
521
521
521
520
520
520
520
520
520
520
520
520
520
520
520
520
520
520
520
519
520
520
520
520
520
520
520
520
520
520
520
520
520
382
382
401
409
412
421
424
424
425
428
430
432
433
434
435
436
438
439
440
440
441
441
442
443
443
444
445
445
445
445
445
445
445
447
447
447
447
448
448
448
448
448
453
448
448
448
449
449
449
449
447
447
449
449
449
449
449
449
449
449
449
449
450
450
597
597
582
567
558
552
548
545
542
540
538
536
535
533
532
531
529
528
528
527
526
525
525
524
523
523
523
523
522
522
522
522
521
521
521
521
521
521
521
521
520
520
520
521
519
521
521
521
521
521
521
521
521
522
522
521
521
521
522
522
522
522
522
522
381
381
394
403
407
415
419
421
425
426
429
431
432
434
434
436
437
439
439
439
441
442
442
442
442
443
443
443
444
444
444
444
445
445
445
445
446
446
446
446
447
447
447
448
448
448
448
448
448
448
448
448
448
448
449
449
449
449
448
448
448
448
448
448
