102
108
112
114
117
118
122
124
124
127
127
130
131
131
133
135
137
140
140
141
142
142
142
143
145
145
146
147
147
148
149
150
151
152
153
154
154
154
163
164
163
158
157
157
160
161
161
162
162
163
163
163
163
163
166
168
168
168
168
169
171
171
171
172
952
952
927
911
908
893
890
880
873
871
868
859
855
855
853
850
847
844
842
837
834
834
832
829
828
824
823
819
819
814
813
813
812
809
807
805
805
804
802
800
799
798
795
795
794
794
794
794
792
789
788
789
788
787
786
786
785
784
785
784
783
783
783
782
0
0
0
26
49
59
73
74
79
83
89
95
99
104
109
113
116
119
120
126
127
132
135
135
135
142
144
146
149
152
152
152
151
151
155
156
158
158
159
160
161
160
161
163
163
164
165
165
166
166
166
166
167
168
168
168
169
170
170
170
170
171
171
171
967
967
947
929
920
907
903
900
891
884
880
874
868
860
852
848
848
843
839
835
830
827
824
817
817
813
811
810
807
805
804
801
800
799
795
794
794
794
794
788
788
788
788
786
786
785
785
785
783
783
783
782
782
782
782
782
782
780
780
780
779
779
779
778
0
0
0
18
37
47
57
63
63
75
80
88
90
95
99
103
107
112
112
118
122
129
129
129
135
138
138
140
145
146
149
150
153
154
154
157
158
160
161
162
162
162
165
166
165
165
165
169
169
169
169
170
170
171
171
171
171
172
173
173
173
174
174
174
974
974
955
939
927
918
911
907
900
887
885
882
878
874
867
862
857
855
845
844
840
838
832
824
821
818
818
816
813
812
812
807
804
804
800
799
796
795
793
791
782
782
786
786
785
784
783
783
783
783
784
782
782
781
779
779
779
778
779
777
778
777
776
776
0
0
0
9
34
42
51
58
65
71
79
81
86
95
99
99
103
106
111
115
118
122
125
134
135
135
136
139
141
144
146
147
147
151
151
157
157
162
159
159
159
164
164
164
169
169
169
169
170
170
170
170
171
172
172
172
173
174
174
175
175
175
175
175
983
983
960
945
936
919
916
909
903
898
892
885
883
877
868
861
860
854
853
849
847
841
836
834
831
830
822
820
816
814
814
812
809
807
805
803
800
797
797
796
793
791
788
786
786
786
783
781
781
781
781
780
780
779
778
778
778
777
776
776
776
776
776
774
0
0
0
9
25
37
47
53
61
72
74
77
81
83
91
99
100
103
108
111
117
121
122
122
127
130
131
135
136
139
140
143
145
148
152
152
153
156
157
157
159
162
163
164
164
164
165
168
168
170
172
178
178
173
173
173
174
174
174
175
175
175
176
176
988
988
965
950
937
927
919
913
907
902
902
895
885
881
876
871
867
862
856
852
849
841
838
838
833
831
826
823
823
820
817
815
810
799
805
803
804
803
799
797
795
793
791
789
786
785
785
784
784
780
780
780
776
776
776
778
778
777
776
776
776
775
775
775
0
0
0
8
19
33
41
49
57
67
68
75
82
87
82
87
96
100
103
104
111
114
118
121
126
127
132
132
132
135
137
140
145
145
145
150
152
152
153
155
157
157
160
162
163
163
170
173
170
170
168
170
172
176
176
174
174
174
175
176
176
176
177
178
871
871
841
820
798
785
778
774
772
770
769
768
766
765
766
765
765
765
763
763
762
762
760
760
760
761
760
760
760
760
759
758
758
758
758
758
757
757
755
755
755
756
756
756
756
755
755
755
755
755
755
755
755
755
755
754
753
753
754
754
753
753
754
754
22
22
39
56
58
62
68
76
82
86
95
103
112
118
123
131
136
141
151
155
155
160
163
166
169
173
173
173
175
176
178
179
181
181
182
183
184
184
184
185
186
189
192
189
190
190
191
191
192
192
192
192
193
195
195
193
193
196
196
197
197
198
198
198
952
952
919
914
913
905
903
897
893
885
877
868
860
851
844
840
830
824
818
815
808
804
803
798
786
781
781
780
779
778
775
771
770
770
769
769
769
767
767
766
766
764
764
762
762
762
762
760
760
760
760
759
757
757
759
759
759
759
759
758
758
758
758
758
10
10
36
38
44
44
54
59
64
69
75
82
100
100
100
106
111
120
120
125
131
133
138
143
143
147
156
159
163
163
170
173
175
182
183
183
183
186
187
191
191
191
193
194
195
195
195
195
196
197
197
198
198
198
198
198
199
202
202
200
200
200
200
201
954
954
936
930
924
918
913
913
908
897
891
878
876
869
853
852
847
839
833
826
824
814
809
801
798
794
790
788
785
782
779
778
770
770
772
772
771
771
767
767
767
766
766
766
766
766
764
763
762
763
762
762
762
762
762
761
761
760
760
760
760
760
756
756
7
7
24
33
39
44
47
53
58
60
60
65
79
84
91
100
103
109
115
116
123
131
132
136
145
151
154
158
158
162
167
168
175
176
181
184
185
186
186
189
189
191
191
192
191
193
193
195
196
196
197
197
198
198
198
199
199
200
200
200
200
200
201
201
952
952
941
936
926
921
916
912
908
904
892
891
884
876
868
860
854
847
840
832
826
819
814
807
803
799
795
791
788
783
783
784
784
777
777
774
773
771
770
770
768
768
767
767
767
763
763
765
765
764
764
764
763
763
762
762
762
753
753
760
762
760
760
760
12
12
23
38
42
42
47
49
54
58
61
67
74
79
92
94
97
103
108
114
123
125
129
133
138
147
149
149
153
164
164
164
176
177
183
183
183
185
185
186
188
190
192
192
193
193
195
196
196
197
197
197
197
197
198
199
199
199
199
199
199
199
199
199
956
956
942
928
927
923
918
913
905
904
899
892
887
872
865
865
857
849
843
833
832
823
817
809
807
805
799
793
790
788
785
782
782
782
777
776
774
774
772
771
771
769
768
768
768
764
766
766
766
766
765
766
764
764
763
763
763
763
762
762
762
762
761
761
17
17
27
27
36
43
47
47
55
56
59
64
68
72
81
86
93
100
102
112
116
120
125
133
135
139
144
148
157
158
163
166
170
177
179
181
182
183
183
183
183
189
189
191
192
194
194
195
195
195
196
196
197
199
204
206
204
200
199
200
200
200
200
200
915
915
895
870
839
815
796
786
778
772
770
767
765
762
762
762
762
760
759
759
759
755
758
757
757
757
757
758
758
758
756
755
755
755
755
755
755
755
754
754
754
754
754
753
754
753
753
753
753
753
753
753
753
752
752
752
753
753
753
753
753
753
752
753
40
40
41
44
48
51
56
64
70
89
91
91
99
100
114
123
132
141
150
159
166
172
178
180
185
188
188
192
193
194
195
197
197
198
199
200
201
201
201
202
202
202
201
203
204
204
204
204
204
204
205
205
205
205
205
205
205
206
206
206
207
205
207
207
936
936
929
928
925
919
915
912
904
895
883
872
862
850
833
827
820
807
802
793
787
784
780
777
775
773
771
770
770
769
768
766
766
765
764
763
763
762
762
762
762
758
760
760
760
759
759
759
759
759
758
758
757
754
757
757
758
757
757
755
755
752
757
755
32
32
37
39
42
44
51
52
60
61
66
83
92
92
103
112
123
130
147
147
155
162
167
173
173
178
185
185
190
191
191
192
194
194
196
197
197
198
198
199
200
200
200
201
201
202
201
202
202
202
203
204
204
204
204
204
204
205
205
205
205
205
206
206
936
936
932
928
925
919
917
914
909
902
896
883
873
862
849
838
833
815
808
796
793
788
784
784
781
780
777
776
776
773
772
771
770
769
770
769
767
767
766
765
765
762
762
763
763
763
762
761
759
761
761
761
761
762
762
760
759
759
759
759
760
759
759
759
29
29
34
35
36
42
42
47
47
52
59
70
78
92
96
104
113
124
131
140
154
155
161
169
171
176
178
180
184
186
188
188
190
191
191
193
194
194
195
197
197
197
198
198
199
199
200
200
201
201
201
202
202
202
202
203
203
208
208
203
203
204
204
204
939
944
939
929
927
923
920
918
911
908
904
892
883
873
861
848
825
825
810
805
803
800
793
789
784
782
782
779
779
779
776
775
774
773
772
771
771
769
769
769
767
767
767
767
766
765
765
765
764
764
764
763
763
763
763
763
763
762
762
762
761
761
761
761
26
26
31
32
37
39
39
45
49
54
59
65
75
84
91
104
113
117
125
134
142
149
155
160
165
168
171
178
180
182
187
187
187
188
189
191
191
192
195
195
195
195
195
196
203
198
199
199
199
200
200
200
200
201
199
188
188
193
200
200
202
203
203
203
941
941
935
933
926
926
926
924
919
914
911
907
889
880
868
855
855
832
823
815
809
803
798
793
790
790
785
783
783
780
779
777
777
776
766
766
772
772
772
772
771
770
768
770
768
767
767
766
766
766
766
766
766
765
765
764
764
764
758
758
763
763
763
763
25
24
25
29
31
37
41
44
47
55
61
65
73
81
88
95
104
111
122
127
138
146
151
156
159
165
169
176
176
178
180
182
183
185
185
187
188
190
190
191
193
193
194
195
196
196
196
197
200
198
198
198
198
200
200
200
200
200
201
201
200
200
202
202
911
911
902
860
817
798
784
780
776
770
769
767
757
765
765
765
764
763
764
764
765
766
766
765
764
765
766
766
764
764
763
763
763
764
764
764
764
764
763
763
760
763
763
763
763
763
762
762
762
762
763
762
762
762
762
762
762
762
762
762
762
763
763
762
19
19
26
27
35
38
43
56
73
91
103
115
122
133
136
144
137
138
137
138
137
139
141
141
143
143
146
153
155
163
163
172
184
187
189
189
193
193
196
194
195
195
195
195
195
198
198
198
197
199
197
197
195
195
197
197
197
195
195
195
198
199
199
199
946
946
944
942
939
936
934
930
927
914
889
863
841
831
830
829
827
827
827
821
819
817
813
808
803
798
793
783
782
779
778
774
771
771
770
769
768
767
767
767
767
767
767
767
767
767
766
766
767
767
767
767
767
767
766
766
765
765
765
765
765
765
765
765
19
19
22
23
30
32
32
32
37
63
63
84
92
109
121
134
135
136
144
144
141
141
144
150
156
161
168
171
177
179
184
187
189
191
192
193
193
194
194
195
196
195
195
195
196
197
197
197
196
196
197
198
197
198
198
198
198
199
199
198
198
198
199
199
948
948
946
944
944
941
937
937
935
921
918
904
877
859
843
835
833
832
830
829
827
826
822
818
812
802
797
794
787
783
781
779
776
776
776
776
774
772
772
771
771
771
770
770
770
770
770
769
769
769
770
768
768
768
767
767
767
768
768
768
767
767
767
768
17
17
19
22
23
26
30
38
45
60
73
83
95
105
116
123
128
130
130
130
133
136
137
141
147
153
159
164
169
175
175
177
189
189
189
189
190
190
190
192
192
192
192
192
193
194
195
198
196
196
196
196
196
196
196
195
195
195
197
197
197
198
198
198
951
951
948
947
945
944
941
938
936
922
900
882
868
854
840
838
836
835
834
832
829
829
828
825
822
815
809
802
792
790
788
782
780
780
778
777
776
775
775
775
776
776
772
771
771
771
771
771
770
770
770
770
770
770
769
769
769
769
768
768
768
768
768
768
16
16
18
23
25
25
26
41
51
68
76
85
97
108
125
125
125
130
130
130
130
135
135
140
146
151
159
164
169
171
175
177
181
185
185
185
190
196
196
189
189
191
191
191
192
193
193
191
191
194
194
194
194
195
195
195
195
198
198
196
196
196
197
197
957
957
951
948
947
943
935
931
924
906
891
871
865
853
842
839
838
837
834
834
831
832
830
829
826
824
818
813
807
798
792
786
784
784
780
779
780
777
777
777
777
775
773
773
773
772
772
771
771
769
770
770
770
770
770
770
769
770
770
770
770
768
768
765
15
15
17
20
24
28
32
45
55
64
78
93
99
114
117
124
127
129
129
129
132
132
132
138
143
148
153
159
163
167
167
176
179
182
185
185
185
186
188
188
190
190
191
191
192
192
192
193
193
194
194
194
194
195
195
195
195
203
203
197
196
196
195
195
