480
480
480
480
479
481
480
480
479
479
479
479
480
479
480
479
479
479
479
481
481
480
480
480
480
480
480
481
481
481
481
479
481
480
480
480
480
480
480
480
480
480
480
482
480
480
480
480
480
480
480
479
479
479
479
480
479
479
479
479
480
480
480
480
506
506
504
503
502
502
501
502
502
502
502
501
501
501
501
501
502
502
502
500
501
501
502
502
502
502
502
502
502
501
501
501
502
502
502
502
502
502
505
508
522
538
549
555
557
560
560
559
558
559
560
560
561
561
561
564
564
565
567
567
568
568
568
568
279
276
279
320
334
343
357
357
357
371
372
372
374
375
379
380
382
382
382
384
384
384
384
386
386
387
387
388
390
390
390
391
391
392
392
390
390
390
390
390
390
390
390
390
392
391
392
392
392
393
392
393
394
399
399
395
394
394
394
395
395
395
396
396
767
767
758
742
723
703
690
677
667
659
651
643
639
630
624
624
624
617
615
613
610
608
608
608
606
605
604
604
602
602
602
602
600
599
599
599
597
596
596
596
596
596
595
595
595
595
592
593
593
593
593
593
592
592
591
591
591
591
591
591
591
588
588
588
225
225
241
259
275
292
294
298
307
307
312
317
333
337
337
343
348
352
357
364
366
377
382
385
391
393
395
398
400
401
402
404
404
405
406
408
409
411
412
412
412
413
415
415
415
417
424
424
418
418
421
421
421
421
423
423
423
423
423
424
425
425
425
426
698
698
684
672
664
660
645
640
639
624
617
613
609
609
606
602
598
595
592
586
585
585
585
583
583
581
581
580
568
568
582
582
582
583
583
584
585
587
587
587
588
588
589
590
590
589
589
589
591
595
595
592
592
592
590
590
590
590
589
589
590
591
592
594
219
219
237
251
252
270
283
293
293
293
302
305
314
317
317
321
327
330
330
336
337
347
350
350
353
357
363
367
377
379
379
380
381
383
384
386
386
385
385
385
382
385
380
388
388
388
389
389
390
390
390
390
390
390
389
389
389
391
391
391
386
391
392
392
783
783
770
755
744
735
726
716
711
704
697
693
688
684
681
677
667
667
667
662
656
652
650
642
634
629
621
620
610
606
602
601
599
597
596
596
594
593
592
590
588
586
586
585
584
583
581
580
579
577
575
575
576
576
570
568
566
565
564
561
560
560
558
556
319
319
334
348
358
369
379
389
398
408
417
423
432
440
444
452
458
464
465
464
462
461
460
459
459
462
463
464
464
464
466
466
466
466
468
470
470
470
470
471
471
472
472
472
472
473
473
474
474
474
474
474
474
475
475
475
474
474
476
476
476
476
476
476
564
564
564
554
548
545
543
537
536
536
532
531
531
529
528
527
526
526
526
526
524
524
524
524
524
523
523
522
522
522
521
521
522
525
525
521
520
520
519
519
519
520
520
519
519
519
519
519
519
519
518
518
518
519
519
519
519
519
520
520
520
518
518
518
414
414
428
430
430
434
437
440
442
448
448
448
451
454
454
454
457
458
459
460
462
466
465
465
464
464
467
467
467
469
469
469
469
470
470
471
470
473
473
473
474
474
475
475
475
475
476
476
477
476
476
476
477
477
477
477
478
478
478
479
479
479
478
479
531
531
526
522
522
519
519
518
518
518
518
518
518
518
519
517
517
517
516
517
516
516
515
516
510
520
515
515
515
515
515
515
515
515
515
515
514
514
513
515
513
514
513
513
513
514
515
515
514
513
514
513
514
512
513
513
513
513
513
513
513
514
513
513
422
422
437
439
445
450
454
458
460
463
464
467
470
469
470
472
473
474
476
476
477
478
477
479
479
480
480
481
480
474
474
482
484
484
483
483
482
483
482
483
483
483
483
484
484
483
483
483
484
483
483
483
484
484
484
484
484
484
483
484
483
484
483
484
569
569
560
552
547
540
539
539
535
531
530
527
527
524
523
523
523
522
522
519
519
518
517
517
517
516
516
516
516
516
514
514
514
516
516
513
513
513
513
513
513
513
513
513
511
513
513
513
513
512
512
512
512
512
512
511
512
512
513
513
513
513
512
512
414
414
424
431
438
438
447
450
454
455
459
461
462
464
468
468
470
470
470
472
473
473
473
474
475
476
476
478
476
478
478
479
479
479
479
479
481
479
481
480
481
481
482
482
485
482
482
482
481
482
482
482
487
487
483
483
484
484
484
483
483
483
482
483
573
573
559
553
553
549
548
540
537
533
531
531
528
525
524
523
522
521
521
519
518
517
517
517
517
516
516
515
515
515
515
515
513
514
513
514
513
513
513
513
513
513
513
513
513
513
513
512
511
512
511
518
511
510
510
511
511
511
511
510
511
511
511
511
406
406
417
426
430
437
441
441
450
452
455
458
460
460
463
463
464
466
467
467
469
471
471
472
473
473
473
476
476
476
476
476
477
477
479
479
480
479
480
479
480
484
484
482
482
482
482
482
481
483
482
483
482
481
481
480
483
483
484
483
484
483
484
482
576
576
568
561
554
548
544
541
539
538
536
532
529
525
525
525
523
523
522
520
519
519
518
517
517
516
517
516
517
515
515
515
513
514
513
514
512
512
512
512
512
513
512
512
512
512
513
512
513
512
512
512
512
512
512
512
512
513
511
511
511
511
511
515
405
405
414
423
427
433
433
442
442
447
449
452
456
456
456
459
460
462
464
464
467
467
469
469
467
467
453
470
467
471
472
475
475
475
477
477
478
479
479
479
480
479
479
479
479
479
477
477
480
481
481
480
480
481
481
482
482
482
482
482
482
482
483
482
577
577
575
563
559
553
550
544
542
540
536
535
530
519
526
525
525
524
522
521
520
520
520
518
517
517
517
517
517
515
515
515
514
514
514
515
515
514
514
514
513
510
510
512
512
512
512
511
512
511
511
511
511
512
512
512
511
511
510
510
510
512
510
510
400
400
418
425
429
434
434
437
444
444
446
450
451
454
455
459
459
460
462
462
464
465
467
467
467
468
469
470
471
471
473
473
474
474
475
475
476
476
476
476
476
478
477
477
477
479
481
480
480
480
480
480
481
480
481
480
480
480
481
481
481
483
481
482
547
547
536
529
523
520
520
517
516
514
513
513
512
512
511
510
510
511
511
510
509
509
509
509
509
509
509
510
510
510
509
505
504
504
509
510
510
510
509
510
510
510
510
510
509
509
510
510
510
510
510
511
511
511
511
511
512
512
511
511
512
513
513
512
411
411
426
434
443
448
451
453
455
457
459
459
459
460
464
465
466
466
466
469
470
470
472
472
473
473
473
474
473
474
477
477
477
477
479
479
478
478
481
481
481
481
481
482
482
481
481
482
483
482
483
482
483
483
484
484
484
483
483
483
483
483
484
484
581
581
579
571
565
556
554
546
543
543
543
532
530
527
527
526
521
521
521
508
518
517
518
517
514
514
515
515
515
515
513
513
513
513
512
512
512
512
512
512
511
511
512
512
510
509
510
511
511
510
510
510
511
507
511
511
512
512
512
512
512
512
512
512
399
399
410
418
424
424
429
437
439
444
444
447
450
453
453
458
458
458
460
463
463
463
464
464
467
468
469
469
470
471
472
472
477
477
476
476
476
477
477
478
478
478
479
480
481
481
481
482
482
482
482
482
482
482
482
481
481
481
483
483
482
482
483
483
590
590
588
580
573
566
559
559
556
546
543
543
540
537
535
535
534
528
527
526
522
522
522
521
520
519
519
518
518
517
516
516
516
516
516
515
514
515
513
513
513
513
513
512
511
511
512
512
512
512
512
512
513
513
512
512
512
512
512
512
512
513
513
513
394
394
398
412
418
425
429
431
435
438
438
440
443
444
447
447
450
451
455
455
455
458
458
459
461
461
461
461
464
464
467
467
468
469
470
471
471
473
473
475
475
475
476
476
478
478
482
479
479
479
479
478
478
478
481
481
480
480
481
481
481
481
481
481
592
592
588
583
579
574
569
563
560
560
554
554
550
545
542
539
534
533
533
531
530
529
525
524
524
524
521
521
520
519
519
518
518
517
517
516
516
516
516
515
515
514
514
514
514
513
517
513
513
512
512
512
512
513
512
513
513
513
513
513
513
513
513
514
388
388
397
406
409
417
421
421
425
433
434
437
439
440
441
447
447
447
448
450
452
452
453
455
457
457
458
452
461
461
462
463
464
464
451
451
467
469
470
470
471
472
472
474
476
476
476
475
476
478
478
478
478
478
479
481
481
481
480
480
479
480
480
480
596
605
596
599
585
577
577
571
565
561
558
554
551
548
548
545
543
543
540
536
533
530
530
528
526
526
524
524
522
521
519
519
519
518
518
517
517
517
517
515
515
514
514
514
515
516
516
514
514
513
513
513
513
513
513
513
513
513
512
512
512
512
513
513
383
383
393
400
407
414
419
419
426
429
432
433
436
438
441
443
444
444
445
448
450
452
453
453
454
455
455
457
457
460
460
461
461
463
463
464
465
465
465
467
468
469
469
471
473
473
474
474
474
475
475
475
475
477
477
477
477
477
478
478
478
478
479
479
571
571
556
547
541
532
526
521
519
516
516
515
513
512
512
512
514
514
514
515
515
519
520
520
521
521
521
522
522
522
520
520
522
525
525
525
521
521
520
521
521
521
519
519
520
520
519
519
519
519
520
520
518
518
517
517
518
518
518
517
516
516
516
516
393
393
416
425
432
437
439
444
445
449
452
454
456
456
459
459
459
464
465
466
465
467
469
471
471
471
471
472
473
473
473
474
475
475
476
477
477
477
479
479
478
478
478
479
479
479
480
479
479
479
480
481
481
481
481
481
482
482
483
483
483
483
483
484
571
571
569
565
555
551
551
551
547
551
537
537
530
530
529
526
526
524
522
520
520
520
517
516
515
515
515
515
514
514
514
515
515
515
516
516
514
514
515
515
515
515
514
515
516
516
516
514
514
514
515
516
516
516
515
515
515
516
516
515
515
515
515
515
399
399
413
423
433
435
439
444
444
446
451
454
454
456
457
459
460
462
462
462
465
466
467
467
467
468
469
470
470
470
469
471
471
472
472
473
472
473
471
473
474
474
474
475
476
476
476
475
476
476
477
477
477
476
477
477
478
478
478
478
478
482
482
479
565
565
565
559
555
553
549
546
546
543
540
540
536
536
535
535
534
528
526
526
520
520
521
522
521
520
520
520
519
518
518
518
518
517
516
516
516
516
521
516
516
516
512
516
515
515
515
515
516
516
516
515
512
515
516
516
516
516
515
515
516
516
516
516
405
405
417
425
432
435
439
443
447
450
451
451
452
457
461
462
461
462
464
464
465
466
466
466
468
469
470
471
471
469
469
471
472
472
472
473
474
477
477
477
474
474
475
476
476
474
474
476
477
478
478
478
478
478
479
479
479
479
479
480
480
480
480
480
542
542
540
539
539
537
537
536
534
532
531
528
528
528
528
523
523
523
521
521
519
518
518
515
518
516
516
514
506
506
514
514
512
511
510
510
510
508
508
507
508
507
507
507
507
506
506
506
506
505
504
502
504
504
504
503
503
500
499
485
485
485
483
483
501
501
499
499
499
499
499
499
500
499
500
500
504
502
502
500
500
500
500
500
500
500
499
500
500
500
499
498
498
498
500
500
500
499
499
499
500
499
499
499
499
499
505
505
500
499
499
498
500
499
499
499
499
499
500
500
500
499
499
499
500
500
500
499
484
484
484
484
484
484
484
485
485
484
484
484
484
484
484
484
485
485
485
485
485
483
483
484
484
484
484
484
484
483
484
484
484
484
484
484
484
484
483
484
484
484
484
484
484
484
484
485
485
484
484
484
484
484
484
484
484
484
484
485
484
484
484
484
500
500
500
500
500
500
499
499
499
500
500
500
500
499
499
499
500
500
500
500
499
499
499
499
499
499
319
319
325
332
337
345
361
356
361
373
373
383
384
384
386
384
384
384
384
384
384
384
382
382
381
381
380
381
381
381
379
379
379
378
378
378
378
383
