478
480
480
480
480
480
480
481
481
480
480
480
480
480
480
480
480
480
480
480
480
480
480
480
480
480
481
480
481
480
480
480
480
480
480
480
480
480
481
481
480
480
480
480
480
480
480
480
480
480
480
480
480
480
480
480
480
480
480
480
480
480
480
480
629
629
625
623
621
621
620
620
620
620
621
621
621
622
622
622
622
623
623
624
624
624
624
624
624
624
624
624
625
625
625
625
625
625
624
625
625
625
625
624
625
625
625
625
624
624
624
624
624
624
623
623
623
623
623
623
622
622
622
624
624
622
621
621
172
172
184
195
203
213
221
229
247
248
256
268
269
273
277
284
284
287
289
291
293
293
296
292
296
300
302
305
307
307
308
308
311
311
315
316
319
320
320
321
323
324
326
327
328
328
330
332
333
334
335
336
336
337
339
341
341
342
343
344
345
345
347
347
785
785
785
786
786
785
772
761
750
750
747
747
738
731
728
724
724
718
716
714
709
707
703
702
699
697
695
692
689
686
683
683
677
673
670
666
662
659
655
647
644
644
642
641
641
643
643
638
637
636
636
635
635
634
634
633
633
633
631
631
632
632
632
631
152
152
164
175
186
192
203
210
216
223
229
234
239
242
247
250
258
259
261
261
265
265
268
270
272
274
276
280
281
281
284
286
288
291
293
296
296
299
305
309
318
320
320
324
327
337
339
343
343
343
345
346
347
348
348
349
351
349
351
351
352
352
352
353
785
785
785
785
785
785
785
779
775
768
763
757
752
751
743
739
732
730
730
723
723
720
718
718
715
711
708
707
706
704
703
698
696
696
694
691
688
687
683
683
677
676
667
666
661
651
645
645
642
639
638
635
635
634
634
632
632
632
632
633
632
632
631
631
147
147
149
159
180
189
196
203
214
214
221
225
233
235
238
241
243
247
251
253
256
259
261
263
267
269
269
270
274
275
279
279
281
283
285
286
289
292
294
297
299
303
309
309
309
313
318
324
329
335
340
344
347
349
350
351
351
353
353
354
354
354
355
355
782
785
785
786
786
786
786
786
781
780
769
765
755
749
749
746
743
743
738
733
730
725
708
720
720
720
716
714
714
713
713
708
706
704
703
700
700
697
693
689
686
686
683
682
675
671
668
667
659
652
647
643
639
637
636
634
633
633
633
631
631
631
630
630
137
137
155
166
176
184
192
198
209
211
215
220
224
228
234
236
240
243
244
248
251
256
256
259
261
263
265
267
271
273
273
276
279
279
283
283
285
287
292
292
294
294
297
302
306
310
311
317
320
322
329
338
345
345
345
350
353
354
354
355
354
355
356
361
785
785
785
785
786
786
786
786
786
779
774
769
766
765
764
756
748
743
740
737
737
734
729
727
726
722
720
718
715
715
713
711
708
705
705
703
704
703
695
686
692
685
687
685
684
681
679
677
668
664
658
652
646
642
637
619
629
629
631
631
631
631
632
632
143
143
154
159
173
182
189
201
208
212
212
219
221
225
229
232
236
236
239
244
248
249
253
255
256
255
259
245
263
268
270
272
275
278
278
280
284
285
286
292
293
293
293
298
301
307
311
311
319
321
323
325
333
339
344
348
350
352
352
354
356
356
356
356
753
753
729
716
700
679
641
628
628
626
625
624
624
623
621
621
621
620
620
620
617
619
619
619
619
619
618
618
618
618
618
618
618
617
617
617
608
608
617
617
617
617
617
617
617
616
617
617
617
616
616
616
616
616
616
616
616
616
616
616
616
616
618
616
172
166
172
212
231
244
258
264
270
283
289
289
295
305
311
317
326
341
350
352
352
354
356
357
359
359
360
361
362
362
363
363
363
363
364
364
364
365
365
366
366
366
366
366
366
366
367
367
367
367
367
368
368
367
367
368
368
368
368
368
368
368
367
367
785
785
785
769
742
741
734
734
730
722
718
715
715
710
708
704
700
691
689
687
678
674
668
665
657
648
639
634
630
628
626
626
624
623
622
622
622
621
621
621
621
621
621
621
621
621
620
620
620
619
619
619
619
619
619
619
619
619
618
621
618
619
618
618
167
167
190
207
224
237
248
254
260
265
272
273
277
281
287
292
292
297
306
312
321
321
327
333
340
346
350
353
356
357
358
359
359
360
362
362
362
363
363
363
363
363
364
364
364
364
364
365
364
365
365
365
366
366
366
366
366
366
366
366
366
366
367
366
786
786
786
776
761
753
740
736
732
726
726
723
718
716
715
713
706
704
700
695
685
683
679
674
670
664
659
652
644
637
635
634
631
628
626
625
625
625
627
627
623
623
623
622
622
622
622
621
621
621
621
621
621
621
621
621
620
620
620
620
620
620
620
620
169
169
187
207
223
235
245
252
262
265
265
270
276
277
288
291
291
297
301
306
313
321
327
327
331
339
340
343
350
352
355
356
358
358
359
360
360
361
361
361
362
362
363
363
363
365
365
364
363
364
364
364
364
365
365
365
365
365
365
365
365
366
366
366
785
785
785
778
764
751
743
738
732
728
725
722
719
719
714
712
709
706
702
701
693
687
681
676
672
666
660
653
648
642
636
636
632
631
630
628
627
626
627
626
630
625
629
624
627
623
623
623
623
622
622
622
622
622
622
622
622
622
621
621
621
621
621
620
169
161
169
206
222
235
243
251
256
261
261
265
272
276
280
289
294
294
300
301
303
319
325
325
331
337
342
346
346
349
353
355
356
356
358
358
355
355
360
360
361
362
362
362
362
362
363
363
363
364
363
364
364
364
364
367
367
365
365
365
365
365
365
365
785
786
786
779
764
752
739
733
733
729
726
723
720
719
715
712
709
704
699
699
693
685
681
676
671
665
660
653
646
641
638
634
633
631
631
630
631
628
634
627
626
625
625
625
625
625
623
623
623
623
623
623
623
623
622
622
622
622
622
622
621
621
621
621
166
166
188
206
221
234
241
243
256
259
263
267
271
275
280
280
285
299
302
303
309
315
320
326
332
336
342
346
346
348
352
355
356
356
357
357
358
358
360
360
361
361
361
361
362
362
362
358
358
363
363
362
362
364
364
364
364
365
365
365
364
365
365
365
727
727
723
696
682
675
653
635
629
627
626
626
623
623
623
621
621
621
621
621
621
621
620
620
620
620
620
620
619
619
619
619
619
619
619
619
619
621
619
620
620
620
619
619
619
621
621
620
618
618
619
619
619
619
619
618
618
618
619
619
618
618
618
619
197
197
219
241
251
251
259
276
290
293
303
311
322
332
340
347
351
354
354
356
358
358
358
359
359
359
360
361
361
362
362
363
363
363
376
376
364
364
364
364
364
364
365
365
365
365
365
365
365
365
365
364
364
365
365
365
366
366
366
366
366
365
365
365
780
780
761
748
733
727
723
708
708
700
689
681
673
665
655
644
638
635
633
632
630
630
629
629
628
628
628
628
626
626
626
626
624
625
625
625
625
625
624
624
624
624
624
623
623
623
623
623
622
622
624
624
622
622
622
622
622
621
621
621
622
622
622
625
194
194
220
238
251
260
263
272
280
287
296
306
318
324
333
342
346
349
351
352
354
355
355
356
357
358
358
358
359
362
362
362
368
368
360
360
360
362
362
362
362
362
362
362
362
363
363
363
363
363
363
363
363
364
364
364
364
364
364
364
364
364
365
365
784
784
767
740
737
724
706
713
709
709
700
690
681
673
665
654
644
640
637
635
633
633
632
630
630
630
635
628
628
628
628
628
627
627
627
627
626
626
626
625
625
625
625
625
625
625
624
624
624
624
623
622
622
623
623
623
623
624
624
624
623
623
622
622
196
196
215
232
246
253
264
271
278
285
293
303
313
321
331
338
344
348
349
351
352
353
354
354
355
355
355
356
357
358
358
351
351
359
359
359
359
359
361
361
360
360
360
360
361
361
361
362
362
362
362
362
363
362
363
363
363
363
363
363
363
363
363
364
785
785
766
746
743
732
726
715
712
709
702
693
687
674
665
655
646
639
637
637
635
634
632
626
626
630
630
630
630
629
629
628
628
628
628
628
628
627
627
627
626
626
626
626
626
625
624
625
629
629
624
624
615
623
620
623
623
623
624
623
622
622
622
622
187
187
209
223
240
256
261
268
275
282
288
293
310
320
335
336
345
345
347
349
351
352
353
355
355
355
355
355
354
354
357
357
357
358
358
358
358
358
359
359
359
359
359
357
360
361
361
361
364
356
362
362
362
362
362
354
354
363
363
363
363
363
363
363
785
785
773
759
744
735
729
721
716
710
703
695
686
677
670
666
643
640
640
637
636
636
634
633
632
633
631
630
630
630
629
629
628
628
628
628
628
628
627
627
627
626
627
626
626
625
624
624
626
626
625
624
624
624
624
624
624
624
624
624
624
624
623
623
184
184
208
214
235
248
258
259
273
285
296
300
310
319
329
338
340
347
347
348
350
351
352
353
353
353
353
354
349
356
356
357
357
357
357
357
358
357
358
358
359
359
359
359
360
360
360
360
360
360
361
362
362
361
361
361
361
361
362
362
363
363
363
363
722
722
710
656
638
634
633
630
630
630
627
626
624
624
623
624
622
628
622
630
628
628
621
621
621
620
620
620
621
621
621
621
620
621
620
621
621
621
621
621
622
622
621
621
622
622
622
623
623
623
622
622
622
622
622
622
622
623
623
623
622
622
622
622
210
210
228
246
262
269
270
277
298
314
331
340
347
349
349
350
351
352
354
355
355
355
359
359
357
357
357
357
357
357
359
359
359
359
359
360
360
360
359
359
360
360
346
346
360
360
361
361
361
360
360
362
364
362
360
360
360
360
360
360
360
359
359
361
776
776
758
730
722
722
714
702
702
671
655
646
641
638
636
624
624
630
633
631
631
631
630
629
629
629
628
628
628
628
628
628
628
628
628
628
627
626
625
625
626
626
626
626
626
625
625
625
616
626
625
626
626
626
626
626
626
626
626
628
630
628
626
626
206
206
219
230
252
254
279
286
287
300
312
329
345
346
347
347
349
350
350
351
351
352
352
352
352
353
354
354
354
354
355
357
358
358
356
356
356
357
357
357
357
357
358
358
358
360
362
362
358
355
353
353
358
358
358
359
359
359
359
359
358
358
358
359
773
773
771
755
741
735
726
720
709
698
682
674
652
645
641
640
638
637
634
634
633
632
632
632
630
630
630
630
630
629
629
629
629
615
615
627
627
627
627
626
611
611
626
626
626
626
626
626
626
627
627
627
627
626
626
626
627
627
627
627
628
628
627
627
199
199
212
248
249
254
260
271
279
286
298
308
323
335
343
345
345
346
347
349
349
349
350
350
349
349
352
352
352
353
353
353
354
354
354
354
354
355
355
355
356
356
357
357
356
356
356
357
357
357
357
357
358
358
358
358
358
358
358
358
359
359
359
361
786
786
778
770
750
739
734
724
724
698
683
667
667
661
653
643
641
639
638
635
635
635
635
634
634
633
632
632
632
631
630
631
630
630
629
629
629
632
632
628
627
625
627
627
627
627
627
627
627
627
627
627
627
627
627
627
627
627
627
627
627
627
627
627
199
199
210
223
242
249
263
273
273
280
291
300
311
325
336
343
344
343
344
346
346
346
348
349
349
349
350
350
351
351
352
352
352
353
353
353
353
354
355
355
355
355
355
355
361
360
360
357
357
357
357
357
357
357
358
358
358
358
358
358
358
358
359
359
786
786
780
775
760
750
737
730
724
719
707
695
668
663
652
647
643
642
640
640
639
640
636
635
635
635
634
633
632
632
631
631
631
631
631
630
630
630
629
627
627
628
628
640
628
628
627
627
627
628
628
627
627
627
627
626
627
626
627
626
627
640
640
627
198
196
198
222
231
243
251
257
266
275
282
296
303
314
332
337
342
343
343
344
345
346
347
347
348
349
349
349
349
350
351
351
351
352
352
352
353
353
353
354
354
354
355
355
355
355
355
355
354
354
356
356
356
358
358
357
356
357
357
357
357
357
358
358
