147
163
179
189
191
202
206
209
214
216
217
217
219
219
219
220
215
220
215
220
220
220
220
220
215
215
217
218
217
217
217
217
218
218
218
217
217
217
218
217
217
217
217
217
217
217
217
217
217
217
217
217
216
217
217
217
217
216
216
217
217
217
218
218
961
961
934
906
903
891
883
873
863
858
850
846
839
836
828
823
819
815
811
800
800
799
799
797
796
795
790
789
789
788
788
788
786
784
784
784
784
784
783
783
780
782
780
782
780
780
779
779
778
777
777
777
777
776
775
774
770
773
773
773
772
772
772
771
19
19
44
61
74
84
93
99
106
116
124
125
131
131
135
139
147
151
162
164
163
166
175
178
179
181
184
186
187
189
190
193
194
193
194
196
197
197
198
200
200
200
201
202
202
200
200
202
202
202
205
206
206
206
207
207
207
207
207
208
208
209
209
209
970
970
948
928
924
905
898
892
887
879
875
870
870
866
863
860
854
851
848
844
840
838
834
834
827
824
823
817
814
811
808
807
802
799
796
795
795
793
791
789
787
786
784
783
781
780
780
780
777
772
777
774
774
773
768
768
768
770
770
770
769
769
764
764
17
17
37
54
63
75
86
87
93
96
99
103
111
118
122
123
127
131
136
140
144
148
152
153
156
161
165
168
173
173
173
179
179
179
181
183
184
186
188
191
191
193
193
194
195
196
197
200
199
209
200
210
202
217
202
203
203
203
204
205
205
205
206
207
967
967
947
932
920
908
905
898
889
885
885
878
878
875
871
862
861
861
858
855
850
845
845
845
839
836
833
829
827
824
822
820
813
811
807
803
801
798
796
790
790
790
786
786
783
780
779
777
776
775
773
772
772
771
771
768
767
767
765
765
765
763
763
763
10
10
34
50
60
70
76
82
88
91
97
100
104
108
109
120
123
123
125
130
134
138
146
149
149
152
153
156
161
163
165
172
174
175
175
176
179
181
181
182
185
186
186
187
188
189
189
191
193
193
193
195
196
196
197
199
199
199
200
201
200
201
204
204
976
976
948
922
913
913
908
901
895
891
887
885
882
879
875
871
868
862
860
858
857
857
855
848
845
842
839
834
833
830
827
820
818
817
814
807
804
798
797
791
791
789
789
787
784
782
780
778
776
775
773
771
770
770
767
767
767
765
763
763
763
760
759
760
5
5
31
45
57
66
71
79
87
87
90
93
93
93
111
111
114
115
121
123
132
137
140
144
145
149
149
152
155
157
159
162
166
167
167
171
172
174
176
179
179
180
181
183
185
185
186
188
188
191
191
191
192
193
195
196
195
196
198
206
200
201
200
201
971
971
947
939
924
915
909
905
895
893
890
885
883
881
877
874
871
868
865
865
863
859
856
855
852
846
845
840
838
835
832
832
825
821
819
815
812
808
805
805
798
795
792
790
786
786
783
779
777
775
774
771
770
770
768
767
765
764
763
762
761
761
760
760
6
6
45
45
45
62
70
76
80
85
88
89
95
99
103
106
110
113
117
119
123
125
131
134
137
141
144
151
153
154
155
158
162
164
164
167
170
176
174
176
176
176
177
178
180
181
184
185
185
185
187
188
190
191
192
193
193
198
198
197
197
197
198
199
869
869
854
825
805
780
767
754
751
751
748
748
748
747
746
745
745
743
742
742
742
741
741
739
730
728
728
735
735
734
734
733
733
732
732
729
729
728
727
726
725
725
725
724
724
723
722
722
721
721
721
722
720
710
710
710
719
719
719
719
718
718
719
719
38
38
52
63
71
75
84
90
94
95
104
111
115
121
125
134
140
143
155
166
166
172
177
180
181
186
186
189
192
195
196
196
197
198
202
204
204
204
206
208
209
210
211
214
214
215
216
216
217
220
220
220
222
222
223
223
223
225
226
226
227
227
228
229
945
945
926
924
914
908
895
893
890
888
877
871
861
855
845
836
827
818
805
802
796
789
781
776
771
771
761
757
754
752
747
746
745
744
743
740
740
737
737
736
735
734
732
732
732
732
731
731
731
730
729
728
727
728
728
728
727
727
727
726
726
726
725
725
30
30
43
50
55
66
76
77
89
90
96
104
111
120
128
135
142
148
164
164
170
160
170
173
176
181
184
188
196
197
202
202
206
207
208
209
214
215
219
220
220
220
220
222
223
223
224
225
225
225
226
226
227
228
228
229
229
230
231
231
231
231
231
232
947
947
936
925
916
912
907
904
897
895
893
882
877
872
864
861
851
843
834
824
817
809
802
797
788
784
775
771
767
764
759
756
751
751
748
746
745
743
742
742
740
738
737
735
735
735
735
733
723
732
731
732
731
730
729
729
729
728
728
728
728
727
726
727
28
28
39
55
57
63
73
74
80
86
92
99
104
112
119
127
133
140
146
151
157
161
172
178
178
182
185
187
194
194
201
204
204
206
205
209
211
213
215
217
218
219
220
221
222
224
225
224
225
226
227
228
228
228
228
229
229
229
230
231
231
231
232
232
939
939
927
920
920
914
909
901
900
895
892
887
882
877
871
865
856
851
835
834
826
818
810
802
790
788
783
777
774
768
763
761
758
755
753
751
750
746
745
744
742
741
740
740
740
738
736
736
735
735
735
733
733
731
731
732
732
731
730
730
732
732
732
729
25
25
36
44
52
55
63
71
71
74
80
92
94
98
104
110
117
119
130
135
143
146
149
154
161
171
176
180
185
189
192
195
199
203
204
205
208
208
209
213
214
215
215
215
217
220
221
222
222
222
224
226
226
226
231
236
231
229
229
230
231
231
231
231
947
947
936
928
922
917
908
906
906
899
892
891
891
884
877
872
868
859
851
835
833
832
820
813
808
799
791
786
781
780
780
766
765
764
757
755
752
748
748
747
744
743
742
741
740
738
737
737
737
735
735
735
733
732
732
732
732
732
732
731
730
730
730
730
24
24
34
53
53
59
59
61
72
72
77
81
92
93
97
103
110
115
122
132
136
139
153
155
160
163
173
176
181
189
190
192
197
199
201
203
205
222
234
225
225
215
215
217
218
221
222
222
222
223
224
225
225
226
227
228
229
229
230
230
230
230
231
232
910
910
894
875
854
822
790
776
750
749
745
739
735
733
731
729
727
727
727
727
727
725
725
724
720
720
723
723
723
719
719
719
720
720
721
721
720
720
720
719
719
718
718
718
718
718
718
719
719
717
716
716
709
716
716
716
716
716
716
715
715
715
715
715
41
41
48
55
64
71
80
87
96
107
118
129
150
150
164
167
180
187
193
199
202
206
213
216
216
217
219
221
222
223
226
227
227
227
227
231
232
233
234
235
236
237
237
237
237
238
238
239
241
245
245
242
241
241
241
242
242
242
242
243
243
243
243
243
918
918
914
908
902
899
899
894
887
880
872
863
853
842
829
821
801
797
791
783
775
765
762
757
752
750
747
737
737
738
738
738
735
734
732
731
731
729
728
728
726
726
726
726
725
723
723
723
723
722
722
721
721
720
720
720
720
719
719
719
719
719
718
718
35
35
43
54
55
59
69
78
84
86
94
97
107
111
134
137
144
148
162
171
179
186
195
196
199
205
209
214
217
217
221
223
223
223
226
227
228
229
230
232
232
232
232
235
238
238
238
238
238
238
239
239
240
241
241
241
241
242
242
242
242
242
241
241
931
931
924
922
911
905
903
900
893
889
881
879
871
863
853
846
835
826
815
804
800
780
780
770
768
759
754
751
747
742
740
740
738
736
735
732
732
732
730
729
729
728
726
726
725
725
725
725
723
723
723
722
722
721
721
722
722
721
720
720
720
719
719
719
34
34
37
45
51
55
61
83
87
83
87
89
97
103
111
118
135
137
142
152
166
171
179
186
191
191
205
208
208
212
216
218
220
222
224
224
225
229
241
229
236
233
234
234
236
236
236
237
237
238
240
240
240
240
240
241
241
242
243
243
239
239
243
243
935
935
928
925
919
912
907
904
900
900
887
887
880
874
869
863
851
838
835
825
815
805
794
786
778
770
765
759
754
751
750
746
743
741
738
736
735
733
732
732
730
730
730
728
727
726
726
726
725
723
723
723
723
723
723
723
722
722
721
721
722
722
720
720
38
38
41
45
49
54
55
62
63
66
77
78
89
96
103
107
118
126
135
143
160
173
174
180
185
194
199
209
212
219
219
220
219
219
219
226
228
229
231
231
234
234
234
235
236
237
238
238
239
239
240
240
240
241
241
241
241
242
242
243
243
243
243
244
927
927
922
921
913
909
909
906
903
900
897
890
882
882
882
869
861
853
846
837
832
819
808
798
785
784
771
765
760
751
751
748
745
743
742
738
736
734
733
734
733
730
730
729
728
727
726
726
725
725
724
724
723
723
723
723
722
721
721
721
721
721
721
721
32
32
38
43
47
49
54
58
60
74
76
80
81
88
96
101
108
114
119
119
136
150
161
169
177
184
190
202
203
207
214
215
217
226
226
225
225
227
227
230
231
232
232
234
235
236
237
237
238
238
238
239
239
240
241
241
241
241
242
242
243
243
243
242
904
904
895
876
846
806
771
750
737
733
728
726
726
722
722
722
721
720
719
718
718
717
717
716
716
714
714
715
715
715
714
714
714
713
713
713
713
712
712
712
714
712
712
711
711
711
711
710
710
709
710
710
710
710
710
709
709
709
709
709
709
709
708
709
46
46
54
61
72
75
84
94
104
110
116
120
130
144
170
175
194
203
208
216
221
224
229
230
233
235
237
240
240
241
242
241
244
244
244
245
245
243
243
245
246
247
247
248
248
248
248
249
248
248
248
249
250
250
250
250
250
251
251
251
251
251
251
251
925
925
918
912
902
899
891
884
866
860
856
850
844
837
821
810
793
779
766
755
749
744
744
738
734
733
732
730
727
725
724
723
721
720
720
720
719
719
718
717
718
717
718
717
717
716
715
710
710
714
714
714
714
714
713
713
713
713
713
713
713
713
712
712
35
35
41
48
54
59
65
72
81
85
91
101
104
112
123
126
140
157
172
184
195
203
211
217
220
224
227
228
229
231
235
237
237
238
240
240
242
242
242
242
244
245
245
245
246
246
246
247
248
248
248
248
247
247
248
248
248
248
249
249
250
250
250
255
930
930
924
919
911
907
898
897
894
888
886
871
871
862
854
841
838
829
813
798
785
775
762
754
748
742
742
735
732
729
729
727
727
727
723
722
723
722
721
715
715
716
717
718
718
718
717
716
716
715
715
715
715
715
715
714
713
713
713
714
713
714
713
712
33
33
40
48
53
53
56
63
63
72
76
81
87
95
103
110
115
123
150
153
167
180
189
198
203
207
216
220
223
227
229
232
233
236
238
238
239
239
241
243
243
244
244
244
244
244
245
246
247
247
247
247
247
247
247
248
248
248
248
249
249
249
249
250
930
930
925
920
914
911
907
900
898
896
893
890
886
885
881
876
869
855
844
836
822
805
794
784
773
763
755
750
744
744
736
734
732
732
729
726
726
725
724
723
724
723
720
720
720
718
718
717
716
716
716
715
715
715
715
715
715
715
714
714
714
714
713
713
33
33
40
43
47
51
52
60
65
63
65
73
77
92
92
92
101
104
111
114
122
144
159
172
182
183
197
204
212
214
219
225
225
225
231
233
233
235
237
238
240
242
242
242
243
244
244
244
244
243
243
245
246
246
246
247
247
248
249
248
249
249
249
249
925
925
924
924
916
901
901
902
902
901
900
896
896
896
889
888
885
881
878
873
859
846
831
821
802
793
783
774
759
750
750
747
742
742
736
732
728
726
726
725
724
722
722
721
720
719
718
718
718
718
718
717
716
717
716
716
716
715
715
715
714
714
714
714
35
35
41
44
47
50
53
56
62
62
63
64
74
78
80
80
80
88
92
98
109
115
129
142
157
169
181
188
193
199
206
212
216
220
223
224
229
232
233
242
242
239
239
239
240
242
243
243
243
244
244
244
244
246
246
246
247
247
248
247
248
247
248
248
