158
182
191
205
213
219
223
227
231
234
237
240
244
246
249
254
253
254
254
255
258
259
258
259
261
262
263
264
264
265
268
269
269
269
270
271
271
272
272
273
274
274
275
275
275
276
276
283
283
278
278
278
278
279
280
280
281
281
281
281
281
282
282
282
982
982
942
925
909
899
886
876
859
851
847
833
833
831
826
819
812
805
798
791
785
767
767
766
765
764
752
749
749
745
744
740
737
735
732
730
728
723
723
723
721
720
719
718
716
715
715
713
711
710
710
710
709
709
707
707
706
706
705
704
704
704
703
703
5
5
37
60
79
103
107
117
128
141
145
149
154
159
166
173
178
181
189
193
198
209
213
213
219
227
230
233
237
237
241
247
251
253
256
257
260
262
266
267
268
268
270
270
271
271
272
273
274
274
275
275
276
276
277
277
278
278
279
290
279
280
280
280
1000
1000
968
948
931
919
902
899
892
884
876
870
864
856
849
841
834
828
819
811
798
795
779
776
773
764
762
754
749
744
737
734
729
727
723
720
717
715
713
711
710
709
707
706
706
706
703
703
703
703
703
701
700
700
700
700
700
700
699
699
698
698
698
699
0
0
27
51
69
96
96
118
119
129
136
144
150
156
163
169
175
180
190
192
199
200
205
208
214
215
218
224
227
229
237
239
243
247
249
254
255
257
260
262
263
263
265
268
269
271
271
271
273
274
274
275
276
276
276
277
278
278
278
279
279
279
280
280
1001
1001
969
951
936
928
925
907
889
879
879
878
868
862
854
846
841
824
821
812
802
800
790
781
776
770
764
758
752
747
741
738
733
729
724
721
719
716
707
707
708
710
708
707
704
704
703
702
702
701
701
700
700
700
700
698
698
698
698
698
698
698
698
698
0
0
23
47
63
85
94
106
120
126
134
142
149
156
160
168
172
178
178
184
191
195
202
213
214
214
218
219
225
233
241
240
243
243
243
250
252
255
256
256
259
263
263
265
267
268
269
270
272
272
273
273
274
274
275
276
277
277
277
278
278
278
279
279
1003
1003
962
953
940
928
918
911
896
886
886
879
862
856
856
849
844
832
823
815
806
799
790
785
780
771
765
760
754
749
744
739
734
729
726
723
720
716
714
712
709
707
707
705
705
703
702
702
702
700
700
699
699
700
700
698
697
697
697
697
698
698
697
695
0
0
21
44
62
77
89
103
118
125
131
141
149
160
163
168
173
178
182
188
192
196
202
206
208
213
217
221
225
231
232
235
240
240
242
248
250
253
254
257
257
259
261
264
265
267
267
268
268
270
272
274
274
274
275
276
276
277
277
277
278
278
278
279
1003
1003
972
949
940
931
919
911
903
895
881
876
873
872
856
848
840
823
822
815
807
799
791
777
776
766
765
761
755
750
745
737
735
732
724
721
721
719
716
713
712
709
707
706
705
704
703
702
702
700
699
699
699
699
699
699
699
698
698
697
697
696
696
696
0
0
19
41
59
75
90
113
118
124
131
141
148
161
167
167
167
178
181
188
191
200
205
205
209
213
215
221
223
228
233
234
238
241
244
247
250
251
252
257
258
262
263
263
263
265
265
269
271
271
272
272
272
273
275
275
276
276
277
278
278
278
277
277
847
847
787
742
713
702
697
696
695
689
689
695
695
695
695
696
696
696
696
694
694
697
698
698
699
699
699
698
698
699
700
700
701
700
701
702
703
702
702
702
702
702
702
703
703
704
704
703
703
704
704
703
703
703
703
703
703
704
704
705
705
705
706
705
61
61
90
108
123
135
135
148
156
161
169
177
184
190
196
202
213
213
217
224
230
238
238
244
261
268
268
271
274
275
279
280
281
281
283
283
284
284
284
286
287
287
287
288
288
289
289
289
290
290
290
291
291
291
291
291
287
287
291
292
292
293
287
293
938
938
931
922
916
912
901
893
888
877
855
842
842
828
812
798
789
783
774
765
758
748
738
730
722
716
710
705
698
698
698
697
696
695
695
694
694
694
694
694
694
693
692
692
692
692
692
693
691
691
691
692
692
691
691
692
692
692
691
691
692
692
694
692
60
60
83
102
115
123
127
141
148
156
166
173
180
188
194
200
211
213
219
224
228
234
238
244
250
250
250
254
257
259
261
263
265
267
270
272
273
278
278
279
280
280
280
284
285
287
287
287
287
288
290
290
290
290
291
291
292
292
293
292
293
293
293
294
937
937
926
922
915
907
899
889
884
879
867
859
850
836
817
805
799
790
781
774
764
758
754
743
739
732
724
719
712
707
703
700
698
696
696
696
694
694
694
693
693
692
693
696
696
689
689
690
691
690
690
690
690
690
690
690
690
690
690
690
690
689
689
689
66
66
94
99
112
130
139
139
141
155
163
170
179
186
190
205
206
214
219
222
227
233
235
244
247
247
247
247
249
249
255
258
261
262
264
266
266
275
274
275
274
275
277
280
281
281
283
285
286
288
288
288
288
289
289
289
290
290
292
293
293
293
293
294
939
939
923
904
899
895
887
884
877
872
865
858
850
831
829
823
813
793
785
776
763
758
758
754
746
742
735
730
724
722
712
706
704
700
697
695
694
694
693
692
692
692
691
691
690
689
689
689
689
689
689
688
688
688
687
687
688
688
687
687
685
684
685
683
62
62
83
99
110
119
128
140
149
154
157
165
172
179
187
193
199
207
210
216
224
226
231
237
240
243
248
248
252
254
256
259
259
262
264
264
269
269
269
269
270
272
273
276
276
277
279
282
283
285
286
286
287
287
288
289
289
289
291
291
292
292
291
291
934
934
922
910
898
890
883
881
874
868
852
846
840
839
829
812
802
794
786
777
769
764
755
753
747
742
737
731
727
722
710
710
705
700
698
695
693
693
693
690
690
690
689
689
689
689
688
689
688
688
686
686
687
687
686
686
686
686
686
686
686
686
686
685
77
77
79
110
119
120
127
137
144
149
158
166
172
179
185
193
199
207
212
217
237
237
236
236
239
244
247
251
254
255
257
258
260
260
263
263
265
267
268
269
269
271
272
273
277
273
277
279
279
281
283
283
284
286
287
288
289
290
291
291
291
291
292
293
875
875
843
815
778
753
734
709
694
691
688
687
686
679
679
679
683
683
683
683
683
683
684
684
683
683
684
684
683
683
683
683
683
684
684
684
684
684
685
685
685
680
680
686
687
687
686
686
687
687
687
687
687
687
688
688
688
688
688
688
688
688
687
689
79
79
108
125
136
146
155
163
169
179
191
193
193
198
205
210
212
220
226
232
237
242
248
253
257
261
263
270
273
276
280
283
283
285
287
291
291
292
294
296
296
297
300
301
301
301
302
303
303
305
305
305
305
305
306
306
306
306
306
307
307
308
308
313
916
916
903
896
890
888
876
872
864
854
839
824
810
799
781
780
768
766
759
750
746
739
732
725
720
712
705
699
693
692
692
690
689
687
687
686
686
686
684
683
683
684
684
683
683
682
682
682
682
682
684
682
682
681
681
681
681
681
681
681
681
681
681
681
106
105
106
125
137
146
160
161
171
177
183
186
195
200
208
208
210
217
223
226
235
238
238
240
244
250
250
255
258
261
263
265
267
272
273
275
277
280
284
284
287
289
290
290
292
297
298
298
299
303
303
303
304
309
313
309
306
306
307
307
307
307
308
308
896
908
897
897
891
887
881
878
871
863
850
841
820
810
800
791
783
774
771
762
753
746
740
736
728
716
712
707
703
699
696
694
692
690
688
687
687
686
685
684
684
684
684
683
683
682
682
682
680
680
680
680
680
680
680
680
679
679
679
679
679
679
678
678
90
90
107
123
140
150
159
174
175
182
188
194
200
205
212
214
222
224
226
233
236
238
242
243
244
249
249
252
253
258
260
264
266
267
269
271
273
277
273
278
281
283
287
288
288
295
295
295
296
297
297
300
302
302
302
304
304
304
305
305
305
306
307
307
910
912
910
891
888
888
888
880
866
863
856
841
825
814
799
795
792
782
773
766
757
746
742
739
732
728
721
713
712
702
699
689
689
689
691
688
688
688
687
686
686
685
686
683
683
682
682
682
681
681
682
682
680
679
679
679
679
679
677
675
677
676
677
677
93
93
107
138
142
154
157
171
191
192
192
195
204
209
211
219
230
233
233
233
242
243
246
248
253
253
253
266
266
261
261
264
265
267
268
271
274
276
276
278
279
284
286
286
288
290
293
296
296
298
298
299
300
301
301
301
303
303
303
305
305
305
306
306
916
916
894
894
889
886
884
874
872
865
853
838
828
813
804
795
787
780
773
761
758
751
739
735
734
728
723
714
709
708
701
698
696
694
693
692
689
688
688
687
682
686
684
684
684
683
683
683
682
684
681
680
679
679
679
679
678
677
677
677
677
678
677
677
89
89
107
124
140
151
160
165
175
182
192
192
198
207
211
211
220
223
223
228
231
231
231
239
243
253
247
248
248
252
254
256
257
261
263
263
264
266
267
270
272
274
276
285
285
284
284
287
290
291
294
295
298
298
298
300
300
301
302
303
303
303
304
304
880
880
841
799
769
739
722
702
695
689
687
683
681
676
676
676
676
674
672
672
670
670
671
671
671
671
671
674
674
670
669
669
669
670
670
672
672
674
674
674
674
672
671
671
678
678
678
678
679
680
680
680
680
680
681
682
682
682
679
679
683
683
683
683
101
101
119
132
155
157
165
169
175
179
183
187
191
197
204
211
222
235
242
247
252
255
260
264
268
271
280
281
288
288
289
296
298
298
299
299
302
302
302
302
302
302
303
304
304
304
304
304
305
305
305
307
307
307
307
308
308
309
309
309
309
309
310
311
933
933
920
899
880
863
845
829
807
800
793
791
770
764
764
757
752
745
737
733
727
721
715
707
699
695
693
693
691
693
687
685
685
683
684
682
682
680
680
680
680
680
680
680
676
677
677
679
679
680
678
679
678
678
678
678
679
679
679
678
679
679
679
679
96
96
127
129
135
143
151
155
163
171
175
185
185
189
195
200
205
212
219
233
237
238
242
243
247
249
254
255
270
270
268
268
271
282
282
283
283
285
289
290
290
290
290
292
293
293
294
294
294
295
295
296
296
296
298
299
299
300
300
300
300
300
300
300
932
932
916
899
873
858
844
832
809
806
801
797
790
784
775
767
762
755
751
745
736
735
731
723
720
716
711
708
703
699
697
696
695
692
690
689
688
687
686
686
686
686
686
693
693
684
684
684
683
683
682
681
679
679
680
681
681
681
681
681
681
681
681
682
89
89
107
123
127
127
141
147
157
157
160
167
175
181
186
192
197
204
214
217
225
228
231
233
236
238
242
243
249
249
253
253
256
264
265
270
272
275
275
279
281
284
284
285
287
287
288
289
294
294
294
295
295
295
295
299
299
299
300
300
300
301
301
301
932
932
919
899
877
853
852
832
824
812
806
803
793
788
784
775
770
761
753
753
753
755
750
741
723
723
723
717
709
707
704
704
700
697
694
693
690
689
688
688
686
686
684
681
679
680
679
679
679
679
679
679
679
678
678
678
678
679
678
678
678
678
678
679
87
87
105
120
120
132
140
144
150
155
163
169
176
182
191
194
200
197
200
210
222
226
223
226
236
238
240
242
247
248
251
254
255
262
263
267
269
275
276
276
278
278
278
281
281
284
284
285
285
288
291
292
293
294
295
295
296
298
299
299
299
300
300
301
925
925
910
899
880
862
847
827
819
812
806
801
800
788
781
776
772
768
765
763
758
756
752
748
745
739
735
724
717
715
713
710
705
703
700
697
694
693
693
691
689
688
687
687
687
685
685
685
684
684
685
685
685
685
684
684
685
687
687
684
684
684
684
684
83
83
95
111
115
123
133
137
143
148
155
166
168
178
180
183
187
190
196
202
207
208
221
227
230
231
235
250
250
245
245
248
252
256
259
265
267
269
272
273
276
277
279
280
283
284
284
286
288
289
290
290
292
292
293
294
295
295
295
296
297
298
298
298
