480
480
480
480
480
482
483
483
477
477
480
480
479
479
480
482
480
481
479
479
479
479
480
480
480
480
481
480
479
479
479
480
479
479
462
479
479
486
479
478
478
478
478
478
479
480
480
480
480
480
479
479
478
481
479
480
480
480
480
480
480
480
480
480
639
642
645
646
650
651
653
655
655
654
654
654
652
651
651
651
651
651
651
650
649
648
647
647
648
648
646
645
645
645
644
643
643
642
640
640
641
642
642
641
640
640
640
639
639
639
638
636
636
638
638
637
636
636
633
636
635
635
635
635
635
637
635
635
168
168
185
186
208
229
238
243
254
261
268
275
279
283
288
289
293
293
294
297
298
300
301
301
304
304
305
306
308
308
309
310
310
310
310
311
312
313
313
313
314
314
314
315
316
316
317
315
316
316
317
318
318
319
319
319
319
321
321
321
321
322
321
322
782
784
784
785
784
781
774
766
756
755
741
734
734
734
725
721
719
719
717
713
713
709
706
703
700
697
693
690
686
681
675
674
670
664
662
655
653
653
651
650
650
649
647
646
646
650
650
650
646
646
646
645
645
644
644
644
644
646
646
643
642
642
642
642
150
150
164
180
186
195
203
208
215
218
226
230
235
240
241
247
251
251
252
259
259
259
256
263
267
270
273
276
279
282
282
287
291
293
296
301
301
303
301
310
310
313
314
316
318
318
318
319
319
319
320
320
320
320
321
321
322
322
322
321
321
323
323
324
785
785
785
785
785
785
784
782
775
770
763
757
752
747
741
737
732
727
725
726
725
725
725
725
714
714
711
710
706
685
685
691
691
683
682
669
669
665
656
656
656
651
648
648
648
646
643
643
643
644
644
644
644
643
643
643
643
643
643
643
642
642
640
642
143
143
159
171
186
189
193
200
205
211
214
215
227
227
233
237
241
244
245
249
252
253
253
256
257
259
262
263
267
269
270
271
271
278
280
280
283
292
293
300
300
306
306
312
316
316
317
321
321
322
323
324
324
324
324
325
326
325
325
325
326
327
327
327
784
784
784
784
784
784
784
784
783
773
771
768
756
751
751
746
740
737
736
734
730
727
724
722
720
720
719
700
700
714
714
708
707
704
697
691
685
676
671
665
658
652
650
650
649
648
648
646
631
631
643
643
643
642
642
641
641
641
642
643
643
642
641
639
126
126
153
166
174
186
193
194
206
210
210
216
223
223
223
233
236
240
243
244
246
249
251
252
254
256
258
258
260
261
263
264
268
270
270
270
279
281
285
289
294
299
306
311
311
311
317
317
320
321
322
323
323
324
325
326
327
326
326
326
327
327
327
328
784
785
784
785
785
785
785
785
785
783
777
772
766
763
757
752
743
743
743
740
735
734
730
729
727
726
722
722
718
717
718
717
710
709
706
703
699
688
681
681
674
671
659
656
653
649
649
649
647
647
644
644
648
648
642
642
642
642
641
641
641
642
642
639
131
131
140
146
160
178
182
183
203
207
207
212
219
221
227
231
231
238
241
241
247
247
249
249
249
252
253
254
256
258
261
261
261
265
268
269
271
277
281
282
289
293
297
303
308
311
314
318
321
322
324
324
324
326
326
325
325
328
333
333
329
329
330
330
757
757
731
718
689
648
640
640
637
636
635
634
635
639
639
634
631
631
631
632
632
632
632
631
631
631
629
629
629
630
629
629
629
630
630
630
630
629
628
628
628
628
629
629
630
630
630
628
629
628
621
621
628
628
628
628
628
629
629
629
629
629
630
630
181
181
192
209
214
225
227
240
256
259
259
259
264
274
278
284
290
295
299
304
307
308
308
323
341
341
333
330
333
334
335
335
335
336
337
339
339
341
341
341
341
343
343
343
343
342
344
344
345
345
345
345
345
345
346
346
345
345
345
347
347
347
347
347
784
784
784
781
774
769
765
763
754
749
746
736
728
725
721
719
713
710
710
703
698
689
683
677
669
647
634
634
634
632
631
631
632
632
631
630
630
630
630
630
629
631
629
629
629
630
630
630
630
631
634
634
631
630
630
630
630
630
630
630
630
632
632
630
172
172
188
196
203
214
220
220
231
240
240
243
255
259
262
267
267
271
273
273
275
286
295
300
305
316
335
341
344
345
345
345
345
346
347
348
348
348
352
352
349
348
348
348
348
347
349
347
348
346
348
349
349
349
351
351
348
348
349
351
349
350
350
350
783
784
784
785
785
778
775
769
769
761
757
755
744
737
736
727
723
722
719
716
706
698
698
691
684
678
671
643
637
633
631
631
630
630
632
632
630
630
630
629
629
629
629
631
629
630
629
630
632
632
631
631
631
629
631
631
631
631
631
631
631
631
631
631
169
169
185
193
202
207
212
219
232
237
237
243
250
253
256
260
264
265
268
274
274
274
280
284
297
308
314
314
327
339
343
345
345
345
345
347
348
348
348
348
348
348
349
349
349
349
349
348
347
347
348
350
352
350
348
348
348
349
349
349
349
349
349
349
784
784
784
784
784
782
779
776
771
766
758
750
744
740
740
727
727
727
724
720
715
713
709
700
694
685
679
672
652
637
636
636
632
632
632
631
631
631
631
631
631
631
631
631
630
630
630
629
631
629
630
630
630
630
630
630
631
631
632
632
632
631
631
631
170
170
184
193
197
203
212
213
220
225
231
235
243
247
253
259
259
259
263
267
270
275
281
283
291
291
291
307
316
326
340
342
344
345
346
346
347
346
347
347
349
348
349
349
350
350
350
350
348
350
348
350
349
349
349
350
350
350
350
348
349
349
368
368
784
784
784
785
785
781
777
776
773
770
770
762
755
750
744
737
734
727
726
721
719
715
710
704
696
691
684
676
668
652
642
636
635
632
632
632
632
632
632
631
631
631
631
631
632
635
635
631
631
631
631
631
631
632
632
633
633
632
632
632
632
632
632
631
171
171
181
191
197
197
202
211
216
224
227
227
230
242
250
252
252
258
263
265
265
264
264
279
284
291
295
304
311
321
335
337
344
344
346
348
348
347
347
347
347
347
348
347
349
349
350
350
350
350
348
349
348
349
348
349
349
349
350
349
349
347
349
348
777
777
765
740
724
709
681
642
632
631
631
631
631
631
631
631
632
632
631
631
632
632
632
632
632
633
632
632
631
631
632
632
631
631
631
633
633
633
633
633
633
633
634
633
633
633
633
633
632
633
633
633
632
632
633
633
633
631
631
634
634
633
633
634
190
190
201
208
211
220
221
231
253
258
265
271
282
291
298
303
312
315
330
335
337
339
341
344
346
348
348
348
348
348
348
350
350
351
351
351
351
351
351
351
351
352
352
352
351
351
351
351
350
349
349
351
351
351
355
355
355
351
351
351
351
351
351
351
784
784
781
779
762
758
756
748
731
727
726
725
718
708
696
685
681
669
651
639
637
636
637
632
635
632
634
633
634
635
637
637
621
621
636
636
635
634
634
634
626
626
633
634
636
636
635
635
638
638
637
635
635
634
633
633
635
635
635
635
633
633
634
635
203
193
203
208
219
222
227
234
240
250
250
250
260
265
272
284
286
294
306
315
332
339
346
346
346
344
346
345
346
346
347
347
347
358
347
349
348
348
348
348
348
349
349
348
348
349
349
350
349
349
349
349
350
348
350
350
350
350
349
349
350
350
350
350
785
785
780
774
768
768
759
759
748
742
737
736
735
731
725
724
711
698
689
683
676
664
639
639
639
639
638
637
636
636
636
636
636
636
636
636
636
635
635
636
636
636
635
636
635
636
635
634
634
634
634
634
634
634
633
633
633
634
634
634
634
634
634
634
186
186
197
204
209
215
225
229
237
244
247
253
254
256
263
268
275
286
295
302
309
321
336
339
340
343
345
346
345
347
347
348
348
349
349
349
349
347
349
350
351
350
350
350
351
351
351
351
352
352
352
351
349
349
352
352
352
352
352
352
352
352
351
351
775
783
778
778
774
771
766
755
755
755
746
741
735
731
729
726
721
712
700
691
685
677
662
650
639
617
635
635
635
635
635
635
635
635
635
634
632
633
633
633
633
633
623
633
634
634
634
633
633
633
633
633
632
632
633
634
634
634
634
634
634
634
635
633
185
185
193
199
203
218
225
225
232
239
245
250
256
258
259
268
275
284
293
304
309
320
332
338
340
341
343
344
346
348
348
348
348
348
348
349
349
350
350
350
351
351
351
351
351
352
353
352
352
352
352
352
352
353
354
354
354
353
353
352
328
326
326
326
785
785
783
777
775
770
761
758
750
750
744
744
739
735
734
728
723
715
706
696
674
669
669
660
645
641
637
636
635
624
624
635
635
635
633
633
633
621
621
633
634
634
633
633
633
633
633
633
633
633
631
631
633
633
631
627
627
633
633
633
633
633
633
633
185
180
185
193
207
210
211
218
226
228
240
246
252
255
259
265
279
283
279
286
307
315
326
328
340
342
343
345
345
345
346
347
347
349
350
349
349
348
348
347
347
350
352
352
350
350
350
351
351
352
352
352
352
351
351
352
352
352
353
353
353
352
352
352
758
758
756
719
705
664
638
636
635
635
635
634
634
633
633
633
634
633
633
633
633
632
632
632
632
632
632
632
632
631
631
631
631
631
631
631
631
629
631
629
632
629
630
630
630
632
632
631
631
631
631
631
631
631
631
631
631
631
631
630
630
630
631
631
190
185
190
201
207
220
235
247
259
268
279
288
309
322
334
344
349
349
353
356
356
356
357
357
357
356
354
354
356
356
356
354
352
351
350
350
348
347
346
345
345
345
345
345
344
343
344
345
345
343
343
344
345
347
347
347
344
343
344
343
345
343
344
344
784
784
779
769
755
741
729
727
721
715
715
713
709
702
688
667
651
638
631
631
631
633
631
632
632
632
630
630
631
631
631
629
628
628
630
630
630
629
629
629
629
629
629
629
629
637
631
631
628
628
628
630
629
630
630
630
628
628
628
630
629
630
630
630
190
190
191
195
201
208
221
237
250
257
265
275
276
296
306
313
327
335
343
346
346
349
346
344
344
353
353
353
353
353
353
353
351
351
349
349
348
347
346
346
346
341
346
344
346
345
345
345
345
346
346
346
346
346
346
346
337
337
346
346
346
346
346
346
785
785
785
779
771
757
737
729
725
718
717
714
713
712
709
708
705
690
676
648
632
632
633
633
632
632
631
634
631
631
631
631
629
634
626
628
628
628
628
629
629
629
628
626
626
629
629
629
629
627
629
630
630
630
630
630
630
631
631
630
630
629
629
619
190
190
191
200
200
205
208
248
248
254
262
270
274
286
286
298
309
314
339
346
347
348
350
351
351
351
351
352
352
352
354
352
353
353
353
354
354
354
356
356
352
352
352
352
350
350
350
350
350
349
348
348
348
348
347
346
346
348
348
348
348
347
347
347
785
785
785
784
780
774
762
755
719
719
717
717
717
714
711
709
706
703
694
682
672
642
635
634
631
630
630
630
630
629
629
629
628
628
629
629
628
628
628
628
628
628
628
628
628
628
629
629
628
628
628
628
629
628
630
630
632
632
629
629
629
630
630
630
193
191
193
195
200
204
214
215
226
262
265
265
274
274
279
280
300
308
311
324
339
344
349
350
356
356
356
356
356
353
358
355
358
357
358
357
356
355
356
356
357
357
353
350
349
350
348
349
348
348
347
348
347
347
346
346
346
346
346
346
344
344
345
346
784
785
785
785
782
782
770
759
742
726
721
720
716
715
713
711
710
707
703
696
686
669
655
631
631
631
631
631
631
629
629
630
631
631
627
627
627
628
628
628
628
628
628
628
628
628
628
628
628
629
629
630
634
634
630
630
630
629
629
630
630
630
630
630
193
193
197
199
200
204
207
221
241
252
259
262
264
275
279
279
283
290
299
311
320
338
344
344
348
348
351
348
353
351
353
353
354
353
357
357
357
357
358
356
358
354
358
356
357
356
356
355
355
355
353
354
353
352
351
351
340
351
351
351
349
347
347
346
