1 479
2 480
3 480
4 480
5 479
6 480
7 479
8 480
9 480
10 480
11 480
12 479
13 479
14 481
15 481
16 479
17 479
18 480
19 480
20 480
21 480
22 480
23 480
24 480
25 480
26 480
27 479
28 480
29 480
30 480
31 480
32 481
33 480
34 480
35 480
36 481
37 481
38 480
39 480
40 480
41 480
42 480
43 478
44 480
45 480
46 480
47 480
48 480
49 480
50 480
51 480
52 480
53 480
54 479
55 480
56 479
57 480
58 479
59 480
60 478
61 479
62 478
63 479
64 480
1 654
2 654
3 654
4 653
5 652
6 652
7 652
8 651
9 651
10 649
11 648
12 648
13 648
14 646
15 644
16 643
17 643
18 644
19 644
20 637
21 636
22 635
23 635
24 633
25 632
26 631
27 630
28 628
29 628
30 627
31 626
32 625
33 624
34 624
35 623
36 623
37 621
38 620
39 620
40 621
41 621
42 621
43 620
44 620
45 620
46 620
47 620
48 620
49 620
50 620
51 620
52 620
53 617
54 619
55 619
56 621
57 621
58 618
59 618
60 618
61 620
62 620
63 618
64 617
1 151
2 151
3 162
4 172
5 184
6 196
7 202
8 210
9 221
10 223
11 248
12 249
13 258
14 267
15 273
16 280
17 280
18 282
19 291
20 293
21 294
22 294
23 297
24 300
25 302
26 304
27 306
28 306
29 309
30 310
31 314
32 317
33 318
34 321
35 323
36 327
37 329
38 329
39 331
40 332
41 338
42 340
43 340
44 340
45 340
46 345
47 345
48 345
49 347
50 349
51 349
52 350
53 350
54 352
55 352
56 354
57 354
58 354
59 354
60 354
61 354
62 354
63 354
64 355
