149
187
188
203
207
211
219
225
225
225
230
231
233
233
239
239
239
241
241
241
241
242
242
243
243
243
242
241
242
243
243
244
243
243
243
243
243
243
243
244
244
244
243
243
243
244
242
244
244
244
244
244
244
244
244
244
245
249
249
245
244
244
244
245
976
976
949
935
923
911
901
891
891
871
862
855
848
840
829
822
815
809
808
798
796
792
784
781
777
774
770
767
767
764
764
760
759
757
754
753
753
752
751
750
750
750
750
749
748
748
747
748
747
746
746
746
746
746
746
746
746
746
746
746
746
746
746
746
12
12
37
59
74
83
98
107
125
125
131
138
144
151
156
164
167
174
178
190
197
199
199
199
203
208
209
211
214
215
219
220
220
221
223
224
225
226
227
227
229
229
229
230
231
231
231
231
232
232
234
236
234
234
234
234
234
234
235
236
236
236
236
237
982
982
958
944
927
906
903
890
886
878
873
859
857
852
839
836
833
827
822
818
818
811
809
805
801
798
796
791
788
784
781
779
775
773
771
765
763
763
762
758
756
754
753
751
750
750
750
750
750
746
746
746
745
745
744
743
743
742
742
742
741
742
742
742
6
6
33
51
67
79
89
95
105
114
121
126
133
135
144
148
153
155
166
169
169
175
177
183
183
190
194
195
199
202
205
208
211
211
212
214
216
217
219
219
221
222
223
224
225
232
227
227
227
228
229
229
229
230
230
231
231
232
232
232
233
233
234
234
979
979
954
935
921
898
898
885
881
879
878
867
861
858
852
843
842
835
834
832
828
824
821
818
816
811
809
808
799
796
792
789
785
781
780
776
774
772
768
765
762
759
757
755
755
751
751
751
749
746
745
743
743
743
742
741
740
740
739
738
738
736
736
736
2
2
33
50
65
80
87
87
102
108
116
121
127
131
140
144
144
149
156
159
159
164
172
175
172
175
182
191
191
191
194
198
199
201
204
205
207
209
210
213
214
218
218
218
218
220
220
221
222
223
224
224
224
226
225
226
227
227
228
229
229
229
229
231
977
977
950
932
918
912
899
892
888
879
879
874
863
860
853
851
847
844
839
836
832
831
826
824
819
818
813
809
806
799
798
798
793
790
787
783
780
780
776
770
767
764
762
760
759
755
753
751
751
746
737
746
743
743
743
742
740
740
739
737
737
737
736
735
0
0
23
63
75
75
85
93
97
111
113
117
122
125
133
133
138
141
146
150
154
157
160
164
168
171
171
176
179
186
187
189
192
194
196
199
201
203
205
206
207
210
212
213
213
214
215
216
218
218
221
221
221
221
223
223
225
225
225
225
226
226
228
228
975
975
948
936
918
907
899
892
886
880
870
868
866
861
858
851
850
847
847
843
838
833
830
828
824
820
818
814
808
807
804
802
798
792
790
789
785
783
783
776
772
769
764
761
761
761
756
756
752
752
749
748
747
744
743
742
740
739
739
739
737
736
735
735
0
0
22
47
62
77
84
96
97
105
110
111
114
123
126
131
131
142
142
145
148
151
156
158
161
164
169
169
171
177
185
187
188
191
191
192
195
197
200
201
201
201
206
208
209
210
211
211
213
215
215
218
219
219
220
221
221
222
237
224
224
224
224
224
857
857
822
806
788
758
744
739
729
727
727
725
724
723
720
720
721
721
721
720
720
719
718
713
718
708
718
719
719
717
717
717
717
717
717
717
717
717
717
717
717
717
717
717
717
717
717
717
715
716
716
716
716
716
717
717
717
716
714
716
716
716
716
716
52
52
67
75
79
91
95
105
109
116
119
123
123
130
135
137
142
146
147
153
157
164
167
171
177
183
188
192
196
199
200
206
208
211
211
213
217
217
219
220
220
221
222
224
225
226
227
227
230
230
229
228
229
229
231
231
232
233
235
234
234
234
234
234
936
936
919
912
901
891
886
886
882
878
876
867
863
863
860
858
856
848
844
841
835
829
823
816
809
800
792
784
780
764
759
759
750
747
747
745
743
741
739
735
736
735
735
734
734
734
732
731
732
731
730
729
726
729
724
729
728
728
727
727
727
727
727
727
47
47
59
72
75
81
85
89
90
93
96
99
103
105
110
112
114
120
124
128
130
136
138
146
151
157
164
170
172
176
185
191
195
208
208
208
208
213
215
215
218
219
219
222
223
223
223
225
225
225
225
225
225
227
227
227
227
227
228
229
229
230
230
231
939
939
924
912
908
900
898
891
888
886
879
876
876
876
872
870
868
865
863
861
858
854
854
854
847
842
837
834
827
819
811
803
797
775
775
775
769
760
757
757
753
750
747
745
743
742
740
740
738
736
735
733
729
733
732
732
731
731
730
730
730
729
726
726
48
48
64
70
72
72
75
79
84
87
92
93
95
100
104
107
108
112
115
115
117
123
136
136
136
138
142
147
147
152
165
170
187
188
188
192
201
206
208
208
208
212
212
215
219
220
221
222
223
223
223
223
224
224
224
225
225
226
226
227
227
227
228
228
936
936
921
910
905
902
893
889
889
886
883
880
880
879
875
873
872
871
868
866
859
859
857
857
853
850
846
846
843
838
828
824
818
813
805
799
791
786
779
774
768
765
760
760
750
750
747
747
744
743
741
740
738
737
736
735
736
735
734
733
733
732
732
732
47
47
57
61
69
72
76
79
81
86
90
90
91
96
98
100
103
107
108
109
112
115
118
120
123
132
135
135
143
148
148
154
159
163
167
177
181
188
192
198
202
209
212
213
214
216
220
223
220
221
221
222
222
222
223
223
223
223
223
225
225
225
225
226
934
934
917
912
906
902
893
892
892
887
884
884
882
879
879
875
873
873
870
868
866
866
864
860
857
854
852
848
846
837
836
833
829
825
819
816
808
802
795
789
788
778
774
767
761
758
752
750
750
748
745
744
742
741
740
739
738
737
736
735
735
734
733
734
46
46
56
62
63
70
73
76
80
83
85
88
91
93
95
97
100
101
103
106
108
109
111
111
117
119
123
127
131
131
139
143
143
151
164
168
169
178
183
189
197
199
202
206
211
214
214
216
217
219
219
219
220
221
222
222
222
222
222
222
224
224
224
224
895
895
883
878
870
861
852
838
822
799
776
756
752
741
738
736
733
732
729
729
728
728
727
727
727
727
724
724
724
723
723
722
722
722
722
721
721
721
721
719
718
718
718
717
717
716
715
715
715
716
716
716
715
715
715
714
714
714
714
713
713
713
713
713
61
61
70
80
81
83
89
95
95
96
103
103
109
115
116
115
116
119
124
124
124
129
132
135
137
146
161
168
175
186
196
206
208
206
208
212
214
216
216
217
223
223
224
226
229
230
231
233
234
235
236
237
239
241
241
241
242
243
243
243
243
245
246
246
905
912
905
903
898
897
894
891
888
886
886
884
876
874
870
867
864
864
858
855
852
844
838
838
832
828
816
807
803
787
779
774
766
759
755
751
749
746
745
742
741
738
738
737
736
736
733
730
729
728
726
725
725
725
724
724
724
723
722
721
721
721
721
721
55
55
64
66
68
73
75
77
83
83
83
89
92
96
99
100
107
109
112
115
115
116
117
119
122
125
128
129
136
141
147
157
165
177
191
193
199
199
206
208
210
213
216
219
221
223
225
227
228
232
232
234
234
235
238
239
240
240
241
242
243
244
244
244
920
920
913
911
904
901
898
895
894
892
892
890
885
884
882
877
874
874
870
868
860
858
856
850
850
844
837
834
832
823
817
808
801
800
785
777
769
764
753
753
748
745
742
737
735
735
734
731
729
727
727
726
724
724
724
724
727
723
713
713
721
721
720
719
54
54
60
63
67
73
73
73
78
80
84
84
85
92
95
100
103
103
105
107
107
109
115
116
118
123
125
125
131
131
131
143
150
161
170
181
189
195
200
203
207
211
214
215
217
219
220
222
224
226
229
231
232
232
233
233
238
240
240
241
241
243
245
245
928
928
915
910
907
906
901
898
896
895
893
892
891
887
884
882
878
876
875
870
867
863
860
856
853
849
843
843
837
832
828
822
818
811
800
795
788
781
768
765
763
756
752
746
744
744
738
736
735
732
732
732
728
727
727
724
724
723
722
722
721
721
721
721
51
51
57
57
64
67
74
74
74
83
84
85
87
88
93
95
97
100
102
103
106
109
110
114
118
119
120
121
126
128
132
137
146
164
177
177
187
193
196
197
202
203
210
212
215
217
219
221
223
224
226
230
230
231
232
233
236
237
237
240
241
241
244
244
923
923
915
912
908
908
905
902
899
891
891
891
891
887
883
880
880
878
878
875
869
866
866
861
853
852
838
838
840
840
839
831
828
824
816
808
804
793
788
778
773
758
752
748
748
745
735
735
735
732
729
728
728
727
726
726
723
723
722
722
722
722
721
721
50
50
58
60
64
64
71
74
75
80
81
85
88
89
91
94
99
107
103
105
105
108
110
112
117
119
119
120
123
126
133
137
146
154
166
176
191
195
195
199
202
203
208
211
213
216
217
219
219
222
223
226
226
228
231
232
234
236
239
240
240
242
243
243
904
904
891
884
873
865
847
834
795
786
756
740
736
726
722
721
720
719
719
719
719
719
719
719
719
719
719
714
719
719
719
719
719
719
720
720
720
720
720
720
720
720
720
720
720
720
721
721
721
721
719
719
719
718
718
719
719
719
718
718
718
718
717
717
51
51
65
67
74
80
85
90
94
97
102
104
104
110
110
113
115
117
119
120
128
135
135
150
160
171
184
187
205
205
205
207
211
223
223
229
234
235
239
242
244
245
247
247
248
249
249
250
252
254
254
254
255
255
256
257
256
257
257
257
258
258
259
259
916
916
908
904
902
898
895
892
887
882
874
872
867
861
857
845
844
841
839
837
832
831
832
831
823
809
801
792
783
773
770
764
759
754
750
746
745
742
741
740
740
739
738
735
735
729
727
728
727
724
724
723
723
723
721
721
721
721
720
720
720
720
720
720
50
50
55
59
61
63
65
68
72
75
79
84
89
93
98
102
116
116
113
113
116
117
118
118
119
114
128
131
139
144
151
175
177
183
190
207
207
208
208
215
217
223
227
231
237
241
244
247
248
251
251
253
254
255
255
256
257
257
257
258
258
259
260
259
919
919
914
907
899
898
898
892
887
882
879
874
871
869
865
861
860
858
853
851
849
846
843
840
833
833
831
824
815
804
796
786
780
771
762
759
756
754
754
753
750
748
745
742
739
735
735
732
727
725
725
722
722
722
720
720
719
719
719
719
718
717
717
717
43
43
56
60
63
64
69
72
72
75
81
85
88
96
101
101
107
109
110
112
112
113
117
119
124
124
127
129
133
136
139
147
154
162
175
184
193
196
204
210
210
213
219
221
228
229
235
246
248
248
252
256
256
256
259
259
260
261
261
262
263
263
264
264
920
920
907
903
903
897
894
889
886
881
878
875
873
870
867
865
864
861
861
860
859
854
851
848
848
844
839
835
832
832
823
817
807
799
791
781
774
768
763
758
755
755
754
753
752
749
748
746
738
735
734
731
728
726
724
724
724
721
720
719
718
718
718
718
49
49
53
57
62
65
69
70
74
77
79
83
87
92
96
99
100
106
108
108
110
115
115
120
123
125
127
130
133
136
140
144
150
156
163
171
194
198
203
203
203
206
213
216
220
226
231
233
235
241
241
246
253
257
259
259
259
261
261
261
262
263
263
263
918
918
911
907
893
892
892
887
885
882
879
877
876
876
871
867
864
864
863
859
855
856
856
856
849
848
844
836
836
831
831
826
821
812
802
802
785
777
772
765
761
757
757
756
756
756
752
752
747
743
740
733
732
729
726
725
721
721
721
721
718
718
718
717
39
39
51
56
60
66
68
68
73
76
79
86
88
88
93
98
99
103
106
108
110
114
116
118
119
123
126
130
134
137
140
147
149
149
160
166
174
182
192
199
205
209
211
213
221
225
229
229
231
236
241
249
249
253
255
256
259
260
261
261
262
262
263
263
