481
480
480
480
480
480
480
480
480
480
480
480
480
485
485
485
480
480
480
480
480
480
480
480
480
480
480
480
480
481
480
481
480
483
480
480
480
480
480
480
480
480
480
480
480
480
480
480
480
481
480
480
480
480
480
480
481
481
480
480
480
480
480
480
745
745
738
737
734
733
733
732
732
731
732
731
731
731
731
731
731
730
730
730
732
730
729
729
730
732
730
729
729
729
733
734
734
730
730
729
729
727
727
729
729
729
728
728
729
729
729
729
729
729
729
728
728
728
728
729
729
729
728
728
728
714
714
729
126
126
133
141
146
148
163
170
175
183
187
183
190
198
202
204
205
205
214
214
215
215
218
215
215
215
227
227
230
231
232
234
235
236
236
235
235
239
240
243
243
243
243
243
243
244
244
244
244
244
245
245
245
245
247
245
245
245
246
247
247
247
247
248
787
787
787
787
786
787
786
787
787
787
787
781
779
778
775
774
770
770
766
765
760
758
756
755
754
754
754
754
748
748
746
746
745
744
744
744
743
743
742
742
742
742
744
741
741
740
739
739
739
739
739
739
738
738
738
738
738
738
738
739
739
737
737
737
122
122
132
154
155
155
157
168
179
180
183
186
194
194
198
200
203
205
209
212
212
213
215
218
219
222
240
225
247
228
229
229
231
232
232
233
236
237
237
237
238
239
239
239
239
240
241
240
241
243
243
243
243
244
245
245
245
245
248
248
246
246
246
246
786
786
786
786
787
787
787
786
786
787
787
787
787
786
784
781
777
775
771
769
769
766
765
763
761
760
758
755
754
754
751
751
751
749
748
747
746
746
745
745
744
703
744
743
743
743
742
742
742
742
741
740
740
740
740
740
740
739
738
739
738
739
737
737
121
121
132
140
148
156
163
166
171
176
181
184
194
194
195
195
199
204
206
206
210
216
215
216
216
219
221
221
223
225
226
226
228
228
230
230
230
232
234
236
236
236
237
238
239
239
239
239
244
244
242
242
242
242
243
240
243
243
245
245
245
246
247
247
786
787
787
787
787
787
787
787
787
787
787
787
787
787
787
784
779
777
777
775
771
768
768
765
763
763
761
760
757
757
754
753
753
752
741
741
748
748
748
746
746
745
745
748
748
744
744
744
743
743
743
741
741
741
741
740
740
740
740
740
740
738
738
740
133
130
133
139
147
154
159
165
169
173
179
180
187
188
188
194
198
200
201
204
207
209
211
212
214
216
218
221
221
222
224
226
226
229
229
229
231
232
232
232
234
234
236
243
243
238
238
239
239
240
243
243
243
242
243
243
244
246
258
246
245
245
246
246
780
786
786
787
787
787
786
787
787
787
787
787
787
787
787
786
785
782
780
780
775
773
769
767
767
767
766
764
764
757
757
756
755
754
754
751
751
750
750
750
750
747
747
747
746
745
743
744
743
743
743
742
742
742
742
741
741
741
740
740
739
739
738
738
123
123
131
135
145
153
159
164
168
172
176
181
184
187
191
193
196
198
199
203
205
208
210
211
215
216
216
219
220
221
222
224
224
225
227
229
229
229
232
233
234
234
235
235
238
238
238
239
240
240
240
239
241
242
243
243
243
243
244
243
245
243
246
247
787
787
771
758
745
741
741
739
737
736
734
733
733
731
730
727
727
725
724
722
720
717
715
715
715
712
711
709
708
706
704
702
702
699
690
688
685
682
679
675
672
668
665
663
663
660
656
654
654
654
653
653
652
651
650
650
649
649
649
649
649
649
650
650
131
131
143
156
166
175
179
189
195
200
216
216
217
217
221
227
231
231
234
239
240
240
245
246
246
246
247
250
250
252
254
256
257
259
260
262
263
267
270
270
271
272
273
277
278
282
285
285
288
291
295
299
301
309
312
312
315
319
319
321
325
326
328
329
786
786
786
786
787
787
787
787
781
777
769
769
766
762
757
758
754
754
753
752
730
730
748
748
746
708
708
743
743
741
739
737
737
734
730
728
725
721
710
706
701
697
694
688
684
679
674
672
666
662
660
657
657
656
656
657
657
654
652
652
652
652
652
664
122
122
140
150
169
169
169
185
190
190
196
206
212
214
216
220
223
225
228
228
231
232
232
237
237
238
240
238
240
243
243
243
243
247
251
252
254
258
262
267
269
279
284
292
295
300
305
305
311
321
324
325
326
328
328
330
330
330
330
331
332
332
335
333
781
786
785
785
785
786
787
787
784
779
775
771
767
766
762
759
758
756
754
754
753
751
750
748
748
753
753
744
742
741
739
734
731
734
731
722
718
712
708
707
704
698
697
689
685
680
672
671
666
665
660
658
656
654
654
654
655
654
656
654
653
652
653
651
122
122
141
152
164
171
182
182
187
197
203
208
211
219
219
222
224
226
228
230
231
231
233
234
236
239
239
240
241
241
242
246
262
252
256
256
260
265
271
277
285
286
291
296
300
301
310
316
320
326
328
328
329
330
330
330
331
332
332
332
332
332
332
333
787
787
787
787
787
787
788
788
785
780
775
771
771
764
761
758
757
757
754
753
751
751
747
747
747
747
745
744
743
741
739
736
734
731
725
720
714
714
709
701
698
694
690
687
683
677
673
673
668
660
660
658
656
656
654
654
654
654
653
652
653
652
652
651
128
128
142
154
165
174
182
189
195
195
202
212
214
216
218
222
225
226
226
229
232
234
237
238
238
238
238
237
237
243
244
246
249
252
256
260
266
272
278
279
283
292
296
300
304
309
314
319
322
324
327
329
329
329
331
331
332
332
332
323
332
333
333
333
786
787
786
787
787
787
787
786
784
783
780
771
767
761
759
759
757
757
755
753
752
752
750
750
750
747
745
743
741
741
741
736
733
729
724
717
712
711
704
699
697
693
690
686
683
678
674
668
665
665
659
658
656
656
656
655
658
654
658
654
653
653
656
656
130
130
143
154
163
174
178
180
196
201
208
210
232
232
220
220
225
227
229
230
231
233
234
234
237
239
240
239
240
245
245
245
248
253
253
257
268
274
279
283
289
293
296
299
303
308
314
321
323
325
328
329
329
330
330
332
332
332
332
333
333
333
333
333
785
785
774
760
754
749
743
739
716
699
685
668
658
654
653
651
650
650
649
649
649
649
648
648
648
647
647
647
647
646
647
646
647
646
646
646
647
647
646
646
646
648
648
646
646
646
646
646
646
646
646
646
646
646
646
646
646
646
646
646
645
646
644
646
151
151
171
189
198
220
220
228
229
229
236
239
239
242
244
247
250
261
264
277
282
291
298
306
313
313
325
330
332
334
334
334
334
336
337
337
338
338
338
339
339
339
339
338
339
339
339
339
338
338
340
340
340
340
340
340
340
339
340
340
340
340
340
340
787
787
787
779
767
758
753
748
746
743
742
739
739
739
736
733
732
725
714
704
697
697
697
694
681
675
668
656
654
654
654
652
651
651
650
649
648
649
648
650
648
647
647
647
647
647
647
647
647
647
646
646
646
646
646
646
646
646
646
646
646
646
646
646
153
153
170
190
207
214
216
235
239
239
241
239
241
260
260
250
250
251
254
263
275
289
293
299
306
314
322
328
331
332
333
333
333
334
336
336
336
337
337
337
337
337
337
337
339
339
338
338
338
338
339
338
339
339
339
339
339
339
339
339
339
339
339
339
787
787
786
780
771
763
757
756
748
745
743
741
741
738
736
735
732
729
724
709
699
694
692
683
676
670
658
651
654
653
653
652
651
650
650
649
649
649
648
648
648
648
648
648
648
648
647
647
647
647
646
646
647
647
646
646
646
646
646
646
646
646
646
646
148
148
168
187
202
213
221
226
232
236
236
235
235
244
246
248
250
251
254
261
274
290
292
300
306
322
327
328
327
329
326
324
324
333
333
333
336
336
337
337
337
337
337
338
338
338
338
338
338
337
337
338
338
338
339
339
339
338
338
337
339
338
339
338
787
787
787
786
777
767
761
755
747
745
745
743
740
738
737
735
732
731
726
714
699
693
681
675
675
669
662
658
656
654
652
652
651
651
649
641
649
648
648
648
648
648
648
647
647
648
648
647
647
647
647
647
647
647
647
647
646
646
646
646
646
646
646
646
137
137
166
184
199
209
217
223
230
234
237
241
247
247
247
250
251
251
253
253
258
283
291
299
304
314
326
328
328
330
332
333
334
334
334
335
336
336
336
336
337
337
337
337
337
337
338
338
338
338
338
330
338
338
338
338
338
339
339
337
337
339
339
339
787
787
787
787
782
771
764
758
749
748
748
740
740
740
741
737
735
733
729
721
703
703
693
682
674
668
666
659
657
655
653
653
653
653
649
649
650
650
649
649
649
648
648
648
648
648
649
663
649
647
647
647
647
647
647
647
647
648
648
646
646
646
646
646
145
145
166
181
197
197
207
221
229
234
241
241
241
244
246
247
249
251
254
259
270
284
293
299
307
307
315
310
327
330
331
332
333
333
334
335
335
335
335
336
336
336
337
337
337
335
338
337
338
338
338
338
338
338
338
338
338
338
338
338
339
339
339
339
759
759
743
736
725
682
657
650
650
649
648
647
647
647
647
646
646
646
646
646
646
645
645
646
646
646
646
646
646
633
633
645
646
646
646
646
646
646
646
646
646
646
646
646
646
646
646
646
646
646
646
646
646
646
646
646
645
645
645
646
646
646
646
646
184
184
200
203
216
225
242
225
242
256
265
279
282
314
315
335
335
337
338
338
338
343
343
340
339
339
341
341
342
342
341
340
341
343
343
340
340
340
339
339
339
339
338
338
339
339
338
338
338
338
338
338
337
337
337
337
337
336
337
337
337
337
337
337
784
784
761
756
741
736
736
732
732
730
697
687
687
674
660
654
651
649
649
648
647
647
647
646
646
646
646
645
645
645
645
645
645
644
645
645
645
645
645
644
645
645
645
645
645
649
649
646
646
646
646
646
646
647
646
646
646
646
647
647
647
646
646
646
193
193
203
215
224
226
240
246
251
256
263
281
297
304
318
326
332
332
332
325
334
336
336
336
337
337
337
337
338
338
338
338
339
339
339
338
338
338
338
338
338
338
338
338
337
337
337
337
337
337
337
348
348
337
324
328
328
336
336
336
336
336
336
336
786
786
772
761
751
745
740
735
732
720
717
709
705
690
680
680
657
655
654
652
650
650
649
648
649
648
647
644
644
644
647
650
647
646
646
646
646
646
647
647
647
646
646
646
647
647
644
644
647
647
647
648
648
647
647
647
648
647
648
648
648
649
648
648
167
167
188
205
223
224
237
239
250
255
261
272
282
291
302
315
326
328
330
333
334
334
335
336
336
344
344
351
337
345
338
338
338
337
338
339
339
339
338
338
339
339
339
338
338
338
338
337
337
337
337
337
337
336
337
337
338
338
336
336
336
335
335
335
787
787
779
769
758
750
740
739
735
732
728
719
710
703
669
669
666
659
656
655
653
653
652
650
649
649
649
648
648
648
648
647
647
647
647
647
647
646
645
645
645
647
654
654
647
647
647
647
647
649
649
648
647
647
647
646
646
648
648
648
648
648
652
652
190
190
203
217
220
229
236
242
247
252
258
267
277
291
294
309
315
325
328
329
331
333
333
333
334
335
336
336
336
336
337
337
337
337
337
337
337
338
337
338
338
338
338
338
338
339
339
338
338
338
338
338
337
337
337
337
337
336
336
336
336
336
336
336
787
787
784
774
765
757
749
745
739
735
731
727
717
708
692
680
680
667
658
656
655
654
652
651
650
650
649
649
649
649
648
648
648
648
648
647
647
650
650
647
647
646
647
646
647
647
647
647
647
647
647
647
647
647
647
647
647
647
648
648
648
648
648
648
192
192
206
216
225
231
235
242
249
254
271
277
280
287
294
303
304
323
329
331
332
334
334
334
335
336
336
336
337
337
339
339
337
337
337
338
338
338
336
336
337
338
338
326
318
318
338
338
338
339
338
338
338
338
338
338
338
338
338
338
338
337
337
337
