151
173
184
191
198
200
208
214
214
217
221
223
225
227
229
231
233
234
235
235
237
239
248
240
243
242
243
243
243
244
244
244
244
246
246
246
246
246
245
245
247
247
247
247
249
249
249
249
249
249
249
249
249
249
251
251
251
251
251
251
251
252
256
256
973
973
951
925
912
901
892
885
884
870
863
854
852
844
839
833
830
824
820
813
812
809
802
799
799
796
789
787
788
787
784
784
784
784
780
778
775
773
773
771
771
772
772
765
765
765
764
763
763
763
760
759
759
759
756
756
755
754
755
754
760
760
760
752
21
21
49
68
90
97
103
115
119
129
135
140
145
152
159
161
168
172
172
178
180
185
190
192
197
199
205
205
206
209
210
211
211
216
216
216
218
215
219
222
223
224
225
226
228
228
229
229
229
229
229
229
231
232
231
232
232
235
235
234
234
236
236
235
975
975
960
932
911
897
897
896
881
876
868
862
860
856
844
841
838
833
832
825
816
815
812
812
808
798
797
789
788
786
780
777
777
774
771
769
767
765
763
755
755
757
757
756
754
754
753
752
752
752
749
748
749
748
747
745
746
746
746
747
745
745
741
741
15
15
41
68
75
76
84
88
100
112
120
124
127
129
139
143
149
156
158
162
167
171
176
179
186
189
189
191
193
198
201
201
205
207
211
211
213
216
216
216
218
220
220
220
225
233
233
227
227
227
229
229
230
248
232
232
232
233
234
234
234
234
235
235
992
992
950
936
917
906
900
884
878
878
870
860
860
860
851
848
842
837
833
826
826
826
815
812
807
807
803
801
798
790
772
783
781
781
778
777
775
768
767
767
761
760
760
760
759
756
755
753
752
751
750
749
749
748
747
747
738
745
745
745
744
743
743
743
12
12
43
68
72
85
89
95
102
109
114
123
128
129
134
144
148
148
152
157
162
165
167
169
176
186
186
186
188
191
193
193
197
200
200
206
208
210
211
213
214
217
217
219
219
220
219
223
225
226
226
226
227
229
229
229
233
235
233
233
233
233
233
233
980
980
952
930
915
908
897
890
888
877
868
865
864
858
855
852
844
844
836
834
829
826
823
820
816
813
810
803
803
796
793
791
787
787
780
780
780
776
771
769
768
767
764
759
758
756
756
755
752
751
750
750
748
747
745
745
745
745
741
741
741
738
738
741
11
11
39
47
70
79
92
93
106
106
106
117
121
121
130
134
147
147
147
146
152
159
161
166
173
176
176
180
191
191
191
192
194
196
199
199
203
203
207
209
211
213
214
216
217
219
221
224
223
224
227
227
228
228
228
232
232
229
229
231
232
232
233
235
505
556
556
596
642
655
668
706
710
717
738
738
738
750
750
750
760
760
749
749
751
751
751
754
754
754
760
760
760
762
762
749
749
746
746
746
746
746
746
746
746
740
740
740
731
731
728
728
725
725
725
718
718
738
738
746
733
744
744
744
743
741
741
742
11
11
41
56
70
78
82
92
99
108
110
111
119
124
128
133
136
141
144
152
156
156
159
163
167
167
175
175
184
184
187
188
192
193
196
199
200
203
205
207
210
213
213
216
216
217
217
221
221
223
223
223
226
227
228
228
229
231
232
232
232
234
234
233
854
854
828
800
776
756
747
744
740
738
738
737
737
737
736
736
736
735
734
731
731
733
733
733
732
732
732
732
733
732
731
731
730
724
730
730
730
730
730
736
736
730
730
730
730
717
717
729
730
729
729
726
726
726
729
728
728
728
729
729
728
728
727
727
63
63
63
82
92
95
104
111
116
119
126
129
136
138
138
154
159
169
175
175
184
191
197
203
208
212
215
219
223
223
225
226
229
230
231
234
234
236
237
236
237
239
240
242
242
243
244
245
247
247
248
248
249
250
250
251
251
251
251
252
252
252
252
253
924
924
910
902
895
890
881
880
874
869
865
861
856
851
846
836
836
832
825
821
811
808
802
794
788
780
773
767
764
762
757
752
750
750
749
749
749
746
746
744
743
742
742
742
742
742
741
740
740
740
740
739
739
738
738
737
737
737
738
736
736
735
734
735
39
39
58
64
68
75
80
90
91
95
101
103
110
120
127
133
147
147
147
165
165
171
175
185
190
195
206
206
210
214
218
224
226
230
230
232
235
235
240
241
241
241
241
241
241
244
247
247
247
248
248
250
250
250
252
252
253
253
253
253
253
254
256
256
929
929
914
900
899
895
892
887
883
879
876
872
868
864
860
851
850
848
844
838
836
836
830
828
812
812
808
800
800
788
778
772
765
763
762
760
757
756
755
754
752
751
751
750
748
748
748
746
746
746
745
744
743
743
743
743
742
742
741
741
741
740
740
741
40
40
51
60
64
66
71
79
82
86
89
95
106
106
108
112
118
127
132
141
144
157
157
157
168
178
184
189
196
199
204
209
214
216
224
230
229
230
231
232
235
235
237
240
243
243
243
243
245
246
247
248
248
248
249
249
249
252
252
251
251
251
253
256
926
926
914
907
904
898
891
891
891
886
876
875
871
868
868
865
864
858
855
851
848
847
840
838
838
833
823
820
811
810
808
792
787
784
772
768
765
762
760
758
757
755
753
752
752
751
750
750
749
748
747
742
742
747
748
747
744
743
742
742
742
741
741
741
39
39
50
55
59
64
65
79
81
81
87
90
94
94
103
104
107
108
122
123
129
136
139
153
157
164
172
178
189
196
196
205
205
209
222
222
224
224
225
230
232
234
234
236
239
240
241
243
243
244
244
247
247
248
248
249
250
250
250
251
251
251
251
253
928
928
912
909
905
898
894
894
890
886
886
880
878
875
872
868
863
863
860
854
854
852
851
844
840
838
836
829
824
819
816
805
800
792
780
779
770
768
768
762
760
758
756
756
752
751
752
751
749
746
746
746
746
745
745
743
743
743
743
742
742
742
742
741
40
40
49
54
59
68
68
68
76
79
84
92
94
94
95
99
105
109
115
116
124
128
133
140
152
153
167
167
167
177
185
191
195
199
211
212
216
220
223
223
230
233
233
233
237
239
240
241
243
243
244
244
250
250
249
248
249
249
250
251
251
252
252
252
894
894
881
872
864
846
834
815
787
763
756
748
747
745
742
741
740
738
738
737
737
736
735
735
735
735
735
734
734
733
733
732
732
730
730
731
731
729
729
730
730
730
729
729
729
728
728
728
728
726
726
726
726
726
725
725
725
725
725
725
725
725
723
715
50
50
57
63
73
79
86
91
97
97
101
110
117
119
119
124
136
145
155
168
173
181
195
196
201
212
218
224
232
233
235
239
241
241
242
244
245
248
248
249
249
252
252
252
252
253
254
255
255
255
255
257
257
257
257
255
259
259
259
259
259
260
261
264
916
916
903
903
899
892
888
888
885
884
877
872
864
862
860
854
849
845
835
835
830
821
815
803
791
781
772
768
761
757
754
752
749
748
747
743
742
741
738
737
737
737
735
735
735
735
734
734
733
733
732
731
731
731
730
730
730
729
729
728
728
728
728
728
43
43
49
54
58
65
65
65
65
79
79
94
96
100
105
105
118
120
125
132
144
151
160
166
176
185
196
204
212
219
219
224
232
234
235
243
244
245
245
248
248
249
251
251
251
253
253
253
254
256
256
256
257
258
258
258
259
259
260
260
260
262
262
262
905
907
907
907
903
900
897
895
891
888
887
880
873
869
864
862
861
854
851
847
844
840
830
827
820
813
803
794
776
771
770
764
760
758
754
751
748
745
745
744
741
741
739
739
738
738
736
736
735
734
735
734
736
732
732
731
731
731
730
730
729
729
729
729
43
43
42
47
47
57
64
67
74
78
79
85
85
88
93
101
102
106
111
119
126
134
150
150
157
163
172
180
192
203
211
218
222
232
234
238
240
238
241
243
245
245
247
248
251
251
252
251
252
251
257
256
256
256
256
257
258
259
259
259
260
260
260
261
921
921
920
913
908
908
904
904
897
892
885
883
878
877
869
867
867
863
859
856
856
845
840
834
832
830
818
812
803
800
786
780
772
767
763
759
756
753
751
747
745
744
744
742
741
740
739
739
738
738
738
735
734
734
733
733
734
734
731
731
731
730
729
729
38
38
47
49
51
55
63
63
66
70
73
75
78
79
79
87
96
98
103
103
111
119
125
134
142
149
156
161
180
184
192
202
212
217
223
232
232
232
235
240
243
244
250
250
249
249
250
258
258
253
253
255
256
256
256
256
256
257
258
259
259
259
259
259
924
924
916
912
910
907
901
899
899
896
894
889
883
883
879
875
872
868
864
863
856
850
846
829
829
823
823
819
814
808
801
790
778
771
771
765
761
759
756
753
749
746
746
745
742
742
742
742
739
738
737
737
736
735
735
734
735
733
732
731
731
729
729
729
31
31
39
47
47
50
55
57
59
65
68
72
74
78
82
90
90
90
97
99
103
112
115
128
128
131
143
151
151
164
171
184
197
205
212
220
223
228
232
234
238
239
243
243
246
247
249
249
250
251
253
253
251
251
251
255
255
263
257
257
257
258
258
259
898
898
893
879
864
848
828
808
775
759
745
741
741
737
732
731
729
728
727
727
726
726
724
724
724
724
722
721
722
721
722
721
722
720
721
720
720
720
720
719
719
719
718
718
718
718
718
718
716
716
716
715
715
715
715
715
715
715
715
715
715
707
714
714
47
47
55
66
74
78
83
91
103
108
108
111
115
123
131
139
152
166
169
179
196
207
218
225
235
238
241
247
248
248
251
252
257
257
259
260
261
262
263
263
264
265
265
266
268
268
269
270
270
270
270
270
280
270
271
270
270
270
270
270
270
268
268
268
923
923
913
912
901
896
896
886
881
876
871
865
860
856
850
843
836
828
818
806
796
791
785
779
774
765
763
759
754
751
749
746
742
740
739
738
736
735
732
731
732
731
729
729
729
728
727
726
725
724
724
724
723
723
723
723
721
721
714
715
715
720
720
720
42
42
47
54
56
66
73
73
80
88
92
96
105
107
108
110
116
119
124
128
135
145
156
164
180
191
199
212
219
227
237
238
243
247
248
252
254
258
261
260
262
262
264
265
265
266
267
266
267
267
268
268
269
270
270
270
270
271
271
271
271
271
271
271
921
921
914
912
903
899
892
887
887
883
879
873
869
866
860
858
856
852
850
843
832
826
824
815
803
794
792
788
774
774
772
768
764
761
758
753
749
744
742
742
739
734
733
733
732
731
730
730
727
726
727
728
728
725
724
724
723
720
720
721
721
721
721
721
44
44
45
50
56
60
63
70
76
80
95
96
97
103
108
108
112
115
120
122
124
129
131
136
139
149
160
170
179
218
218
218
219
230
234
240
248
250
252
256
257
260
262
264
264
265
265
265
269
270
271
273
275
273
273
273
273
274
274
275
275
275
276
276
909
917
917
911
905
901
897
892
888
886
877
877
873
870
870
867
863
862
862
859
854
843
838
838
836
827
817
804
795
790
785
783
774
767
766
764
760
756
755
750
746
743
740
737
734
733
731
731
730
728
728
727
725
725
725
724
724
724
723
722
721
721
721
721
31
31
43
61
61
65
67
68
71
78
81
87
90
99
111
113
113
122
124
124
124
127
128
137
139
139
143
151
152
162
172
183
198
208
217
223
227
234
240
244
249
253
256
258
261
262
264
266
267
268
269
269
270
272
272
272
271
271
271
273
273
273
273
273
922
922
917
911
905
901
897
896
887
887
887
881
878
875
875
871
869
868
865
860
860
860
855
851
845
839
832
824
814
803
793
786
783
778
774
766
766
764
759
756
752
750
744
742
739
736
735
731
730
729
728
728
725
724
724
723
724
723
723
722
722
721
721
721
33
33
43
47
51
51
55
66
71
79
81
89
96
96
101
105
110
111
117
122
126
128
130
133
133
133
139
140
141
147
153
167
168
178
189
194
213
220
226
232
237
241
245
249
255
256
259
263
264
264
266
267
269
269
269
268
269
269
270
270
270
270
270
270
