1 482
2 482
3 481
4 481
5 482
6 482
7 482
8 482
9 482
10 482
11 482
12 482
13 481
14 482
15 481
16 481
17 481
18 481
19 482
20 481
21 481
22 481
23 481
24 482
25 482
26 482
27 482
28 482
29 481
30 481
31 474
32 463
33 474
34 481
35 481
36 481
37 481
38 481
39 481
40 482
41 482
42 482
43 481
44 481
45 481
46 482
47 482
48 482
49 482
50 482
51 481
52 481
53 482
54 482
55 481
56 481
57 481
58 481
59 481
60 481
61 481
62 482
63 482
64 482
1 714
2 716
3 716
4 716
5 714
6 714
7 714
8 714
9 714
10 714
11 712
12 711
13 705
14 701
15 701
16 695
17 693
18 686
19 679
20 676
21 672
22 668
23 664
24 661
25 654
26 643
27 633
28 629
29 628
30 624
31 624
32 624
33 623
34 622
35 622
36 622
37 621
38 620
39 620
40 620
41 620
42 620
43 620
44 619
45 619
46 620
47 620
48 620
49 619
50 620
51 619
52 619
53 619
54 619
55 619
56 619
57 619
58 619
59 619
60 619
61 619
62 619
63 619
64 619
1 164
2 164
3 186
4 201
5 205
6 222
7 231
8 238
9 242
10 244
11 253
12 269
13 259
14 260
15 260
16 263
17 264
18 265
19 266
20 266
21 269
22 272
23 274
24 276
25 278
26 280
27 285
28 288
29 292
30 296
31 300
32 304
33 308
34 312
35 312
36 317
37 332
38 340
39 345
40 348
41 350
42 350
43 352
44 353
45 353
46 352
47 352
48 353
49 355
50 353
51 355
52 356
53 356
54 356
55 356
56 356
57 356
58 357
59 357
60 357
61 357
62 357
63 357
64 357
