135
155
174
183
188
193
199
200
206
208
210
212
214
215
217
219
219
219
227
227
227
224
225
224
225
225
225
227
228
228
228
228
228
229
229
230
230
229
229
230
230
234
234
234
231
231
231
232
232
232
232
232
233
233
233
233
233
234
234
234
234
234
234
235
952
952
924
911
905
890
879
871
858
854
847
840
834
829
824
818
815
811
801
801
801
796
796
791
787
785
783
782
779
779
776
775
774
773
772
770
769
768
768
768
766
766
766
764
764
763
763
763
751
762
762
762
761
761
760
761
760
760
759
759
759
758
758
758
19
19
47
63
82
103
110
113
122
128
134
137
144
147
151
154
157
160
163
167
169
171
176
178
179
180
185
188
189
190
193
194
195
197
199
199
207
204
205
205
207
207
208
209
209
210
211
211
212
213
214
214
215
216
217
217
217
217
217
218
219
220
219
220
962
962
940
921
903
901
891
885
874
860
855
850
848
846
840
832
827
822
819
815
811
808
805
802
796
788
789
788
788
783
780
780
780
777
772
773
770
770
770
770
768
767
766
765
765
763
762
762
761
761
760
759
759
759
758
757
757
757
757
757
755
755
755
755
15
15
41
58
75
86
97
111
113
118
125
129
132
138
141
145
148
149
154
154
155
160
163
163
163
167
171
174
175
177
178
182
183
183
184
188
189
190
195
195
196
198
198
200
202
204
205
207
208
208
209
210
210
210
213
214
215
215
215
216
217
217
218
219
963
963
938
924
910
900
896
871
871
864
860
856
848
841
835
832
825
824
823
819
816
812
812
806
803
802
799
791
783
789
787
787
784
784
782
780
779
777
776
772
771
771
770
768
766
765
764
763
762
762
761
759
759
759
758
757
752
756
750
755
754
754
754
754
13
13
35
53
84
84
102
103
109
115
121
127
130
133
138
141
143
144
149
151
154
158
161
158
161
164
166
167
167
170
173
174
176
178
179
181
184
186
186
187
188
190
192
193
193
195
197
199
201
202
202
202
204
206
208
208
209
210
213
213
213
214
214
215
958
958
940
928
905
899
882
880
866
862
856
850
844
840
836
836
833
829
823
818
818
817
812
809
808
805
803
803
797
795
794
792
788
786
786
784
784
782
781
778
776
776
775
773
770
770
768
768
766
765
763
762
762
762
760
758
758
758
758
756
756
755
755
755
11
11
41
57
71
83
93
101
106
113
120
124
128
131
135
137
141
142
143
146
152
152
155
156
157
160
161
163
165
166
169
170
171
173
175
176
178
179
180
183
186
186
188
188
190
191
192
192
194
195
199
199
199
200
203
204
205
206
207
212
211
212
211
212
958
958
939
921
908
899
885
875
868
860
854
852
844
840
840
834
831
827
827
827
824
815
813
811
811
808
803
800
800
800
799
796
794
792
790
789
788
785
784
782
781
778
777
776
775
772
771
770
769
766
765
765
764
762
762
760
760
759
759
757
754
756
755
755
12
12
38
56
71
82
92
99
111
112
118
125
132
132
132
132
137
137
140
143
145
147
149
155
155
155
158
161
161
163
164
166
166
168
170
172
175
175
175
177
180
182
184
184
184
187
190
191
191
193
195
196
196
197
199
199
201
203
203
204
208
208
208
208
834
834
811
800
785
772
763
755
752
751
747
744
743
740
738
738
738
737
734
733
731
731
730
730
729
729
729
729
729
729
729
729
729
729
729
730
730
731
731
731
730
730
730
724
724
723
730
729
730
729
730
724
730
729
729
729
729
729
729
729
729
730
730
729
66
66
79
89
99
103
103
116
119
124
127
128
131
140
140
143
148
149
151
153
159
164
165
165
168
173
174
175
176
182
185
188
190
193
196
200
200
201
203
206
211
211
212
213
216
217
217
217
219
219
220
221
222
222
223
223
223
224
226
229
229
229
228
228
911
911
893
886
876
870
865
861
857
847
847
846
841
839
838
835
834
830
828
824
820
817
815
811
808
801
797
792
788
786
776
775
772
767
765
761
758
757
749
749
747
748
747
744
743
741
741
740
739
738
738
738
737
737
737
737
737
737
735
735
735
735
735
735
76
75
76
84
86
94
100
103
103
113
115
115
120
121
126
126
131
135
136
141
141
148
148
152
155
155
164
169
173
173
177
181
184
188
191
197
199
204
208
208
212
213
215
215
219
219
219
221
221
215
215
224
226
227
228
228
228
228
229
229
231
231
231
231
916
916
900
892
888
884
878
878
868
868
868
865
861
858
856
854
849
849
846
845
838
838
836
834
831
825
823
823
818
817
807
807
805
800
795
791
787
780
779
776
772
769
766
763
761
758
755
751
751
751
751
747
747
745
747
745
744
744
744
743
742
742
742
742
63
63
73
76
87
92
92
96
99
102
104
105
109
112
114
118
118
121
124
127
128
131
134
135
137
142
146
148
148
152
155
162
167
171
178
179
183
189
190
191
197
200
202
206
207
210
213
213
217
218
219
220
222
223
224
224
225
225
225
225
225
224
225
227
911
911
904
895
890
885
881
878
875
871
869
869
869
865
864
862
861
860
854
850
850
845
839
839
840
840
840
833
832
828
826
817
814
814
811
806
801
797
794
785
781
780
777
774
772
768
765
761
760
759
755
754
754
752
752
748
748
747
746
746
745
745
744
744
60
60
72
72
76
85
87
92
95
99
99
103
105
106
110
112
114
116
118
119
120
124
128
129
132
134
135
138
144
145
146
145
150
157
158
162
166
171
175
180
184
186
189
193
201
201
201
206
210
211
214
216
217
222
222
222
223
223
224
225
225
226
226
227
915
915
903
896
892
886
883
879
877
876
872
872
871
869
868
863
863
860
860
856
855
855
853
849
847
847
843
840
838
835
832
828
826
824
820
818
813
805
801
801
797
794
792
787
784
778
774
770
768
764
761
759
758
756
754
751
750
750
749
747
747
747
747
746
61
59
61
74
84
88
90
90
93
96
98
102
104
106
107
108
112
115
117
117
120
122
124
125
128
129
131
136
136
138
140
140
144
148
152
156
156
157
161
166
175
177
180
188
188
188
195
198
201
206
209
211
213
216
218
220
222
222
222
225
225
225
226
226
881
881
872
867
859
851
843
834
822
809
794
782
769
757
751
749
746
745
745
744
742
741
740
740
740
740
737
737
738
739
739
739
739
739
738
738
738
738
738
738
738
738
738
737
737
737
737
737
737
737
737
737
737
737
737
736
736
736
736
736
736
737
737
736
67
67
71
80
84
90
90
97
99
102
107
108
108
125
125
120
120
123
125
129
130
130
131
132
134
136
137
142
143
149
154
160
167
179
188
195
209
210
212
213
217
217
217
216
217
217
218
220
221
224
230
227
229
229
229
231
232
233
234
235
238
239
240
241
909
909
903
897
892
889
888
883
880
876
876
874
868
868
868
864
859
856
851
848
844
840
836
833
828
822
817
808
808
808
796
792
785
783
780
776
773
769
768
766
764
762
761
760
760
758
755
753
751
750
750
749
747
747
747
747
743
743
744
744
744
743
743
743
66
66
76
80
82
86
90
94
95
95
103
103
104
108
110
111
113
113
115
117
117
119
121
121
122
125
125
125
129
129
129
133
135
139
148
150
158
175
180
187
196
202
204
207
209
210
211
211
212
216
219
222
225
227
229
231
231
231
233
240
240
240
240
241
915
915
906
902
899
896
895
889
888
885
883
881
880
878
872
871
867
864
861
856
853
850
844
844
841
840
839
833
831
827
823
821
816
811
808
804
799
794
791
787
785
779
775
772
768
766
762
758
758
756
753
751
752
751
752
748
752
747
744
744
744
743
743
743
66
66
69
72
72
78
81
86
92
92
94
96
98
99
100
105
106
109
110
114
114
114
116
118
119
120
121
122
124
124
126
127
129
132
136
140
148
153
160
168
178
187
194
202
204
206
208
209
210
211
213
213
217
219
219
224
226
229
231
233
234
236
237
239
910
910
909
905
900
898
895
892
892
889
887
883
883
877
875
873
870
867
866
862
860
857
851
850
848
846
843
842
837
834
832
828
825
818
816
812
809
806
800
795
794
789
784
780
776
776
768
765
762
757
757
754
753
753
752
751
749
750
749
750
748
748
746
746
71
50
69
69
73
76
79
82
85
88
91
92
94
96
99
99
103
104
107
107
108
111
113
114
118
118
118
121
124
125
125
127
130
132
134
146
150
150
158
162
176
185
191
195
201
207
208
207
207
207
214
214
217
218
220
222
223
226
228
229
231
233
233
236
897
916
908
908
905
898
896
895
889
888
887
888
887
880
876
874
872
868
867
862
862
862
855
850
846
846
844
844
840
837
833
830
830
827
827
822
819
815
810
806
803
798
793
788
781
780
776
775
767
764
763
757
756
756
755
754
753
752
751
750
749
750
749
748
57
57
62
62
70
71
72
80
81
84
87
90
94
94
99
101
101
105
109
109
109
110
111
115
117
119
120
120
121
124
127
129
129
131
132
137
143
147
157
164
165
166
190
194
199
203
205
207
214
213
213
213
214
217
217
219
222
225
228
228
233
231
236
234
898
898
889
878
869
857
846
835
832
813
791
776
760
754
750
748
747
746
745
743
743
742
741
741
740
740
740
739
738
737
737
737
737
736
736
736
737
737
736
736
734
734
736
736
737
737
737
737
737
736
736
737
739
737
737
737
736
737
738
738
737
737
737
736
53
53
55
62
67
72
77
82
82
87
97
101
103
105
112
114
116
117
119
121
122
123
128
131
138
139
147
161
174
175
186
194
195
200
201
208
212
218
223
227
232
236
240
242
244
246
248
248
249
249
249
252
253
253
255
256
256
256
258
258
258
258
258
258
915
915
908
902
899
894
894
886
882
878
870
869
864
859
857
853
848
847
844
839
836
833
831
825
820
814
799
797
790
783
776
775
766
763
756
754
752
752
746
743
743
743
743
741
741
740
739
737
736
733
732
732
732
731
731
730
730
729
730
729
729
728
729
728
47
47
53
54
55
63
66
67
72
75
83
92
92
94
103
103
111
103
112
118
121
121
121
128
129
129
131
134
137
139
147
155
159
178
193
193
197
202
205
208
212
221
227
227
231
235
241
243
246
253
254
254
257
257
258
259
259
261
261
261
262
264
264
263
918
918
901
901
900
895
886
881
881
880
878
872
867
865
865
859
858
856
856
854
850
845
842
840
838
838
835
827
824
822
812
802
796
781
773
765
763
758
754
750
750
751
751
750
748
744
744
743
740
735
735
731
730
726
726
724
724
724
723
723
723
723
724
722
45
45
49
55
76
76
71
71
75
79
85
90
90
90
98
102
109
110
112
112
117
119
122
124
127
128
133
136
137
141
146
155
162
162
170
180
190
197
201
207
210
213
213
217
224
225
231
232
236
245
247
247
251
256
257
259
259
261
262
263
263
263
263
263
917
917
911
909
899
894
889
888
882
879
876
873
871
867
865
863
862
859
858
856
852
851
845
844
844
840
836
832
831
826
820
816
807
795
789
781
773
766
761
757
756
755
754
753
747
747
747
748
747
741
739
739
736
733
732
729
723
723
723
722
722
722
721
721
41
41
49
51
55
60
63
68
75
79
83
87
92
93
98
100
104
110
113
116
116
120
122
125
127
130
131
135
144
144
145
151
160
160
167
175
180
190
198
204
207
208
215
217
219
220
224
227
231
234
242
246
246
249
252
257
265
259
260
260
260
261
261
261
909
910
909
904
898
897
892
888
882
880
877
874
872
868
867
865
863
861
857
856
856
852
850
847
844
841
838
835
830
827
824
820
812
805
796
788
779
774
767
761
759
758
756
754
753
752
752
752
750
748
745
741
739
739
736
731
729
727
723
723
723
721
721
721
41
41
50
55
60
63
66
68
71
74
82
87
89
93
97
100
103
105
110
113
115
115
119
121
125
131
136
144
144
144
147
150
154
158
163
171
177
187
195
202
207
212
216
218
218
220
223
224
226
229
233
236
240
245
246
249
252
256
257
259
259
259
261
261
