53
55
58
62
61
62
63
66
66
62
61
59
60
60
62
62
63
63
63
59
59
58
61
58
62
57
62
59
62
62
62
62
60
60
62
66
66
63
63
63
63
63
63
63
63
63
63
64
64
64
64
64
64
64
65
65
63
63
64
64
64
64
64
64
944
948
944
932
932
927
925
920
920
920
920
919
918
917
916
916
914
914
912
912
911
911
911
910
909
907
907
907
907
906
906
905
903
903
903
901
900
900
900
899
899
898
898
897
896
896
895
894
893
893
893
892
891
890
890
889
888
887
887
887
888
886
886
886
13
13
26
33
35
40
42
42
44
44
48
48
48
49
50
52
53
53
55
55
55
55
55
56
56
56
56
56
47
57
58
58
58
58
57
56
55
55
55
59
57
60
60
60
60
59
59
61
61
61
61
61
63
63
61
60
61
62
62
62
63
63
63
63
947
947
937
933
929
928
927
923
921
920
920
919
918
917
916
916
915
914
912
912
912
910
910
910
909
908
907
906
906
905
904
903
902
903
902
899
899
893
897
894
896
896
896
896
895
894
893
892
892
888
888
889
890
889
888
888
887
885
885
885
885
884
880
880
11
11
21
26
27
35
35
37
42
44
44
44
46
47
47
49
49
50
47
47
47
53
56
56
54
54
54
56
56
55
55
56
57
67
57
60
59
59
58
58
60
60
71
59
60
59
60
60
63
63
64
60
64
64
64
60
60
61
61
61
59
62
62
62
943
943
937
930
930
925
925
924
922
921
919
919
919
917
916
915
915
913
912
912
912
912
912
912
907
907
903
903
904
904
903
902
903
902
903
900
899
898
897
888
888
888
890
894
894
894
892
892
892
890
890
890
888
888
888
887
884
884
883
883
879
872
879
880
7
7
20
23
29
33
36
36
39
40
41
44
46
48
49
49
49
49
50
51
51
51
47
51
51
54
56
56
55
53
53
55
56
56
57
57
58
58
58
57
58
58
58
58
58
59
59
55
55
58
60
60
60
60
59
59
59
60
61
66
66
61
60
60
944
944
940
936
931
927
926
925
922
921
920
918
920
918
916
915
914
913
913
913
912
910
910
910
904
904
904
904
904
904
903
903
902
900
900
899
899
898
897
895
893
883
893
893
893
893
892
890
890
890
889
888
888
885
877
884
878
884
882
882
882
882
880
880
10
10
18
24
27
31
36
36
38
38
39
39
45
47
47
47
49
49
49
49
50
51
51
51
54
54
54
54
58
58
63
56
56
56
56
56
57
58
58
58
58
58
58
58
59
60
59
59
57
57
59
59
59
59
60
61
61
61
61
61
61
61
61
61
943
943
936
929
929
927
925
925
924
920
920
919
917
917
916
917
915
913
913
912
912
911
913
910
908
908
907
908
906
912
903
903
902
902
901
901
898
898
898
897
895
895
895
893
892
891
891
891
890
890
887
887
887
884
884
884
884
883
882
882
880
880
879
879
10
10
17
18
23
31
33
36
37
39
41
43
43
43
44
47
47
48
50
50
50
51
52
52
53
56
56
54
54
54
54
55
56
56
57
57
58
58
58
58
58
58
59
59
59
59
59
59
60
60
59
59
60
61
61
61
61
61
61
61
63
62
62
61
915
915
903
902
889
887
882
879
873
870
865
864
857
853
850
843
839
839
838
837
834
832
831
831
830
830
828
825
823
822
821
820
820
818
812
812
816
816
814
812
812
813
813
810
809
808
808
808
808
806
805
805
805
803
802
802
802
801
800
800
800
800
798
797
0
0
0
7
16
23
28
31
35
38
39
42
46
47
47
48
49
52
52
53
50
54
55
55
57
60
60
60
59
59
59
59
59
60
60
60
60
62
62
64
64
64
64
68
68
63
63
65
65
66
66
66
67
73
73
70
69
70
67
69
67
67
67
67
924
924
922
920
917
915
914
912
910
909
909
902
902
904
904
901
900
897
896
893
891
888
885
883
881
876
874
866
865
861
857
855
850
847
844
841
839
839
837
833
830
829
828
827
824
823
822
821
817
817
813
813
815
815
812
811
811
809
808
808
807
807
804
804
4
4
9
16
26
34
39
40
40
40
44
46
47
49
50
51
51
53
55
55
55
55
56
57
59
59
59
61
61
61
61
62
62
62
63
63
63
64
65
65
66
66
67
67
67
67
67
69
69
74
70
74
76
76
70
70
69
71
71
73
73
73
73
73
922
922
920
919
920
919
915
915
914
912
910
909
907
907
905
905
903
903
901
899
898
896
894
892
890
888
884
883
880
880
874
872
867
863
862
856
854
850
844
844
841
838
837
835
833
831
829
828
825
823
822
821
819
819
818
816
815
815
815
812
810
808
804
806
1
1
7
22
28
32
36
39
40
43
45
48
48
48
50
51
51
53
55
56
55
56
57
61
61
61
61
61
59
62
64
64
66
66
66
66
66
67
68
68
68
69
69
70
70
71
71
71
72
72
72
73
72
73
73
73
75
73
76
76
76
76
77
77
927
927
924
922
918
918
914
914
913
911
911
908
908
908
908
907
905
903
903
901
900
898
896
893
894
893
893
890
887
885
882
880
880
877
869
868
861
858
857
854
847
844
844
843
840
840
840
831
828
828
823
823
822
822
821
820
813
813
815
815
815
815
810
809
14
14
17
25
30
34
38
41
41
45
45
45
45
49
51
52
52
52
53
57
65
59
61
61
62
62
62
67
67
58
58
65
66
68
68
68
68
70
70
71
71
74
75
76
76
75
74
75
75
75
76
77
77
78
78
78
80
80
80
80
79
80
89
89
928
928
924
921
919
915
915
915
913
912
911
911
911
909
907
906
906
904
903
902
901
899
898
898
897
895
885
895
885
887
886
887
886
880
880
875
874
869
866
863
862
860
852
847
846
843
840
832
833
831
831
829
827
826
824
824
822
819
817
819
817
814
814
814
8
8
17
27
32
36
41
43
43
43
45
48
48
47
47
54
54
57
57
57
63
63
61
61
61
62
61
64
65
67
67
67
67
70
71
72
72
72
74
74
75
75
76
77
77
77
82
82
80
79
79
79
79
80
80
81
81
79
79
83
83
85
83
84
914
917
914
906
906
901
899
896
880
868
856
843
833
827
824
815
810
808
808
804
796
793
791
790
790
788
787
786
783
782
782
782
780
776
776
776
775
774
773
772
771
770
767
767
766
766
757
757
762
762
762
760
759
759
759
758
756
756
756
754
754
754
751
751
0
0
11
24
34
40
44
47
48
54
56
59
61
63
63
65
67
67
67
74
76
76
78
78
80
81
83
84
85
87
87
87
89
89
92
93
94
95
96
96
98
100
100
100
103
104
104
107
109
109
109
111
112
111
113
118
119
122
124
124
124
125
128
128
910
915
910
910
908
904
902
902
902
900
900
899
897
897
897
895
895
894
893
892
891
891
890
889
889
887
885
882
881
881
878
876
874
863
861
859
852
842
838
831
828
822
814
814
812
806
805
804
801
799
798
795
793
793
791
788
788
786
784
780
780
777
775
776
0
0
29
36
40
44
46
52
54
55
55
58
60
61
64
67
67
67
72
74
79
79
80
85
87
88
90
91
99
100
100
105
107
112
114
118
119
127
132
137
142
145
149
151
153
157
159
162
165
166
168
169
171
174
174
174
174
169
175
177
177
178
178
179
924
924
914
911
912
912
912
906
905
903
903
898
900
898
897
897
896
894
893
893
893
893
892
890
890
888
888
886
884
882
877
876
876
874
872
863
857
851
843
836
829
822
820
816
813
810
807
804
804
799
798
788
788
790
790
789
788
787
784
780
780
777
775
776
0
0
22
32
54
54
51
51
53
53
59
62
62
65
69
69
69
76
76
85
88
88
92
99
104
111
114
124
130
136
140
144
147
152
155
158
160
162
164
166
167
168
168
171
172
172
173
175
175
176
176
178
179
179
179
180
180
180
181
182
183
184
184
184
926
926
919
916
911
910
909
907
905
902
902
900
897
897
897
895
891
891
892
892
892
891
888
887
886
884
883
880
880
877
875
872
870
865
861
856
849
841
836
828
821
817
813
809
804
802
801
797
797
797
792
791
789
788
788
786
784
782
782
778
776
775
774
771
3
3
24
34
36
45
51
52
54
56
59
59
64
66
67
71
71
74
80
80
88
88
92
97
104
110
117
124
134
140
142
151
154
154
157
165
165
165
165
165
169
171
172
172
174
175
177
177
178
179
180
182
182
182
182
183
184
183
183
183
185
185
186
186
926
926
916
914
912
909
907
905
904
902
901
899
898
898
897
896
895
892
891
890
890
889
886
885
882
882
882
880
879
876
872
872
869
863
860
855
848
840
829
826
821
816
812
808
808
801
797
794
794
793
790
788
787
785
784
784
781
778
778
776
776
774
769
768
4
4
19
33
39
41
49
53
55
56
61
63
63
63
67
71
75
76
78
80
84
88
94
95
96
105
119
124
136
137
137
147
151
155
161
161
164
166
169
176
176
173
173
176
176
176
176
181
182
182
182
182
183
184
185
185
185
187
187
187
186
186
187
188
905
905
899
896
894
893
879
873
854
820
806
794
787
782
776
768
762
762
759
752
748
747
743
744
743
743
742
741
741
740
740
739
739
738
737
737
737
735
735
735
734
734
733
733
732
732
732
732
732
732
731
731
731
731
731
731
731
731
731
730
729
729
729
729
44
44
47
57
57
61
69
70
76
80
85
91
100
113
138
145
156
164
165
175
179
179
179
183
184
187
187
188
192
192
192
191
191
192
193
196
193
204
195
198
195
196
196
196
196
197
197
198
198
198
199
199
199
200
200
200
200
200
200
200
200
200
200
196
919
919
914
909
907
902
899
895
893
891
887
887
883
880
880
877
875
873
867
867
867
865
862
860
852
852
839
834
824
815
806
795
790
784
781
781
775
772
772
771
770
768
768
763
760
750
750
750
748
744
742
741
740
739
736
734
732
730
729
728
726
726
724
724
36
36
44
47
53
57
62
64
71
77
79
82
82
84
87
87
97
98
103
103
111
118
123
129
137
141
143
153
161
170
175
181
187
190
195
198
200
201
206
206
206
212
212
209
209
209
209
209
210
211
211
211
210
210
209
209
209
209
210
210
211
211
210
210
928
928
915
910
908
906
902
897
897
895
892
892
887
887
885
881
879
879
877
874
870
870
870
866
862
854
851
851
846
840
831
826
817
809
801
792
787
784
781
778
772
768
760
760
760
760
756
756
746
744
743
740
737
733
733
732
729
727
727
727
727
724
723
723
35
35
44
47
50
54
55
56
64
73
75
75
75
77
80
83
86
87
93
97
102
102
106
116
119
123
132
132
133
140
143
143
146
154
158
163
168
175
183
188
193
197
199
204
204
210
213
211
214
214
215
215
215
215
216
216
216
216
216
216
217
218
218
220
929
929
919
913
910
906
904
901
898
895
895
895
892
890
890
886
883
883
880
880
880
875
865
865
864
864
862
856
854
847
833
831
826
817
810
799
789
787
783
780
778
773
771
768
765
762
756
756
753
749
747
743
739
739
737
735
735
735
730
730
730
728
727
725
32
32
39
39
46
55
59
59
62
63
65
70
73
75
77
80
83
86
87
88
95
96
105
110
113
115
120
128
131
136
140
141
146
152
154
160
164
167
172
179
186
191
196
203
204
206
208
210
212
213
215
215
215
216
218
218
219
222
223
224
224
224
223
225
933
933
924
923
914
907
907
905
905
903
899
897
895
895
891
890
890
889
884
880
879
879
877
875
868
866
866
864
859
850
844
844
837
832
823
803
795
795
789
785
777
775
775
774
772
766
765
763
759
755
752
750
747
744
739
739
737
736
735
732
731
730
728
728
31
31
41
46
49
53
61
61
62
64
68
68
69
71
72
72
74
81
81
91
95
96
99
103
107
112
115
121
126
131
139
139
139
146
153
157
157
160
163
175
177
191
191
191
200
204
205
206
208
210
211
212
212
215
217
218
218
219
224
225
227
229
232
232
