480
480
480
480
480
480
480
480
480
478
469
469
480
480
480
480
480
480
480
480
479
479
479
480
480
483
480
480
480
480
480
479
479
480
480
480
480
480
480
480
480
479
479
479
481
481
481
480
480
480
480
480
480
480
480
479
480
479
480
479
479
479
480
480
554
555
554
550
548
548
550
552
552
552
553
555
557
556
557
558
558
559
559
560
561
561
561
561
561
563
563
563
563
563
564
565
565
565
565
565
565
566
565
566
566
566
566
566
566
566
566
566
566
566
566
566
566
566
567
566
567
566
566
566
567
567
567
567
268
268
282
299
322
323
339
350
358
364
370
374
378
381
383
387
387
387
389
392
392
393
394
394
395
395
396
397
398
398
398
398
398
398
399
399
399
400
400
400
401
401
401
401
401
401
402
402
402
401
401
403
403
403
403
404
404
404
402
404
404
404
404
404
721
721
717
701
681
677
660
650
636
627
627
622
613
613
613
604
597
597
597
593
591
591
589
588
576
576
585
586
585
585
585
589
589
584
584
584
585
585
584
584
583
583
583
583
583
583
583
583
583
583
583
583
583
581
583
582
583
583
583
583
583
583
583
583
249
249
267
282
292
300
309
316
321
327
333
337
342
346
352
356
361
366
370
381
382
385
388
390
392
394
395
396
396
397
397
399
400
400
401
401
401
401
401
402
403
406
406
404
403
403
403
404
404
404
405
405
405
405
404
408
406
406
406
405
405
405
405
404
739
739
725
711
699
690
681
674
667
659
654
647
643
637
632
628
624
621
618
610
608
608
605
599
597
597
594
593
593
591
591
590
590
589
589
589
588
588
588
587
587
586
587
586
586
584
586
585
586
585
585
585
585
579
579
585
585
578
578
584
584
584
584
584
241
241
261
268
284
291
299
310
313
315
321
325
329
330
332
330
341
350
354
358
362
366
371
375
379
383
390
390
390
391
393
393
395
395
396
397
397
397
397
398
399
399
399
399
399
399
400
400
400
400
401
401
401
411
401
402
402
402
402
402
403
403
403
403
744
744
728
715
704
694
686
679
672
660
653
649
645
645
639
630
630
628
623
619
618
614
610
599
599
600
600
599
596
596
595
594
593
593
592
592
591
594
590
590
590
590
590
589
589
588
588
588
588
588
587
587
587
587
587
587
586
586
586
587
587
587
587
587
239
239
268
272
273
286
293
305
309
310
315
320
320
324
332
336
339
344
348
352
355
365
365
370
373
376
380
383
385
388
388
388
391
391
393
388
391
391
396
396
396
396
397
398
398
398
398
398
396
396
399
399
395
395
400
400
400
400
400
400
400
400
400
401
748
748
732
719
709
705
700
685
684
664
661
656
656
652
646
643
639
637
631
627
623
619
616
613
609
607
604
604
602
598
598
593
594
593
594
593
591
591
591
591
590
589
586
589
589
589
589
589
588
588
588
588
588
588
588
588
588
588
587
587
587
587
587
587
236
236
253
267
275
283
289
302
308
308
312
317
321
329
329
332
336
341
344
349
354
359
363
368
372
376
378
381
381
384
385
389
390
391
392
393
394
395
395
391
391
396
396
397
398
398
398
400
402
402
399
399
399
399
399
399
399
399
400
400
400
400
400
400
648
648
620
592
589
589
588
588
588
588
587
586
586
586
586
585
585
585
585
585
584
584
584
583
583
583
583
583
582
583
582
582
582
582
583
583
582
581
581
581
581
581
581
581
582
582
582
582
582
582
582
582
582
582
582
582
582
583
582
582
582
582
582
582
243
243
286
308
311
319
334
345
355
363
363
376
393
395
398
398
398
398
399
400
399
400
400
401
402
402
402
401
401
401
401
401
401
401
401
401
402
402
401
401
401
401
401
401
400
400
401
401
400
400
400
401
401
401
383
400
400
401
401
401
401
401
401
401
727
727
714
707
695
684
670
659
649
642
634
626
617
610
604
599
597
597
598
598
592
591
590
590
590
586
590
587
587
587
586
586
586
585
585
585
585
585
585
584
585
584
584
584
583
583
583
583
583
583
583
583
583
583
583
582
582
582
582
582
582
582
582
582
257
257
269
281
296
305
314
320
329
336
343
349
359
365
374
381
386
388
390
390
391
391
393
393
395
395
395
396
396
397
397
397
397
397
398
398
398
399
399
399
400
400
400
400
400
400
400
400
400
400
400
400
400
400
400
400
400
400
401
401
401
401
400
400
729
729
724
716
706
696
684
675
667
660
656
648
642
633
627
618
611
606
602
599
597
597
596
595
595
594
594
592
592
591
591
591
590
590
589
589
589
588
588
588
587
587
587
587
587
587
586
586
586
586
586
586
585
585
584
584
584
584
584
583
583
583
584
583
255
255
266
277
287
298
302
316
329
334
334
340
345
352
359
360
375
380
380
367
367
387
388
388
404
404
390
390
391
391
392
392
392
392
392
393
393
393
394
394
394
394
394
394
394
394
394
395
394
395
395
395
395
395
395
393
393
395
395
396
396
396
396
397
734
734
726
717
707
691
686
678
670
664
658
652
648
642
636
627
620
614
608
604
602
600
600
599
597
597
597
596
595
595
595
595
593
593
593
593
592
592
591
592
591
590
590
590
589
589
589
589
589
589
588
588
588
588
588
588
587
587
587
587
584
587
587
587
254
254
269
276
295
296
305
312
320
331
332
338
342
350
356
357
371
380
381
383
384
384
385
387
387
387
387
389
389
389
390
390
390
390
390
391
391
391
391
395
392
392
392
392
388
388
392
393
393
393
393
393
393
393
393
393
393
393
393
394
394
394
394
394
734
734
726
719
709
698
688
680
673
669
662
656
654
644
639
633
626
619
611
604
604
601
600
599
599
596
596
596
595
595
594
594
594
594
593
593
593
592
591
591
591
591
591
591
591
590
590
590
590
590
591
591
588
588
588
588
588
588
588
588
587
587
587
587
253
253
264
275
294
299
301
310
317
323
323
328
342
351
355
362
369
375
378
382
383
384
386
386
386
387
393
393
388
388
389
389
389
389
387
387
390
390
390
390
390
391
391
391
391
392
392
392
392
392
394
394
392
392
392
393
393
393
393
393
393
393
393
393
685
685
644
642
609
599
596
595
595
593
591
590
590
589
588
588
587
586
586
586
586
585
585
585
585
584
584
584
583
583
583
583
583
583
583
583
583
582
582
583
584
584
584
584
584
584
584
584
584
584
584
585
585
584
584
584
585
586
586
585
584
585
586
586
258
258
268
279
289
309
316
318
318
336
358
364
374
381
387
389
390
392
392
392
393
394
394
394
394
395
395
395
395
397
396
396
395
395
395
395
395
395
396
396
396
396
395
395
396
396
396
396
396
396
396
395
395
387
387
396
396
396
396
395
396
395
396
396
730
730
723
714
705
702
683
679
659
649
639
631
622
613
605
600
596
595
595
595
593
593
593
593
591
591
590
591
590
591
592
592
588
588
587
587
587
587
587
586
586
585
585
585
585
585
584
584
584
585
585
585
585
584
584
584
584
584
584
584
585
585
585
585
263
263
274
282
283
300
307
313
325
331
340
345
349
367
375
384
385
386
386
387
387
388
389
390
390
390
390
392
392
392
393
394
394
394
394
394
394
395
396
397
397
397
397
397
397
398
398
398
398
397
395
395
396
396
396
397
397
397
397
397
396
395
395
396
721
721
709
708
700
695
680
670
657
648
646
641
635
625
616
608
600
598
597
597
597
599
597
598
597
592
592
593
593
594
594
594
592
592
589
590
589
590
591
592
591
596
588
591
589
589
589
589
590
590
585
585
585
590
591
590
590
588
587
586
586
588
588
588
264
264
278
288
294
297
298
315
324
325
334
345
357
364
372
378
381
384
386
388
388
388
388
387
388
388
391
391
391
391
391
390
389
390
390
390
391
393
393
393
392
390
390
390
391
392
392
392
391
390
390
390
390
390
391
391
391
390
390
391
391
391
391
392
717
721
717
704
693
681
678
678
671
663
655
648
638
630
621
615
611
608
605
603
602
593
588
588
599
601
601
601
599
599
598
596
596
597
598
597
597
597
597
596
596
596
596
596
596
596
595
594
593
593
595
595
596
596
596
593
593
593
594
593
594
595
595
593
269
269
272
281
289
298
306
315
322
328
331
345
353
361
369
375
382
384
383
383
383
384
384
384
385
387
389
389
388
387
387
387
388
388
391
391
391
391
390
389
389
391
391
391
394
394
393
393
392
393
392
393
393
394
394
393
393
393
392
392
393
394
394
394
729
729
720
710
699
694
688
681
676
667
660
651
642
638
625
622
613
609
607
607
605
601
598
595
595
601
601
600
599
599
599
596
595
595
598
598
598
597
596
592
592
592
595
596
597
597
595
593
593
593
593
596
596
596
596
593
593
593
591
596
595
595
593
593
265
265
269
278
286
295
302
311
319
334
340
334
340
352
362
369
376
382
382
382
382
383
383
385
385
387
387
387
386
386
386
387
388
389
389
389
388
389
388
389
389
390
392
392
391
391
390
390
390
391
392
392
392
392
392
392
392
392
392
395
393
393
392
392
683
683
653
627
606
604
602
600
598
598
598
598
597
596
595
595
595
595
596
594
594
594
594
594
594
596
596
596
595
595
595
599
599
597
597
597
599
599
602
602
602
603
603
603
604
605
606
606
606
606
606
605
605
606
606
605
605
606
606
606
606
606
606
606
287
287
299
304
309
317
321
323
337
349
369
382
384
387
390
390
391
391
391
391
391
392
392
392
392
392
391
391
390
390
389
389
389
389
386
385
385
384
383
382
382
381
381
380
379
379
379
379
379
381
381
378
378
378
378
378
378
378
378
378
378
378
378
378
736
736
719
700
690
690
689
684
681
675
669
657
640
639
612
608
606
606
604
602
602
602
603
602
595
595
599
599
599
599
599
599
598
598
598
599
600
601
601
603
603
603
603
605
605
606
606
606
608
608
608
608
608
609
609
609
609
609
609
609
609
609
609
609
263
252
263
293
296
299
303
304
309
325
325
340
358
372
378
379
380
383
383
383
384
384
383
383
386
386
386
386
386
387
387
387
387
387
387
387
387
386
385
385
385
385
385
388
388
383
383
382
381
381
380
380
380
380
380
379
379
379
379
379
379
379
379
379
745
745
716
705
705
693
691
688
685
679
676
676
669
655
643
630
629
612
610
608
608
606
605
605
604
604
604
604
603
603
603
602
602
602
602
602
602
602
602
602
602
605
605
602
602
602
603
603
604
604
607
606
606
606
606
607
608
608
608
608
606
608
609
609
243
243
252
271
285
291
293
296
299
303
306
309
317
336
345
351
364
364
368
368
368
379
379
380
380
381
382
382
382
382
383
383
384
384
384
384
384
384
384
384
384
385
384
384
384
384
384
384
384
384
383
383
382
381
381
381
382
382
379
377
377
377
378
377
721
721
700
694
689
686
683
681
677
671
664
655
641
625
620
616
614
612
611
611
610
610
609
608
608
608
607
607
613
613
607
606
606
605
606
606
606
606
606
606
606
606
607
607
606
605
606
606
606
605
605
606
606
606
606
606
606
606
606
606
607
607
607
607
237
237
246
256
261
281
291
298
303
310
317
319
326
335
345
356
366
368
370
371
373
374
375
375
376
376
377
377
378
378
378
378
379
380
379
380
379
380
379
380
380
380
380
380
380
380
380
380
380
380
379
380
380
380
380
380
379
379
379
379
379
378
378
378
748
748
738
726
712
702
697
690
690
689
680
674
669
664
656
645
633
629
619
616
615
614
614
615
615
611
611
611
610
610
610
610
610
609
609
609
608
608
608
609
608
608
607
607
608
608
607
607
607
608
608
607
607
608
608
608
608
608
608
608
608
609
609
609
235
235
243
248
255
267
278
286
293
301
305
311
316
327
328
331
338
358
365
369
369
371
374
374
374
375
376
376
377
377
377
377
377
378
378
379
379
379
379
380
380
380
380
380
380
380
380
380
380
380
379
379
379
380
384
384
380
379
378
378
378
378
378
378
