478
480
479
484
480
484
480
481
480
480
480
480
481
480
481
480
480
480
480
480
480
481
479
481
479
479
479
479
480
479
480
480
480
480
480
480
480
480
479
479
479
479
480
480
480
480
480
480
480
479
481
481
481
481
480
480
480
480
481
481
481
480
480
479
561
561
556
555
552
550
549
549
547
547
547
547
547
546
548
547
547
546
546
546
546
545
545
546
546
546
547
546
547
546
546
546
546
546
546
551
552
552
547
547
547
547
547
547
547
547
547
547
547
548
548
548
548
548
549
549
549
549
549
549
549
550
550
550
290
290
297
316
329
350
352
363
372
377
382
386
388
389
393
394
395
397
397
398
399
399
401
401
401
401
401
403
403
403
403
403
403
404
404
404
404
404
404
404
405
405
405
405
405
406
406
406
406
406
407
407
407
408
408
407
407
408
408
407
407
407
408
408
727
727
708
687
687
656
644
642
628
620
615
610
605
600
597
594
591
590
589
589
587
587
585
585
585
585
585
584
584
584
583
583
583
561
583
583
583
583
582
582
582
582
582
582
582
582
582
582
582
582
582
580
580
581
581
581
581
581
581
581
581
580
580
580
257
257
281
298
315
328
336
346
353
353
359
365
375
380
381
381
391
391
394
395
397
398
400
401
401
402
402
403
405
405
405
413
413
408
407
408
408
408
408
406
408
411
411
410
410
404
404
404
404
412
412
412
411
412
412
412
412
413
415
413
413
413
413
414
717
717
703
692
683
674
667
659
652
645
637
632
624
619
616
614
609
606
603
595
595
593
591
588
586
586
584
584
583
581
581
581
579
579
579
578
578
577
577
576
576
576
576
576
576
566
566
571
574
574
575
577
575
576
576
576
574
574
577
577
575
574
574
574
263
263
283
296
310
322
329
339
347
350
354
356
365
369
369
372
380
383
384
389
392
393
394
398
399
400
401
402
403
405
406
407
407
407
409
412
412
418
411
412
412
412
413
413
413
413
413
414
412
414
414
414
414
413
413
415
415
415
415
413
415
415
415
415
716
716
711
700
682
681
674
654
654
649
639
637
636
626
625
623
619
614
609
607
603
598
597
595
595
590
592
589
586
585
585
584
582
581
581
580
580
579
579
578
578
578
577
576
576
577
577
575
575
576
576
576
576
575
575
575
575
574
574
574
575
575
575
575
263
263
277
288
304
311
333
334
334
340
351
355
355
361
363
368
373
379
380
386
386
386
392
395
397
397
399
379
401
404
405
405
400
400
408
409
410
410
410
411
411
412
412
412
413
413
413
414
414
415
414
414
414
416
416
416
415
415
415
415
415
415
416
416
715
715
696
688
688
679
673
668
661
651
649
643
638
633
629
629
629
616
611
607
603
603
600
598
595
591
589
588
586
586
583
582
582
580
579
580
579
578
577
577
576
576
575
575
575
575
575
574
574
574
573
573
573
573
573
574
573
571
571
572
572
572
572
572
266
266
281
283
293
313
323
328
335
341
346
352
354
360
365
368
368
372
382
384
384
388
390
390
392
397
399
402
403
404
405
407
407
408
409
410
412
412
412
413
414
415
415
415
415
415
416
416
436
418
430
418
417
417
417
417
417
417
417
417
418
418
418
418
624
624
598
587
577
574
573
573
575
575
572
572
572
573
574
574
574
574
575
575
575
574
575
574
575
574
574
574
574
574
574
574
575
576
575
576
577
577
577
577
578
578
577
576
576
579
579
579
579
579
580
581
581
582
580
581
580
580
580
580
580
579
580
579
285
285
302
326
347
359
369
370
386
391
396
399
402
406
406
406
407
407
404
404
407
407
407
408
408
407
407
406
406
407
407
407
407
407
408
407
407
406
407
405
407
406
407
407
407
407
407
407
405
407
405
406
406
406
405
405
405
405
405
404
404
404
404
404
716
716
701
683
667
653
640
630
619
612
599
595
595
590
588
588
585
589
581
592
577
576
574
573
573
573
573
572
573
572
574
573
573
573
574
574
574
574
574
574
574
574
575
574
575
575
576
575
575
575
575
575
575
575
574
573
573
573
573
572
572
572
572
573
270
270
299
315
335
341
341
352
363
368
368
375
383
385
390
393
400
402
400
402
405
407
408
409
411
412
411
412
412
413
414
415
415
415
415
415
415
415
416
415
415
414
415
415
415
415
414
414
412
414
412
412
411
411
411
412
411
411
411
410
410
410
410
410
689
689
687
682
666
660
649
641
632
623
618
609
605
598
596
591
585
584
584
582
580
578
578
578
577
577
577
577
575
574
573
572
572
572
574
574
573
571
571
570
570
570
569
568
568
568
567
567
568
568
568
568
577
577
570
569
569
569
570
569
570
571
571
573
279
279
299
309
315
324
327
341
345
354
359
370
373
378
382
387
390
398
398
398
401
405
406
408
409
411
411
411
412
413
414
415
415
416
416
416
416
416
417
415
417
416
417
417
417
417
416
418
416
417
416
416
416
416
416
420
420
420
416
416
416
416
415
415
702
702
688
682
670
653
646
645
637
630
624
617
615
607
603
597
597
596
590
588
585
584
585
581
579
579
577
576
575
575
575
575
573
571
571
571
569
569
569
568
568
568
568
568
568
568
568
568
568
569
569
569
568
570
570
570
570
570
570
571
572
572
570
570
288
288
298
310
319
331
334
339
347
356
360
364
374
374
374
382
385
390
393
396
399
401
403
405
407
407
407
410
410
413
413
413
413
414
415
415
416
415
416
418
418
418
418
419
419
418
418
420
420
420
420
420
419
418
418
419
420
420
420
419
419
418
418
430
700
700
688
674
665
658
650
644
637
630
630
625
614
609
605
601
597
581
581
584
584
584
581
580
577
576
576
575
573
573
571
571
571
571
571
570
570
570
570
570
570
570
570
570
569
569
569
569
567
568
568
568
568
568
568
567
567
567
566
566
566
566
566
568
296
277
296
318
320
332
337
341
347
352
357
363
372
376
376
380
380
382
389
390
399
401
401
403
404
405
408
408
411
411
414
414
414
415
416
415
416
417
418
419
419
419
419
420
420
420
420
420
420
420
420
420
420
421
421
420
420
421
421
421
421
421
420
421
645
645
616
599
588
581
578
573
572
571
569
564
560
559
559
565
567
568
568
568
568
568
567
567
567
569
570
571
572
573
572
573
574
575
575
575
577
577
577
577
577
577
577
577
577
577
577
579
579
579
580
579
579
579
580
581
582
582
582
582
582
582
582
582
280
280
302
321
335
336
350
363
373
377
383
391
395
395
399
409
413
414
415
415
415
416
416
416
415
415
414
415
415
415
414
414
413
413
405
412
412
412
412
411
411
411
410
410
410
410
410
409
409
407
407
407
407
407
407
407
407
407
407
411
405
406
403
404
717
717
690
676
663
649
635
626
617
609
601
594
589
587
583
582
579
578
577
574
570
570
571
572
572
573
573
572
570
569
570
574
574
571
571
573
576
573
571
571
571
571
571
571
574
576
576
576
574
574
574
574
576
576
577
578
579
583
583
580
578
578
580
583
277
277
293
311
326
326
349
349
355
364
371
379
386
392
393
401
406
406
409
412
412
414
414
414
416
417
417
417
417
418
418
418
418
413
419
418
419
418
419
418
418
417
417
417
417
417
416
416
416
415
415
414
414
415
415
413
413
413
412
411
411
411
412
412
709
709
693
679
665
652
645
636
626
619
609
605
600
597
591
589
587
582
580
576
576
574
574
574
572
571
571
569
567
566
567
567
567
567
571
571
568
567
565
565
566
566
566
566
566
567
568
571
568
568
568
568
571
576
571
573
573
574
574
575
575
577
577
578
269
269
285
316
324
334
343
347
348
347
354
354
378
382
386
392
395
399
402
404
404
409
410
410
411
411
413
414
414
416
416
415
415
415
417
417
417
417
419
420
420
420
420
420
420
417
415
415
416
416
416
409
418
418
418
415
415
415
415
415
415
414
413
412
705
705
688
670
654
645
638
634
629
623
617
611
607
603
595
593
592
590
590
588
588
587
584
584
577
576
576
578
579
579
579
578
577
575
573
570
570
573
576
576
576
574
573
573
571
571
571
574
576
576
576
573
573
573
573
573
572
572
573
575
575
578
578
578
289
289
309
319
326
326
335
349
355
360
368
374
376
382
383
388
392
393
393
401
402
403
404
405
404
405
405
407
409
409
410
411
413
413
410
409
410
412
413
413
413
414
413
413
412
411
411
414
415
415
416
416
414
413
413
413
414
414
416
416
416
415
415
415
695
695
671
661
653
648
641
636
630
625
619
614
611
605
601
596
594
596
594
593
590
588
585
583
581
581
580
578
578
579
579
577
575
575
574
573
572
571
571
573
573
572
572
571
569
568
567
568
569
569
569
569
569
568
567
567
567
567
568
569
570
570
571
571
301
301
313
321
333
335
344
348
355
362
366
366
372
375
379
384
384
387
394
398
400
405
404
405
404
405
407
408
410
411
411
415
414
414
414
414
415
415
416
416
416
416
417
417
417
417
417
418
418
418
417
417
417
417
417
417
418
418
416
416
416
416
415
415
628
628
611
603
595
588
587
582
581
581
580
580
579
576
574
574
575
576
579
580
580
580
583
585
588
592
594
594
594
596
597
601
601
601
599
599
599
600
601
601
601
600
600
600
601
601
601
600
600
600
599
599
598
598
598
600
600
600
601
601
600
599
599
599
290
290
318
325
329
334
338
344
356
369
385
393
397
399
400
401
401
401
402
402
400
400
398
398
398
398
397
397
397
396
394
393
393
393
392
392
390
388
388
388
388
388
387
386
385
385
385
385
386
386
386
386
388
388
386
386
384
386
385
385
385
384
387
385
684
684
672
672
670
668
665
662
654
647
638
632
623
612
609
601
601
595
598
595
595
595
595
593
593
593
593
593
597
597
595
593
593
593
593
595
594
596
596
598
598
599
598
599
598
599
599
600
600
600
600
600
602
602
602
602
602
602
602
602
602
601
602
602
288
288
308
312
312
314
316
322
324
336
339
357
371
375
377
380
381
384
385
386
386
386
385
387
388
388
388
388
389
388
387
387
390
391
390
392
388
390
390
390
393
390
390
389
389
389
389
391
389
388
388
387
389
389
389
389
387
380
380
385
386
385
385
384
721
721
703
686
680
668
668
667
667
664
658
655
648
638
631
623
614
611
607
605
604
604
603
603
602
602
600
600
600
600
600
600
597
598
598
598
599
598
600
597
596
596
604
604
601
598
599
599
599
600
602
603
602
601
601
601
602
607
607
603
603
603
603
604
261
261
284
301
305
305
311
315
320
321
323
328
332
346
351
362
370
374
378
379
383
384
389
389
387
386
386
386
389
389
390
390
390
390
392
392
392
393
393
393
393
392
393
392
391
391
391
392
391
391
391
390
389
389
388
388
388
388
387
387
387
385
385
377
735
735
719
711
694
683
680
676
672
671
666
665
663
656
654
648
642
640
629
626
616
611
610
610
605
606
604
604
603
597
602
600
600
600
601
601
600
598
598
598
601
598
598
598
598
601
600
600
600
598
604
599
605
608
608
606
600
604
604
604
607
602
606
602
255
255
291
312
319
319
318
314
318
319
323
327
334
336
341
354
356
372
378
380
380
386
384
385
385
386
391
386
389
389
389
393
392
392
392
391
394
394
394
391
391
390
390
390
390
392
391
391
391
392
392
387
387
387
387
387
387
376
385
385
385
389
389
390
724
724
682
676
682
673
673
670
660
660
660
660
660
647
638
635
638
628
613
612
612
610
601
601
598
598
598
598
598
595
595
594
595
594
595
595
595
593
592
592
591
591
595
595
592
592
593
596
596
594
594
594
598
594
598
601
601
601
598
598
598
599
601
601
249
249
271
274
308
314
310
314
317
320
321
330
332
333
342
342
351
354
357
366
377
385
386
389
390
392
393
393
393
393
393
393
395
395
395
396
394
396
396
398
398
397
396
396
394
396
394
393
393
393
393
392
392
392
392
392
389
389
389
390
390
389
389
388
