480
480
480
480
480
480
480
480
480
480
480
480
480
480
480
480
480
491
491
480
480
480
480
480
480
480
480
480
480
480
480
480
480
480
480
480
480
480
480
480
481
479
480
480
480
480
480
480
480
480
480
480
480
480
480
480
480
480
480
480
480
480
480
480
603
603
598
594
592
589
589
588
588
586
585
585
584
584
583
583
582
582
582
581
581
581
581
580
579
578
578
577
572
576
576
576
576
576
575
575
575
574
574
573
573
573
572
572
571
571
571
571
570
570
571
571
571
569
572
567
567
567
571
571
565
565
564
565
208
208
211
241
253
265
285
292
285
295
304
316
319
322
329
329
333
335
339
340
344
346
348
352
353
353
355
355
356
359
360
362
366
363
363
363
366
366
367
369
370
370
371
372
374
373
374
375
375
376
379
376
378
376
378
378
379
379
379
379
379
379
379
381
784
785
784
775
761
748
738
726
717
709
705
700
690
685
682
675
670
666
655
655
655
647
640
635
628
626
624
620
619
617
616
614
614
612
611
610
610
610
610
608
608
608
607
608
611
611
611
605
604
604
604
603
603
603
602
602
602
602
601
601
600
600
597
600
184
184
193
206
219
231
240
251
256
264
271
276
281
284
288
292
295
299
302
309
310
314
319
323
323
341
347
347
352
353
356
353
363
368
370
371
372
374
374
375
375
376
376
376
378
378
378
378
379
380
380
380
380
381
386
382
382
382
382
382
383
383
384
384
785
786
786
786
776
772
767
748
740
732
725
720
720
711
707
704
699
697
695
692
686
686
683
679
677
672
668
666
663
654
647
642
633
628
622
619
614
612
612
610
610
608
608
607
607
605
605
606
606
606
606
606
606
606
604
604
604
603
603
603
603
603
603
603
168
168
184
195
207
207
217
236
244
251
256
263
268
273
277
281
287
290
291
296
297
300
306
308
310
312
317
320
326
326
330
341
347
347
352
353
365
370
372
372
373
375
375
376
377
378
378
378
378
379
380
380
380
380
381
380
381
381
381
381
381
382
382
383
785
785
785
785
783
774
763
748
741
741
734
729
724
720
719
713
710
708
706
701
700
696
693
690
688
684
682
680
676
676
673
668
658
652
646
643
631
620
601
614
613
613
611
610
609
608
608
607
607
607
606
606
606
605
605
605
605
604
604
604
604
604
604
604
163
163
177
190
201
210
219
228
229
242
246
254
256
265
270
275
280
283
284
287
290
293
294
298
308
308
308
308
314
320
322
326
331
342
347
347
352
361
365
361
365
369
372
373
374
375
376
377
377
378
378
379
379
379
374
374
380
380
381
381
381
380
380
381
785
785
786
785
785
774
769
760
752
745
738
738
733
725
720
717
715
709
706
706
701
692
685
685
691
691
688
685
682
682
679
673
670
667
658
653
638
637
632
626
621
618
615
613
611
611
611
608
608
607
607
607
606
606
606
606
606
605
605
605
604
604
604
605
161
161
174
186
195
207
213
223
231
238
241
245
256
261
265
268
274
283
284
284
287
289
292
295
298
301
302
307
310
313
319
325
325
330
334
337
337
345
355
358
359
364
369
371
373
375
375
375
376
376
377
374
378
378
379
379
379
379
380
380
380
380
380
381
719
719
699
677
623
610
610
607
604
602
602
602
602
601
599
601
600
600
600
600
599
600
599
599
599
599
599
598
598
598
598
598
598
598
597
597
597
597
597
597
597
596
596
596
596
596
596
595
595
595
595
594
587
594
587
585
585
580
593
593
593
594
594
594
202
202
224
245
260
272
283
293
303
313
323
334
361
367
367
367
371
374
375
375
376
377
378
378
378
378
378
379
379
379
379
379
379
379
380
380
380
380
380
381
381
381
381
381
381
381
381
382
382
381
381
381
382
382
382
382
382
382
382
382
382
382
383
383
779
779
764
757
745
721
718
711
703
692
692
691
688
678
671
669
650
647
631
623
618
613
612
610
610
610
607
607
606
605
605
604
604
603
603
602
602
602
601
601
601
601
601
600
600
599
599
599
598
598
598
598
598
597
598
597
597
586
586
596
597
596
596
595
193
193
212
228
241
250
260
270
282
285
286
305
309
315
323
331
341
351
358
363
369
371
371
372
372
372
373
374
375
375
375
375
376
377
377
377
377
375
377
377
378
378
378
378
378
379
379
379
379
379
379
379
380
380
380
380
380
380
380
380
380
380
380
380
785
785
769
766
754
744
733
722
720
706
701
696
692
687
683
679
672
666
656
650
642
633
625
619
615
613
610
609
607
606
606
605
604
604
604
603
603
602
602
602
601
600
600
600
600
599
599
599
599
598
598
598
597
597
597
597
597
596
596
596
596
596
596
595
211
211
211
228
236
245
252
259
270
277
285
291
298
303
306
316
330
332
332
341
360
361
365
370
373
371
372
372
372
373
374
374
374
374
374
374
376
376
377
377
377
377
377
378
378
378
378
378
378
384
379
384
379
379
379
368
368
379
379
379
379
379
379
380
778
778
771
764
756
749
738
729
719
719
711
702
694
691
686
682
672
667
665
659
651
646
637
628
622
617
617
613
609
607
606
604
604
604
603
603
602
602
601
601
601
600
599
600
600
600
600
599
597
597
597
597
597
597
597
595
596
596
596
596
596
595
595
595
193
193
211
225
237
244
250
257
264
272
279
285
291
298
301
307
316
322
329
336
345
352
358
362
365
368
369
370
371
372
373
373
373
374
374
375
375
375
375
375
374
375
374
377
378
378
378
378
376
379
378
378
378
379
379
379
379
379
379
379
379
379
380
380
782
782
771
764
758
751
743
722
720
714
704
701
696
693
688
688
681
675
670
663
655
649
647
641
635
622
620
614
611
608
608
607
605
604
603
602
602
601
601
600
600
600
599
598
598
598
598
598
598
598
596
596
596
596
596
596
595
595
595
595
595
595
595
595
194
194
206
221
238
238
241
256
267
268
276
283
286
291
299
304
310
316
324
330
336
344
344
351
361
363
368
369
370
371
371
373
373
373
374
375
379
379
379
380
380
377
377
377
377
377
377
378
378
378
378
378
378
378
379
378
379
379
379
379
379
380
380
380
734
734
706
685
666
639
616
606
602
599
598
597
596
595
594
594
593
593
592
592
592
591
591
591
591
591
591
591
591
591
590
591
591
591
590
590
590
590
590
591
591
591
591
591
591
591
589
590
590
591
591
591
591
591
591
591
592
592
591
591
592
592
592
592
226
226
240
251
261
270
277
285
297
302
312
322
332
344
354
362
366
368
368
369
374
374
372
372
370
373
372
374
374
374
374
375
375
375
375
376
376
375
375
376
376
376
376
377
377
377
377
376
376
377
377
377
377
377
377
378
378
378
381
381
380
380
380
378
768
768
756
749
736
721
706
686
677
677
667
656
645
640
625
619
613
609
607
606
606
604
603
601
600
600
600
599
599
597
597
597
596
596
595
595
595
594
594
594
594
594
594
594
593
593
593
593
592
592
592
592
592
592
592
592
592
591
591
591
583
592
592
592
231
231
241
251
267
267
273
281
288
296
303
310
319
326
336
345
354
360
360
368
368
369
370
371
371
371
371
373
373
373
374
374
374
374
374
375
376
376
376
376
377
377
377
377
377
377
377
377
377
377
377
378
382
378
383
377
378
378
378
379
379
379
379
379
763
763
757
749
749
739
726
705
702
693
685
669
658
658
648
638
628
622
612
609
609
607
606
606
604
602
601
600
600
598
597
597
597
597
596
596
596
595
595
595
594
594
593
593
593
592
592
592
592
592
592
592
591
591
591
591
591
591
591
590
590
590
590
591
247
243
247
252
260
269
271
282
286
292
300
306
313
320
329
334
342
344
358
364
365
368
370
371
371
373
374
374
374
374
374
375
375
376
376
376
377
377
377
377
379
379
378
378
379
379
379
379
379
379
380
380
380
380
380
380
380
380
381
381
381
381
381
381
773
773
762
756
749
740
729
719
715
700
685
663
667
663
657
647
636
628
621
616
613
610
608
607
604
604
604
601
600
600
579
579
598
598
597
596
596
595
595
594
594
593
593
593
593
596
596
591
591
591
592
591
590
590
590
590
590
590
590
592
592
589
589
589
230
230
245
262
268
268
272
279
285
294
298
305
311
316
319
333
340
347
354
362
364
367
369
372
372
373
374
374
375
375
376
376
377
377
378
378
378
379
379
379
379
377
380
380
380
380
380
381
381
381
381
381
381
381
381
382
382
382
382
382
382
382
381
381
766
766
758
751
743
738
730
721
711
703
696
688
680
671
661
652
642
634
625
620
620
616
610
609
606
605
606
604
602
602
601
599
598
597
597
597
596
595
595
595
594
594
593
593
593
592
592
592
591
591
591
590
590
590
589
589
589
589
589
589
589
588
588
589
231
227
231
257
265
265
276
279
287
293
300
305
312
318
324
334
339
340
352
358
363
368
370
371
373
373
365
365
376
376
377
379
378
379
379
379
379
379
379
378
373
378
380
380
380
380
381
382
382
373
373
382
383
382
382
382
382
383
383
383
383
384
383
383
721
721
688
648
623
610
605
602
596
596
593
590
590
589
588
588
588
587
587
587
587
588
589
589
593
594
594
594
596
597
598
600
603
603
603
606
607
611
612
612
613
614
615
616
617
617
618
618
618
618
618
618
619
616
619
619
619
619
620
619
619
619
619
619
225
225
247
270
270
278
284
285
287
289
292
297
304
316
332
339
347
356
366
368
369
371
372
386
372
376
372
372
372
371
371
371
370
370
370
370
368
368
367
367
367
366
366
366
366
366
366
366
366
365
364
365
364
365
365
365
365
365
365
363
363
363
364
364
769
769
764
720
713
712
705
705
705
699
695
692
686
677
667
653
642
632
625
621
619
618
615
615
612
612
612
612
612
613
612
613
613
613
614
615
615
617
617
619
619
619
620
622
622
622
622
622
622
622
622
623
623
623
623
623
624
624
624
624
623
623
617
623
208
208
222
243
248
267
274
275
277
279
280
281
284
290
292
299
313
323
332
344
352
358
363
364
364
365
366
366
367
367
370
372
372
368
368
368
367
367
367
367
367
367
367
366
366
366
364
364
365
365
364
364
363
363
363
363
367
367
367
363
363
363
363
363
777
777
767
748
727
721
713
712
709
709
703
703
703
700
692
683
679
674
655
645
637
632
628
627
624
622
622
622
621
621
620
619
619
619
619
618
618
617
617
617
619
618
618
618
620
620
620
619
620
620
620
621
620
621
621
621
627
621
622
622
622
622
622
623
202
202
207
217
239
261
270
273
276
277
279
279
284
284
288
290
292
308
317
325
334
349
354
354
361
361
361
361
363
363
363
364
364
364
364
364
342
366
366
367
367
367
367
367
367
367
367
367
367
367
366
366
366
366
366
366
371
371
362
362
363
363
363
363
781
781
777
765
746
727
718
716
710
710
705
704
703
701
696
691
691
683
667
659
649
641
639
631
629
629
629
627
626
625
624
624
623
622
622
622
621
621
621
620
619
620
620
620
620
620
623
623
621
621
621
621
621
622
619
622
622
622
622
622
623
623
622
622
198
192
198
213
224
249
263
272
275
276
279
282
283
283
305
305
303
303
312
319
329
337
344
349
352
352
357
357
357
359
357
357
357
362
362
362
363
363
363
365
365
365
365
365
365
365
365
366
370
370
366
365
365
365
365
364
364
364
364
364
363
363
362
362
783
783
778
758
738
738
725
720
720
708
708
706
705
702
695
691
691
685
674
668
668
663
643
637
634
632
632
631
630
628
627
627
627
625
625
624
624
622
615
615
622
622
622
621
621
621
622
621
621
621
622
622
622
622
622
622
621
614
621
614
621
623
623
623
203
201
203
206
218
236
258
267
274
277
279
280
282
287
291
291
296
303
310
316
324
333
340
344
348
352
353
355
355
357
357
357
359
360
360
360
360
360
363
363
363
361
363
358
363
363
364
364
364
364
363
363
364
364
364
365
365
365
364
363
363
366
366
362
