156
189
195
206
214
220
223
232
238
238
239
241
247
247
251
253
253
254
255
256
257
259
259
260
259
262
263
266
263
265
265
265
266
267
267
268
269
274
269
273
270
270
270
270
271
272
272
282
273
277
273
275
274
275
274
274
273
273
275
275
275
276
276
276
966
966
925
897
869
868
855
844
838
831
826
820
808
803
802
801
793
788
779
778
773
769
762
756
755
750
750
747
750
747
742
739
738
736
736
736
733
735
730
730
727
725
725
725
722
711
720
720
720
720
720
718
718
717
717
715
715
715
715
715
715
713
713
712
12
12
49
83
96
111
111
139
140
147
152
158
162
168
174
179
184
188
194
198
202
202
207
215
217
220
224
226
229
232
234
237
238
239
243
246
246
248
250
251
251
253
255
256
256
257
259
261
262
262
262
263
264
266
269
267
267
267
268
268
269
269
269
271
978
978
942
907
900
885
874
856
854
847
837
836
831
824
817
810
803
798
786
779
774
774
768
763
758
753
753
750
745
745
743
739
737
736
733
732
728
728
728
728
726
724
723
722
722
721
721
720
719
719
718
717
717
717
717
717
715
712
712
713
713
713
712
711
9
9
46
74
89
103
113
124
127
140
151
151
157
163
167
176
181
182
186
192
195
197
203
207
211
214
217
217
223
225
227
231
232
236
237
237
239
241
242
246
248
249
250
253
254
254
257
258
257
258
249
261
263
263
263
264
267
267
267
268
268
269
270
270
980
980
946
924
905
887
879
870
862
855
847
840
834
828
823
815
808
801
795
788
783
778
771
767
764
759
756
756
749
747
746
741
741
739
736
734
734
731
729
726
726
726
723
722
722
720
719
719
719
718
718
715
715
715
715
716
715
714
713
713
712
711
711
711
9
9
45
70
85
102
111
123
144
145
147
150
158
163
167
172
177
179
186
187
194
196
199
205
207
211
214
217
217
217
227
229
229
232
233
236
237
239
242
244
244
245
248
249
250
252
254
256
257
257
259
260
260
262
263
263
266
266
269
269
269
269
269
269
969
969
947
924
907
893
882
871
864
854
848
848
835
829
824
824
808
801
796
783
778
778
776
773
762
757
753
753
750
750
745
740
738
738
736
734
733
731
730
727
726
726
724
723
721
720
720
719
718
717
716
716
716
715
715
714
714
712
712
711
711
710
710
705
9
9
43
63
85
100
111
117
125
139
145
151
161
163
163
172
180
181
183
193
193
197
201
207
209
213
215
215
217
220
223
227
229
227
229
236
237
238
240
240
243
244
245
247
251
252
252
252
255
256
257
259
259
261
262
262
263
265
267
267
268
268
268
269
982
982
946
925
908
888
881
871
862
854
847
838
834
827
820
811
808
800
790
787
783
778
775
769
764
764
757
754
751
748
746
743
742
739
737
733
733
733
730
728
728
727
725
724
723
723
721
720
719
719
718
717
716
715
715
714
712
712
712
712
711
710
709
709
7
7
39
63
84
101
113
123
133
140
147
162
167
167
173
173
180
187
189
189
196
198
201
201
207
212
216
216
218
220
222
224
227
229
230
233
234
236
239
240
241
243
243
245
248
253
253
253
253
255
256
257
257
259
261
263
263
263
264
265
267
267
267
268
801
801
769
744
732
720
715
709
707
704
703
702
702
702
701
701
701
702
701
701
701
701
701
701
701
702
702
702
701
702
702
703
703
703
703
703
703
703
703
702
703
703
703
703
703
700
700
703
704
706
706
706
704
704
704
704
704
704
704
704
704
704
704
705
89
89
107
122
131
141
143
154
159
159
173
178
183
187
191
195
205
207
208
212
216
216
220
227
238
239
239
245
253
253
254
260
260
260
263
266
269
269
272
272
272
274
274
275
275
276
276
277
277
278
277
278
278
278
279
279
279
281
281
281
281
281
282
282
901
901
892
873
862
862
847
835
821
815
806
796
788
780
775
766
758
758
754
751
746
744
742
739
736
732
729
729
728
725
723
720
718
718
716
713
713
710
709
708
707
707
706
705
704
703
703
703
703
702
702
701
699
699
699
699
699
699
699
699
699
699
699
698
88
88
98
114
130
136
146
154
161
168
174
179
184
189
196
196
196
199
207
208
212
215
219
219
225
231
234
234
238
240
241
248
251
251
259
262
262
264
273
273
273
271
273
273
273
274
277
277
278
279
279
279
279
279
280
281
281
281
281
281
282
282
282
279
901
901
892
888
872
864
846
831
821
804
798
798
791
785
780
775
771
770
763
760
754
752
752
749
747
744
740
738
737
737
733
731
729
725
724
722
720
719
716
716
715
712
711
710
710
709
708
705
702
702
702
702
701
701
701
700
700
699
699
699
699
698
698
698
84
84
111
123
123
135
143
153
158
164
171
176
179
184
189
195
199
199
199
205
210
210
211
215
218
222
223
225
228
231
234
237
240
243
246
253
255
255
257
261
263
265
267
268
270
273
273
275
276
276
277
277
278
279
280
280
280
281
282
282
283
283
287
284
883
891
883
880
860
858
847
836
822
814
806
800
794
790
779
775
775
772
771
764
761
760
759
754
751
748
747
745
743
740
737
737
735
733
730
728
726
724
722
719
716
713
711
710
710
705
705
706
706
706
704
703
702
700
700
700
700
700
699
698
698
698
698
697
83
83
99
113
124
135
144
150
158
164
169
173
178
182
183
188
191
193
199
201
203
206
207
211
212
214
220
220
222
226
226
226
231
233
236
239
243
246
249
251
253
257
259
263
264
265
265
268
269
270
271
274
275
276
276
276
278
280
280
280
280
280
282
282
900
900
891
879
874
865
848
835
826
816
808
801
795
790
786
784
777
773
770
768
765
764
758
756
754
752
749
748
748
744
741
740
738
736
734
732
731
727
726
723
721
719
717
715
714
711
710
709
708
707
704
704
704
703
701
700
699
698
698
698
698
694
694
696
81
81
102
111
119
133
140
148
155
161
171
172
176
179
183
187
187
187
198
200
200
203
203
208
209
211
213
220
221
221
224
226
228
231
231
235
240
243
247
247
247
248
253
256
259
264
266
267
267
268
270
270
272
273
273
275
277
278
278
278
279
280
282
282
835
835
801
783
769
757
749
742
734
726
718
712
702
700
698
695
694
694
694
693
689
689
692
692
692
690
691
691
691
691
691
691
691
690
691
681
691
691
691
691
691
689
689
689
692
692
692
692
691
691
693
693
693
693
693
694
694
694
694
694
694
694
694
695
79
79
95
114
116
126
147
148
155
161
167
171
181
181
181
191
195
199
203
207
210
217
217
222
224
227
227
235
239
243
245
248
252
254
256
260
263
266
266
267
270
270
270
270
272
273
273
274
274
275
275
276
276
277
278
278
278
278
279
279
279
279
279
280
902
902
889
871
855
841
838
831
820
815
815
813
802
795
788
783
780
775
772
771
767
761
757
751
748
743
739
735
726
724
723
719
715
712
711
703
703
698
700
700
700
699
698
697
696
695
693
693
695
695
692
692
691
691
691
691
691
690
690
690
689
689
689
689
69
69
87
99
115
118
126
133
137
151
153
160
163
170
177
181
184
189
191
198
201
201
205
208
211
214
217
218
223
225
228
233
237
243
245
249
251
255
255
255
258
265
266
265
266
268
268
270
270
272
272
273
273
274
275
276
276
277
276
277
277
277
277
277
905
905
889
872
862
853
839
833
824
823
821
817
811
805
801
797
790
787
784
783
774
771
768
768
761
758
750
749
746
744
739
735
731
726
723
720
717
713
710
707
705
703
702
700
700
700
698
697
695
694
694
694
693
693
693
692
691
691
690
690
690
690
690
689
71
71
96
97
106
113
119
125
132
137
146
150
156
163
165
177
178
182
183
190
192
195
200
200
203
208
211
215
216
220
224
227
228
234
236
240
243
249
250
252
254
255
258
259
261
264
265
265
267
267
268
270
270
271
272
273
274
274
276
276
276
277
277
278
907
907
890
875
868
858
847
844
836
834
825
820
814
809
805
798
794
790
789
783
783
777
776
767
766
766
761
757
754
751
748
743
741
737
732
730
726
719
718
714
710
708
706
703
701
703
701
698
698
697
696
695
695
693
693
693
692
692
691
691
691
690
689
689
71
71
85
96
105
113
116
124
130
133
144
147
149
157
168
173
177
177
184
184
187
187
193
199
200
203
208
210
216
217
218
224
229
231
232
232
236
243
251
248
250
250
253
253
256
258
261
263
263
264
266
267
267
269
270
272
272
273
274
274
276
276
276
276
908
908
890
876
867
859
852
846
836
830
828
822
820
812
807
804
798
792
787
787
786
779
778
776
772
771
762
760
759
757
753
752
748
743
740
740
733
727
724
720
717
708
708
707
705
704
703
702
700
699
698
696
694
695
694
694
693
692
692
692
691
690
690
690
71
71
79
92
108
114
111
115
126
131
136
145
146
152
163
163
167
179
183
184
186
191
193
196
198
204
206
207
213
215
218
223
224
229
233
233
235
236
241
245
246
248
249
250
254
256
258
260
261
261
263
266
266
266
268
270
270
270
272
272
274
274
275
275
850
850
826
806
780
777
766
755
741
724
710
703
698
693
690
690
689
687
686
686
684
682
682
681
681
679
676
676
678
678
678
677
676
676
676
676
676
676
676
676
676
676
676
676
677
677
677
677
678
678
679
679
680
680
680
681
682
682
683
683
684
684
686
686
82
82
94
105
112
119
130
135
144
150
155
162
165
175
183
183
197
201
206
210
220
224
224
229
233
239
241
246
249
254
254
256
259
261
265
267
267
268
270
271
271
273
274
274
274
275
275
275
276
276
277
277
277
278
278
278
278
278
278
278
278
288
288
278
898
898
883
870
853
849
840
832
831
822
816
812
806
804
804
793
788
780
777
771
768
767
762
750
745
738
728
728
728
718
717
713
710
708
705
702
699
699
697
699
697
694
692
690
690
690
688
687
685
685
686
686
684
684
684
684
684
684
684
684
684
684
684
685
65
65
79
88
88
94
103
113
113
116
133
140
147
150
158
165
171
175
186
188
186
195
206
209
211
216
219
222
225
233
235
240
244
247
247
248
248
256
256
259
261
261
264
265
265
267
268
268
269
270
270
271
272
272
272
272
272
272
271
271
273
273
273
273
895
895
880
871
852
851
845
835
832
828
822
813
811
802
802
800
798
794
788
786
786
783
779
773
765
755
754
747
741
739
731
727
721
717
717
714
711
709
706
705
702
701
700
693
693
693
691
690
688
687
687
685
685
685
684
677
683
682
683
682
682
682
682
682
64
64
79
86
91
102
106
112
117
126
137
138
145
152
154
158
162
166
167
176
179
183
189
196
201
205
209
214
217
221
224
230
235
235
238
241
244
248
251
253
257
258
262
264
266
266
267
268
270
270
271
272
273
272
272
272
272
272
272
272
272
272
272
271
895
895
888
876
858
854
849
838
838
838
829
823
818
813
810
806
806
804
801
797
795
795
792
786
770
768
761
758
743
738
736
733
729
719
719
717
717
716
714
712
708
708
703
701
698
696
696
696
693
689
688
688
685
685
684
684
682
682
682
682
680
680
680
680
55
55
76
84
91
95
97
110
117
120
122
136
141
145
150
152
158
162
165
173
173
173
186
190
190
195
207
210
216
219
221
225
228
228
235
238
239
242
248
252
253
257
261
261
261
265
265
266
267
269
269
270
270
270
270
270
270
272
272
272
271
270
269
269
896
896
886
878
868
862
851
847
844
837
833
829
825
819
817
816
811
809
808
803
799
797
794
788
787
787
780
769
766
758
753
742
735
732
729
725
723
720
717
715
715
713
710
710
706
702
700
700
698
696
695
695
691
681
681
687
687
687
687
686
687
686
686
685
58
58
71
79
88
94
95
107
112
120
125
136
136
142
143
148
155
158
164
166
166
167
178
181
183
183
191
198
204
208
211
215
218
219
225
229
233
236
240
241
247
248
251
255
257
257
257
259
263
264
264
265
267
267
268
268
268
269
269
269
269
269
269
269
