153
176
185
190
195
207
211
215
215
220
222
223
224
229
230
231
232
233
233
232
232
236
237
238
239
240
240
240
241
241
241
241
241
241
241
244
244
244
244
245
245
246
246
247
247
247
247
248
250
248
248
248
249
249
249
249
249
250
250
250
250
250
250
251
957
957
932
915
902
891
886
877
869
861
851
847
838
832
824
823
809
800
793
790
784
780
774
771
764
760
756
754
752
746
741
740
740
738
733
732
732
730
729
728
728
726
725
724
723
721
721
721
721
720
719
718
718
718
718
718
717
717
716
716
713
715
710
714
6
6
40
65
85
101
111
120
129
135
138
147
151
155
164
168
178
182
182
186
190
197
200
200
203
208
210
210
213
215
217
218
222
224
224
225
227
227
228
230
231
233
235
235
235
236
237
237
237
237
239
240
241
241
241
243
243
243
243
244
245
257
246
246
974
974
951
935
921
911
899
895
889
881
865
863
858
856
842
834
821
810
805
805
798
787
784
780
775
764
764
762
758
754
752
752
747
744
742
740
737
736
736
734
733
732
732
731
729
729
729
728
728
727
726
726
726
725
725
723
723
723
723
724
723
723
722
722
9
9
35
60
76
93
104
113
118
130
137
137
138
155
155
159
164
167
170
177
179
179
185
190
191
194
196
204
207
210
210
210
211
214
211
214
218
220
222
223
224
225
227
229
232
231
232
232
235
235
235
236
237
237
238
239
239
239
239
240
240
241
242
242
978
978
954
939
928
920
915
910
903
894
888
879
868
864
852
844
834
826
820
813
808
801
796
790
788
777
772
772
770
767
761
758
758
757
755
750
749
747
746
746
743
741
741
740
738
738
737
735
735
733
733
733
733
730
730
730
729
729
729
729
728
728
728
727
7
7
35
60
75
87
100
110
127
129
131
136
140
143
147
157
158
158
164
167
167
170
175
178
180
183
185
185
185
194
196
199
199
204
205
205
209
208
221
218
220
220
221
224
224
224
223
231
229
231
231
231
233
233
233
234
235
237
237
237
238
238
238
238
976
976
955
933
932
924
919
911
895
895
886
877
868
859
852
845
840
832
826
823
814
808
804
800
796
789
785
782
778
775
772
771
766
765
761
758
758
754
752
751
748
747
740
740
743
743
741
741
740
738
738
737
737
735
733
732
730
731
731
731
730
729
730
731
8
8
40
61
75
87
88
96
113
120
125
128
135
135
137
145
146
153
156
159
164
164
164
171
172
176
178
181
184
186
192
193
193
197
199
203
203
203
208
209
213
214
216
218
219
220
221
221
221
226
228
228
227
227
228
232
232
233
233
233
235
236
236
237
980
980
952
939
932
923
915
914
898
889
880
872
865
857
851
846
836
833
828
823
820
813
808
804
799
795
791
788
784
780
778
774
772
769
767
759
759
758
758
756
755
752
751
751
748
746
745
743
742
742
740
740
737
737
736
734
733
733
732
732
732
732
731
731
23
23
42
64
71
83
99
102
107
114
119
119
127
132
138
141
143
147
152
152
161
162
169
168
171
171
173
176
179
184
184
186
186
185
185
193
198
201
201
203
208
209
211
213
215
219
220
220
222
223
225
225
228
235
228
230
230
230
231
232
233
232
233
233
845
845
800
780
761
747
732
729
728
728
728
727
726
726
727
727
725
721
725
726
726
726
726
727
726
726
726
727
727
726
725
726
726
726
726
727
728
728
726
726
725
725
725
725
725
726
726
726
725
724
724
724
724
725
725
725
725
725
725
725
725
725
722
722
80
80
97
99
100
118
127
127
131
133
135
138
142
145
147
151
153
153
156
158
161
165
166
167
175
180
185
187
208
209
209
213
216
219
221
222
224
225
226
228
228
228
231
232
233
233
234
234
235
236
236
238
239
239
239
241
241
241
242
243
243
243
244
244
910
910
895
887
884
876
867
863
863
863
861
844
844
844
839
835
832
832
820
814
808
805
794
789
784
779
775
768
764
764
762
759
757
755
752
750
750
749
748
748
746
745
744
743
742
742
742
741
741
739
739
740
740
740
739
739
739
738
738
737
737
737
737
737
61
61
70
75
80
83
88
91
96
99
103
107
114
118
122
130
132
138
141
142
143
153
162
168
173
180
185
189
194
198
201
204
208
208
209
213
215
217
221
223
224
224
224
227
228
229
230
232
245
234
234
234
234
235
236
236
237
237
237
238
239
239
240
239
914
914
904
899
893
890
888
881
871
871
871
867
864
860
855
851
847
842
839
833
828
825
824
814
806
802
802
798
792
787
784
780
776
769
768
768
768
766
761
759
757
756
756
752
752
750
750
748
748
748
747
746
746
746
746
745
743
743
743
743
742
740
740
740
54
54
60
66
71
78
78
78
87
88
92
99
99
104
107
111
116
121
126
126
127
141
147
151
152
159
166
172
176
180
183
189
193
197
205
205
209
209
210
217
218
218
219
219
221
225
226
226
226
229
230
231
231
231
232
233
234
233
234
233
236
236
236
236
918
918
903
902
899
895
892
888
886
884
879
872
868
868
861
857
857
853
849
844
841
837
832
830
823
811
808
808
803
798
795
791
787
784
780
779
774
770
768
768
763
762
760
759
757
755
755
754
753
752
751
751
750
750
750
748
748
747
747
746
746
738
743
741
50
50
58
63
67
70
71
71
79
80
85
87
90
94
96
99
104
107
116
116
120
127
131
137
142
147
152
156
165
165
170
174
178
183
187
192
195
200
203
205
207
209
212
214
217
219
219
219
220
225
227
227
227
228
230
230
231
232
233
233
233
233
236
236
928
928
912
907
902
891
891
897
897
886
883
880
877
873
872
868
868
862
859
854
846
842
842
837
833
827
824
814
811
808
803
803
795
791
787
784
780
773
770
770
770
768
762
761
759
758
757
756
754
753
754
753
752
751
750
747
748
748
748
748
747
747
746
747
54
54
56
60
68
70
71
73
76
82
82
82
86
86
90
94
97
100
103
104
107
115
119
119
130
148
148
148
149
154
156
159
162
167
172
180
184
188
192
192
200
201
207
207
209
214
215
215
218
219
221
224
224
225
227
228
228
229
230
230
231
232
232
232
889
889
884
869
862
843
824
810
786
774
764
759
754
751
748
746
745
742
742
739
743
739
736
736
736
736
733
733
731
731
731
731
730
729
729
729
729
728
728
727
725
725
727
727
727
726
726
726
726
726
726
725
725
725
725
724
723
724
724
724
724
723
723
723
60
60
72
74
74
80
84
87
87
92
95
104
108
112
117
119
123
123
127
134
138
142
148
151
162
166
173
179
186
186
196
202
209
214
218
221
224
225
226
229
229
229
229
232
232
232
232
232
232
233
233
235
236
236
236
237
238
239
239
240
240
240
240
243
916
916
908
902
898
893
891
887
883
880
873
870
870
870
864
858
850
845
839
832
814
809
809
802
795
790
782
775
769
765
762
758
751
751
751
748
746
744
742
741
741
741
741
740
736
734
733
732
732
728
728
729
729
729
729
728
727
726
726
722
722
725
725
716
59
55
59
75
75
69
69
73
78
81
79
82
92
95
95
98
103
104
108
113
124
126
126
134
138
146
147
152
165
167
173
185
191
197
197
207
216
223
221
222
222
223
224
225
227
234
234
231
231
232
233
235
236
237
237
238
238
238
239
239
241
241
243
243
915
915
912
908
903
899
897
894
894
893
885
884
883
875
872
868
864
864
855
851
844
834
831
824
823
814
807
799
791
785
779
774
765
762
755
753
752
749
748
746
745
743
742
741
740
740
738
737
737
736
735
735
734
733
732
732
732
731
730
728
730
728
728
726
39
39
52
54
58
61
63
63
68
70
72
75
78
83
84
87
90
93
97
102
103
106
114
120
126
131
136
145
148
154
169
173
181
188
195
204
207
215
219
219
222
224
229
227
229
229
229
230
231
233
234
234
235
236
237
238
238
239
239
240
242
242
243
243
920
920
915
912
906
902
900
897
895
895
892
887
886
881
879
875
871
864
860
860
853
848
841
833
830
825
819
813
808
807
792
784
776
775
768
765
753
751
751
749
747
746
744
744
742
741
740
739
739
737
736
736
736
735
734
734
734
732
732
731
731
731
730
728
43
43
43
53
55
60
55
60
64
68
69
71
74
77
80
82
83
88
91
91
99
107
111
111
115
120
127
135
141
141
147
156
164
175
183
192
195
200
210
213
218
221
224
226
226
229
234
233
233
233
233
233
235
237
237
237
238
239
239
239
240
241
243
249
921
921
916
912
909
909
905
891
891
893
894
893
888
887
877
877
876
876
870
866
861
856
849
845
839
831
824
822
818
811
807
800
790
781
774
767
763
755
745
749
749
749
746
744
743
742
741
741
741
739
738
737
736
736
736
736
735
734
734
733
733
731
727
727
42
42
46
50
52
52
58
59
64
65
66
66
71
71
75
79
81
84
88
92
94
95
100
103
104
111
116
120
126
127
138
145
152
161
172
185
190
197
203
209
217
220
219
220
224
224
225
230
232
233
232
233
234
235
237
237
237
237
238
238
238
238
239
239
912
912
892
883
872
854
831
803
773
754
738
738
738
736
734
733
731
729
728
727
727
726
723
722
720
719
718
717
715
715
715
714
714
713
713
712
712
710
710
710
710
710
710
710
709
709
709
710
710
710
710
710
710
710
710
711
710
711
711
711
711
712
712
712
50
50
55
63
73
75
81
82
84
91
96
101
102
104
111
115
115
124
128
140
140
140
145
155
180
192
192
205
215
218
223
227
230
231
233
234
234
236
239
240
241
244
246
247
248
248
249
250
251
251
251
253
253
253
254
255
256
256
257
257
257
257
257
257
908
908
908
902
898
894
891
887
879
875
875
870
866
862
860
854
847
839
836
826
814
807
794
784
777
770
764
746
744
740
737
736
732
730
729
729
727
727
727
725
724
724
722
721
720
719
718
716
716
716
714
714
713
711
711
711
710
710
707
709
709
709
709
709
42
42
48
52
58
58
70
70
71
74
75
80
86
87
89
95
97
99
105
110
118
120
123
128
132
132
132
167
168
179
189
199
205
211
219
224
224
227
229
230
232
235
238
235
238
238
239
241
242
245
245
246
246
247
247
248
249
250
250
250
250
250
251
251
921
921
913
908
902
901
897
892
890
889
885
878
876
876
872
869
861
860
857
854
846
842
837
825
822
812
799
786
780
773
764
746
743
740
738
737
734
734
733
732
733
731
730
730
729
727
726
723
723
723
723
722
720
719
717
719
717
719
717
713
713
711
711
710
38
38
41
56
56
56
59
63
71
71
74
76
80
81
88
88
88
93
95
95
98
104
108
108
118
118
121
127
137
158
160
180
181
189
196
208
209
215
223
226
229
229
229
229
229
232
234
235
235
240
243
241
241
241
239
239
243
251
251
246
246
247
247
248
916
917
916
911
906
904
899
897
896
888
886
886
880
880
880
878
872
872
871
868
867
863
861
854
848
847
831
829
818
807
791
780
774
763
757
749
744
739
738
736
736
735
733
733
727
727
729
729
728
727
726
725
723
723
723
723
721
720
719
718
717
716
716
715
45
31
45
47
51
53
59
61
64
67
70
71
75
75
76
80
83
85
87
89
93
94
95
95
99
103
103
110
113
120
130
139
156
170
185
189
190
199
203
199
210
220
222
224
225
228
229
231
231
233
234
236
237
238
238
240
240
240
241
241
243
243
244
244
931
931
917
903
903
903
903
897
896
896
895
890
890
890
889
881
880
876
872
868
866
866
864
864
862
859
851
851
847
842
833
812
806
789
778
761
761
755
748
743
738
736
735
733
732
731
729
729
729
728
727
726
726
725
723
723
722
721
721
721
721
718
718
716
35
35
42
43
51
54
58
60
63
67
69
70
71
71
76
79
81
82
82
82
85
89
90
95
96
96
99
103
106
111
111
136
139
150
164
174
174
179
192
197
204
211
216
220
223
225
226
227
229
232
232
233
234
235
235
235
235
239
240
241
241
245
245
242
