480
480
480
480
480
480
480
480
480
480
480
480
480
480
480
480
480
480
480
480
474
480
480
480
480
480
480
480
480
480
480
479
480
480
480
480
483
483
480
480
480
480
480
479
479
479
480
480
480
480
480
480
480
480
480
480
480
480
480
480
480
480
480
480
581
581
576
573
571
571
568
565
563
563
563
561
561
561
561
561
561
561
561
561
562
563
562
561
561
561
561
562
562
562
562
562
562
562
562
562
562
562
563
563
563
563
563
562
556
562
565
565
565
565
565
566
565
569
567
567
566
566
567
567
567
567
567
568
197
197
243
310
326
341
350
362
363
365
368
368
368
372
373
375
377
378
378
379
379
379
380
380
381
382
384
384
381
381
382
382
382
382
382
382
381
382
377
382
382
382
382
382
383
383
382
382
383
383
383
383
382
382
383
383
383
383
383
384
384
383
383
384
784
784
763
714
709
709
706
698
693
691
689
683
675
672
667
660
654
642
623
623
623
609
609
606
603
603
603
607
607
601
601
605
605
600
600
590
590
598
599
599
599
599
598
599
599
599
599
598
598
599
599
599
599
599
599
599
599
599
599
599
599
599
599
592
179
179
210
219
240
251
258
269
276
282
289
294
297
298
305
308
314
318
324
329
335
336
359
363
364
366
369
373
377
373
373
373
373
373
373
373
374
374
374
374
374
374
374
375
375
375
375
375
376
377
377
377
376
377
376
377
376
378
378
378
378
378
379
379
784
784
784
775
762
750
741
732
726
718
712
704
700
700
697
685
685
685
685
680
675
675
664
663
657
657
650
643
634
627
621
616
614
612
611
610
610
609
609
608
608
607
608
607
607
607
607
607
607
607
607
606
605
605
605
605
605
605
605
606
605
604
604
604
170
170
187
204
217
218
233
243
250
251
264
270
270
275
284
287
291
293
296
300
303
306
310
310
313
321
326
332
336
348
351
353
360
372
372
372
370
372
373
375
377
377
376
376
376
376
376
376
376
376
377
377
378
378
378
378
371
371
378
378
378
378
379
379
784
784
784
783
777
756
755
749
741
727
721
721
716
708
705
705
701
698
695
692
689
687
680
676
677
676
669
665
655
651
649
644
631
626
626
616
614
614
612
610
610
610
609
608
607
607
607
607
607
608
606
606
605
605
605
605
606
605
605
605
605
605
605
609
162
162
176
192
204
219
221
229
237
242
250
255
260
263
269
275
277
282
285
289
289
294
302
304
305
307
311
314
318
318
322
334
339
345
345
350
356
361
365
368
371
373
371
374
374
374
375
375
376
376
376
376
376
377
377
377
377
377
377
377
377
377
377
377
784
784
784
784
784
778
769
760
758
747
740
734
729
722
716
715
713
711
709
703
698
696
695
694
688
684
681
677
674
672
669
662
661
651
646
641
636
630
625
618
618
618
618
617
612
611
609
609
608
608
608
608
608
608
607
607
607
609
607
611
608
608
608
606
159
159
171
185
185
196
213
219
226
233
238
245
257
260
260
265
269
272
277
284
284
289
289
292
295
298
302
305
308
314
315
318
324
327
328
335
336
344
349
356
358
363
366
369
371
373
374
375
376
376
376
377
377
377
378
378
378
378
378
378
379
378
379
378
721
721
695
669
629
610
607
606
606
605
605
605
604
604
604
606
604
603
603
603
602
600
600
601
601
601
600
600
600
600
599
599
599
599
599
599
599
599
598
598
599
599
599
599
599
599
599
599
597
597
599
599
599
599
599
599
599
599
599
599
584
584
599
599
199
199
249
251
263
266
281
294
303
303
307
313
319
331
349
365
367
367
369
370
370
370
372
372
372
372
373
373
373
374
374
374
375
371
375
376
376
376
376
376
372
376
377
378
377
378
378
378
378
377
377
378
378
378
378
378
378
379
379
379
379
379
379
380
779
779
758
743
734
726
724
717
710
710
706
698
695
690
684
679
672
667
657
651
640
631
625
617
617
617
614
612
611
611
610
610
609
609
609
609
609
608
608
607
607
607
606
602
606
610
610
605
605
605
604
604
604
604
604
604
604
604
604
604
606
606
603
603
191
191
214
229
244
253
264
265
268
268
282
282
286
290
293
300
304
309
314
320
325
343
351
351
358
362
365
370
370
368
368
368
368
368
369
370
370
371
371
371
371
371
372
372
372
372
372
373
373
373
373
377
377
377
374
374
374
375
374
375
374
375
375
375
784
784
775
761
749
740
733
727
725
718
714
711
708
706
702
697
693
688
686
677
671
665
658
649
631
627
627
623
621
621
619
617
617
616
619
615
614
614
612
612
612
610
612
611
611
611
611
611
611
611
610
610
609
609
609
609
609
609
608
608
608
608
608
607
188
188
209
225
238
247
254
258
262
265
270
272
277
281
285
287
293
297
303
306
309
311
322
329
337
344
352
358
363
363
363
365
366
369
367
368
368
368
369
369
370
370
370
370
370
370
371
371
371
371
374
374
372
372
372
378
372
373
373
373
373
373
373
373
784
784
783
768
757
747
740
734
728
724
722
717
714
711
708
704
698
695
690
685
681
680
671
670
657
647
638
632
632
628
622
622
620
620
618
617
617
617
619
617
616
616
615
615
614
614
614
614
613
613
613
613
613
613
613
612
612
612
612
612
612
612
611
611
183
183
204
221
232
242
254
256
259
261
265
283
283
280
280
285
289
293
297
301
304
310
320
321
326
334
341
349
354
359
361
363
363
363
363
365
366
366
367
368
368
368
369
369
369
369
369
370
370
370
370
370
371
371
371
371
371
371
372
371
372
372
372
372
783
783
783
774
762
759
753
737
734
726
721
721
718
716
708
705
705
696
695
692
686
680
676
671
665
658
649
641
635
635
630
624
622
621
621
620
619
619
619
619
619
618
617
616
616
616
616
615
615
615
615
615
615
615
614
614
614
614
614
614
614
614
615
615
186
186
201
219
223
228
241
245
254
257
261
264
267
268
280
285
292
290
292
297
297
302
314
315
315
320
333
341
344
348
358
361
362
363
364
364
364
366
366
366
367
367
367
369
369
368
368
368
369
369
369
369
369
370
370
370
371
371
371
371
371
371
371
371
710
724
713
713
695
676
649
628
621
620
618
618
616
616
616
615
614
614
613
613
613
613
612
612
612
611
611
611
611
611
611
611
611
610
610
610
610
609
608
608
608
608
608
608
608
608
608
608
608
607
616
606
607
606
607
606
606
606
606
606
606
606
606
606
216
216
223
242
246
255
265
267
274
283
287
294
300
308
314
315
332
344
354
360
362
364
364
365
371
371
367
366
367
367
368
370
372
370
369
368
369
369
369
369
369
370
370
370
370
370
370
370
371
371
371
371
371
371
371
371
375
372
372
372
371
371
371
372
776
776
767
752
743
733
724
718
714
705
695
688
688
685
675
668
660
643
640
633
628
626
624
621
619
618
618
618
617
617
616
616
616
616
615
615
614
614
614
614
614
613
613
613
612
612
612
612
612
612
611
611
611
611
611
610
610
610
610
610
610
610
610
610
203
203
216
224
242
250
250
257
263
268
272
279
283
289
295
302
309
315
322
331
342
350
357
359
359
362
364
364
364
364
365
366
366
366
367
367
367
367
367
367
368
368
368
368
368
368
368
368
368
369
369
369
369
370
370
370
370
370
370
368
368
370
370
371
784
784
772
765
754
742
730
730
724
723
714
706
697
697
691
685
678
671
665
656
647
638
633
629
629
635
635
621
621
620
619
618
618
618
618
617
616
616
616
616
618
615
615
615
614
614
614
614
613
612
613
613
613
612
612
612
612
590
590
611
611
611
611
611
199
199
216
223
227
246
247
251
258
263
268
278
282
282
291
297
299
305
312
319
327
332
345
353
358
360
362
363
365
365
364
364
365
366
366
367
367
366
366
367
367
367
368
367
367
367
367
368
368
368
368
368
367
367
369
369
369
370
370
369
369
369
370
370
784
784
776
770
756
755
747
738
731
725
721
716
712
705
700
694
687
681
674
673
659
652
641
635
630
629
625
625
625
623
621
621
620
619
619
618
618
617
617
617
617
616
616
616
616
619
619
614
614
614
614
614
613
613
613
614
613
613
612
613
612
613
612
612
198
197
198
222
230
238
245
250
260
265
265
269
273
280
288
294
289
294
309
314
320
326
336
353
357
357
360
361
363
363
363
364
364
364
365
365
365
366
370
370
366
361
361
367
367
367
372
372
368
368
368
368
368
368
369
369
369
369
369
369
369
369
369
368
784
784
777
772
759
753
751
748
743
729
725
720
708
704
704
698
693
687
680
667
662
662
657
644
637
633
629
627
625
624
623
623
622
621
620
619
619
619
619
618
618
617
617
616
616
616
616
616
616
615
615
615
615
614
614
614
614
614
613
613
613
613
613
613
197
197
216
223
229
237
248
248
248
258
262
266
272
275
281
287
292
298
303
310
316
323
330
340
348
355
358
359
359
363
363
364
364
364
364
363
363
365
366
366
366
364
364
367
368
368
368
368
368
368
368
368
368
368
368
368
369
369
369
369
372
369
370
370
733
733
725
701
678
648
629
627
619
617
617
616
616
615
614
614
613
613
613
613
613
612
611
611
611
610
610
610
610
610
611
611
611
611
611
611
611
612
613
613
613
615
615
615
617
619
619
620
622
622
622
623
623
623
628
624
624
624
624
624
624
624
624
624
219
219
234
248
249
260
264
268
272
277
287
288
298
304
321
340
352
357
362
362
363
363
363
364
364
370
370
364
364
365
365
368
368
365
365
365
365
364
364
364
364
362
361
362
361
361
361
360
360
360
359
359
359
358
358
358
358
358
358
358
362
357
357
357
771
771
755
738
734
724
720
720
715
704
695
684
657
653
642
632
632
630
626
624
624
624
622
622
620
620
620
620
620
619
619
619
620
622
622
622
622
622
623
624
626
627
627
628
628
629
629
629
629
629
630
629
629
629
629
630
630
630
629
629
629
629
629
630
222
222
244
252
258
260
265
266
272
275
275
275
280
296
313
323
341
341
351
360
360
360
360
357
357
361
361
362
362
362
362
362
361
361
361
361
364
364
360
360
360
359
359
358
358
357
357
357
357
357
356
356
356
356
356
356
356
356
356
356
356
356
357
357
775
775
759
742
731
726
721
718
716
713
711
706
699
684
671
646
641
634
629
629
627
626
625
623
623
623
623
622
622
622
622
622
621
621
621
621
621
621
621
621
622
622
622
623
623
624
624
624
625
625
626
626
628
628
628
628
629
629
630
629
629
629
629
629
217
217
233
248
254
257
261
266
267
269
272
274
280
291
298
307
321
332
346
352
352
355
357
360
360
360
360
361
361
361
362
362
362
362
362
362
362
362
362
362
362
362
362
362
361
364
361
360
360
359
359
359
358
358
358
358
358
357
357
357
357
357
357
356
781
781
775
770
742
730
724
710
717
715
715
715
712
701
695
677
665
649
639
634
631
629
628
627
627
626
625
625
624
624
624
621
622
622
622
622
622
622
623
622
622
622
622
623
623
623
624
624
624
624
625
626
626
627
628
628
628
629
629
629
629
629
629
629
214
214
231
237
253
257
261
261
263
268
269
270
276
280
288
308
308
318
333
345
345
354
355
358
359
360
362
362
360
360
360
360
361
361
361
361
361
361
361
361
361
361
362
362
362
361
361
361
361
359
360
360
360
360
360
359
359
358
358
358
358
358
358
357
783
783
780
765
751
737
730
727
722
718
716
713
711
705
697
684
675
662
649
642
636
635
631
630
629
628
629
628
626
626
626
625
625
625
625
624
622
620
622
623
624
624
624
628
625
625
624
624
624
624
624
624
625
625
625
625
626
627
627
627
628
628
628
629
209
209
223
229
249
254
258
262
264
267
269
270
274
277
283
301
301
310
320
327
349
349
349
355
356
357
358
358
362
362
362
360
360
360
360
360
360
360
361
361
361
361
361
361
361
361
361
361
361
361
354
354
361
361
361
361
360
360
359
359
358
359
358
358
