152
164
173
175
187
191
194
198
201
203
203
207
207
211
213
213
213
215
216
216
218
215
220
220
220
222
223
225
225
225
225
225
225
226
227
228
228
228
228
228
230
230
231
227
231
231
231
234
234
234
234
234
235
236
235
236
236
237
242
242
240
238
238
239
985
985
961
939
932
922
916
904
895
884
884
880
872
864
864
859
854
848
842
840
826
825
818
812
806
802
797
788
787
785
780
778
775
773
770
770
765
765
762
760
760
759
756
755
755
755
752
752
750
750
750
749
748
748
743
742
743
744
744
744
742
742
742
741
15
15
62
64
79
95
108
118
129
132
135
143
148
153
159
161
164
169
171
175
179
183
187
189
194
198
200
205
205
208
210
211
211
214
217
217
219
220
220
220
224
219
224
225
226
227
227
228
228
228
230
231
231
231
231
231
233
233
233
232
232
232
234
235
1000
1000
971
950
945
930
927
923
914
907
902
898
884
876
876
870
855
850
850
841
826
819
818
810
803
797
790
785
778
776
771
767
764
762
760
757
752
746
746
744
744
743
742
742
741
738
737
736
735
734
733
733
733
733
734
733
732
731
730
730
729
728
728
728
16
16
38
55
74
88
99
108
118
119
127
133
144
150
154
156
163
163
170
173
176
180
186
187
188
191
192
195
195
200
203
205
207
209
209
212
215
233
218
218
218
218
220
222
224
225
225
225
225
227
227
227
230
230
231
231
233
233
233
234
234
234
233
233
994
994
973
959
950
940
931
926
920
911
897
895
892
884
874
861
854
854
847
839
831
823
817
809
804
796
790
785
775
772
772
766
766
761
760
755
752
749
749
745
744
742
740
739
738
736
735
734
733
733
731
731
731
731
728
727
727
727
726
726
726
726
726
724
1
1
45
47
70
85
96
107
116
124
128
136
143
150
155
155
159
164
166
171
171
182
182
182
185
188
191
193
196
196
202
204
203
204
203
208
213
214
214
215
217
218
220
220
220
223
223
237
229
229
228
227
227
227
227
231
231
232
233
233
234
235
235
235
1000
1000
972
968
950
939
933
924
918
911
904
904
890
888
875
866
860
850
842
835
827
819
816
813
800
793
790
783
779
775
771
763
758
757
754
752
751
749
747
744
740
739
739
739
737
735
734
732
732
730
730
729
728
728
728
727
725
725
725
725
723
724
723
723
4
4
47
51
69
83
95
110
114
121
127
135
140
144
149
151
157
160
164
167
171
173
177
180
183
184
189
191
192
196
198
200
203
204
206
207
210
211
213
214
217
222
222
221
221
223
223
223
225
226
227
227
227
228
229
229
229
231
234
234
234
234
235
235
996
996
976
954
951
942
933
923
920
912
906
900
893
883
880
865
857
851
834
830
830
818
812
797
792
791
787
785
775
775
771
767
764
761
758
752
751
751
749
731
742
730
740
738
738
737
736
735
732
731
731
730
730
730
728
728
728
727
726
726
726
724
724
722
0
0
27
49
68
81
91
104
112
120
127
132
138
143
148
152
153
156
162
165
169
171
177
181
181
184
188
190
191
194
196
198
200
209
209
206
206
210
211
213
214
216
217
217
219
220
220
223
224
225
225
227
229
229
230
231
232
232
232
232
234
231
235
236
861
861
806
769
748
735
729
721
720
720
720
718
718
717
717
717
717
717
717
718
718
719
719
720
721
721
722
722
724
724
724
725
726
726
726
726
726
727
728
729
729
725
725
730
731
731
732
732
732
732
732
733
733
733
733
734
736
736
735
735
735
735
735
735
59
59
83
95
116
122
147
147
147
150
154
157
162
162
165
169
175
179
181
191
198
194
198
202
206
210
214
215
225
226
230
236
239
239
240
241
242
245
248
248
248
249
250
251
251
251
252
253
253
254
254
255
257
257
257
257
259
260
261
261
261
262
262
263
966
966
952
945
944
944
931
927
916
904
890
873
859
838
837
814
810
810
804
798
793
788
786
783
779
777
774
774
769
768
766
763
761
759
757
755
757
755
754
752
750
748
748
746
745
744
743
743
741
741
740
740
738
738
738
738
737
737
737
737
737
736
736
735
67
67
79
96
103
113
119
124
127
134
140
141
144
147
150
151
155
156
161
163
163
167
174
177
182
184
190
190
194
195
202
206
207
215
219
227
232
232
236
239
242
246
247
249
251
254
253
254
256
256
259
259
261
262
262
262
263
265
265
265
265
266
267
269
967
967
963
955
949
944
942
933
928
916
904
887
872
859
848
838
832
823
817
805
801
801
798
794
790
788
784
784
780
777
774
773
772
772
772
767
767
766
765
763
763
762
759
759
758
760
755
753
753
752
749
748
747
747
747
745
745
743
743
743
742
740
740
741
67
67
79
91
95
100
114
119
123
127
129
134
137
140
142
143
147
148
152
154
154
155
159
161
163
166
167
167
174
175
180
196
188
192
192
201
203
208
208
214
215
226
229
229
236
238
242
245
247
253
253
254
257
258
259
260
263
264
267
264
267
267
268
269
965
965
956
953
952
946
942
937
931
923
912
892
883
868
858
843
841
828
824
817
810
810
807
800
799
793
791
787
782
781
781
776
774
774
773
772
768
768
767
767
764
760
761
759
759
758
757
757
754
752
752
751
749
748
747
746
744
744
744
744
743
742
739
739
63
63
72
90
98
105
110
124
126
126
127
131
131
135
142
142
144
148
150
150
153
154
156
158
159
164
166
167
167
169
171
173
180
180
181
179
185
195
197
200
205
207
210
215
221
226
231
236
239
239
246
250
252
255
257
258
262
263
263
264
264
265
265
267
968
968
961
957
951
948
943
937
923
921
914
901
887
873
863
854
840
834
831
825
822
814
810
805
800
796
792
789
782
781
781
781
776
776
771
771
771
771
767
766
765
764
763
759
759
759
758
756
754
754
752
752
751
750
748
747
744
744
744
743
743
742
742
741
61
61
77
90
100
103
115
116
120
123
127
130
133
136
136
139
138
143
145
149
152
154
156
156
160
161
163
163
165
173
173
173
177
180
180
184
185
185
192
198
207
198
208
215
215
219
219
223
231
235
239
246
250
250
253
255
257
259
261
263
265
265
265
266
940
940
908
856
832
807
791
780
768
766
761
751
746
746
743
743
735
738
738
738
737
737
737
737
735
735
735
735
735
735
735
735
735
735
730
736
736
736
733
733
733
733
733
734
734
734
734
734
734
734
734
734
734
734
735
735
734
734
734
734
734
734
734
734
78
78
92
107
117
125
130
130
139
139
141
147
149
151
151
153
157
157
160
161
163
165
168
171
174
174
175
179
181
179
181
187
195
196
202
208
216
218
223
235
241
246
252
255
259
264
270
272
272
274
276
276
277
277
278
279
279
279
279
281
282
282
282
282
960
960
955
948
943
935
930
919
908
896
878
865
856
842
832
823
816
810
803
798
796
788
783
779
771
769
768
766
762
761
759
755
754
754
753
751
750
749
747
746
743
741
740
740
739
740
738
736
736
736
736
735
732
732
734
734
733
733
733
733
733
733
733
733
71
71
84
93
96
116
118
127
133
133
135
137
139
143
143
144
148
152
153
153
156
158
159
161
162
171
171
169
169
171
174
175
180
182
182
186
190
194
196
212
219
219
225
231
248
253
254
260
265
269
269
272
273
273
273
278
279
280
280
280
282
282
283
284
960
960
956
956
947
943
936
925
911
895
885
870
862
853
843
835
829
821
813
810
804
798
791
789
787
783
779
774
774
769
763
762
761
759
759
756
754
754
752
750
749
747
746
744
741
740
738
737
736
734
734
734
734
734
731
732
732
733
733
733
732
731
732
732
68
68
78
91
94
104
115
118
128
130
130
136
138
138
139
142
143
146
160
152
153
153
156
156
159
159
159
163
164
167
168
171
173
175
178
181
184
187
191
191
196
206
216
221
229
236
245
254
259
260
264
269
271
273
275
276
277
278
279
279
280
280
279
279
950
958
954
954
948
943
935
923
909
894
885
872
862
856
846
839
827
826
820
816
810
806
801
796
790
789
784
780
778
772
769
769
767
764
761
760
759
757
755
755
752
751
748
748
746
742
740
737
731
736
735
735
734
734
734
733
732
732
732
732
732
731
731
731
63
63
77
86
91
99
107
115
120
125
127
131
131
138
138
139
143
145
143
145
149
152
152
152
153
155
159
161
162
164
166
167
173
175
176
177
182
186
187
193
201
209
214
220
227
236
243
253
257
259
264
266
268
270
273
283
278
278
277
277
279
280
281
282
964
964
959
955
951
944
937
922
905
891
872
870
862
853
848
831
831
831
822
817
812
808
804
796
794
792
788
782
781
771
771
771
771
769
765
764
760
756
753
752
752
752
749
748
745
744
744
739
736
736
735
734
734
734
733
732
730
732
732
732
732
730
730
731
63
63
72
83
92
97
103
111
118
121
125
129
132
134
135
139
139
142
144
145
147
149
151
151
152
154
155
158
160
163
167
169
169
172
179
181
181
190
193
204
211
211
217
224
232
239
248
254
258
262
265
265
267
269
271
271
274
275
275
275
277
278
279
280
917
917
867
841
820
803
786
777
765
756
749
739
735
733
732
732
730
730
730
730
730
730
729
729
728
728
728
728
728
727
727
727
728
728
727
726
726
726
727
727
728
726
725
725
725
725
727
726
726
725
725
725
725
725
723
723
724
724
725
725
725
725
726
725
75
75
89
101
108
115
124
127
127
131
131
138
139
139
151
158
158
160
163
179
186
193
200
211
220
223
239
240
247
253
255
258
259
261
263
265
270
270
270
270
271
272
274
274
274
275
275
276
277
277
277
277
277
277
281
282
282
280
280
282
282
284
285
290
953
953
941
916
913
894
887
874
862
855
851
839
837
830
827
823
819
816
809
804
801
792
780
772
768
764
763
755
755
753
745
744
743
743
741
739
738
738
737
735
735
735
735
733
732
732
730
729
729
729
732
729
732
728
728
727
727
726
726
727
727
726
726
726
55
55
77
84
88
97
107
107
112
117
121
125
129
131
142
146
146
150
160
162
168
169
175
175
182
184
188
189
192
199
205
214
214
225
232
239
251
253
257
266
268
268
268
268
269
271
272
272
275
275
277
278
278
282
283
286
286
288
288
288
289
290
290
290
956
956
946
932
918
908
894
888
867
862
852
846
842
838
833
828
827
820
812
810
806
801
798
795
792
785
784
775
774
769
763
750
748
748
746
742
740
738
736
735
733
732
732
732
731
730
730
730
729
728
727
726
726
725
725
724
723
723
722
722
722
721
721
721
60
60
80
86
86
93
101
105
113
114
118
123
135
136
138
143
147
151
155
159
159
159
166
172
180
181
181
184
186
188
190
191
193
196
202
204
211
222
229
238
245
249
257
262
268
269
268
269
270
271
273
274
276
279
281
282
285
286
288
289
291
291
291
292
944
952
944
936
923
909
896
890
873
870
855
847
844
839
834
830
827
826
819
816
813
808
804
801
798
794
791
784
780
777
772
767
759
753
748
747
742
738
736
734
734
732
725
725
725
728
728
728
728
730
727
726
725
725
724
723
721
720
721
720
720
720
719
719
57
57
70
79
85
92
97
105
112
118
126
131
131
134
135
139
143
149
153
160
163
163
167
172
174
177
179
182
184
184
189
189
191
192
192
199
203
208
214
220
231
242
253
254
254
259
262
266
267
268
268
270
271
272
274
275
278
279
286
286
289
288
289
289
960
960
956
942
928
913
902
892
875
866
857
851
846
841
839
831
831
831
831
826
819
815
813
809
806
803
800
793
788
788
776
770
770
764
757
751
747
743
740
739
733
733
732
731
728
727
727
725
725
725
724
724
724
724
723
718
710
710
719
719
719
718
718
718
83
70
71
71
91
112
98
111
111
116
120
125
131
131
137
143
148
148
151
153
154
159
159
168
172
172
175
177
184
185
184
185
189
189
192
196
199
201
207
220
220
228
243
251
252
256
256
257
263
265
266
267
268
270
271
271
273
274
276
278
279
282
283
283
