166
184
196
200
200
208
212
218
218
220
221
222
223
223
224
224
227
227
223
223
223
222
222
222
221
222
222
222
222
222
222
224
222
222
222
222
222
222
223
223
223
223
223
223
223
223
224
224
224
223
223
223
224
225
225
224
224
225
225
225
225
225
225
225
966
966
948
927
916
904
889
879
870
859
851
844
838
832
825
824
817
814
813
812
807
803
801
798
796
791
790
789
789
786
782
782
780
780
777
774
773
772
771
769
769
767
766
765
765
763
762
762
761
761
759
758
758
757
756
756
755
754
754
754
753
753
753
753
13
13
52
62
63
75
87
97
107
119
129
136
145
151
156
161
165
167
175
176
177
180
182
184
186
189
189
194
195
195
197
200
201
203
205
207
208
211
212
212
213
213
213
215
215
215
216
216
217
217
217
217
219
219
219
220
220
220
221
220
221
220
221
221
987
987
965
945
938
928
920
902
900
888
880
869
862
852
849
840
835
827
817
817
812
807
803
798
793
791
786
783
781
778
775
770
768
768
767
764
764
759
759
757
756
756
756
754
754
754
753
753
747
749
747
748
747
747
746
746
744
744
744
744
743
743
743
741
0
0
22
38
52
74
77
86
95
99
110
116
124
129
130
137
139
152
152
153
154
159
161
163
165
166
175
175
177
177
179
180
185
189
189
189
191
197
199
199
202
207
207
208
209
211
211
212
215
215
215
216
217
217
217
217
220
220
219
219
220
220
221
221
991
991
971
956
944
936
926
917
911
902
893
884
873
867
861
853
847
838
836
831
819
818
814
810
806
802
798
796
791
783
780
780
777
772
771
768
763
768
763
760
759
757
757
755
753
753
752
751
750
749
749
748
747
746
746
746
746
745
745
744
744
743
742
742
17
16
17
23
49
57
63
76
84
93
99
103
110
115
120
121
129
133
138
143
145
149
150
153
157
158
163
165
163
165
170
171
172
177
179
181
184
187
190
191
194
195
197
200
202
205
205
208
209
209
212
213
214
215
217
216
216
216
218
218
219
220
220
220
994
994
975
959
942
940
931
925
914
909
901
895
878
876
870
864
855
850
845
837
832
831
822
817
813
808
801
799
794
791
788
785
782
778
775
774
769
767
763
762
760
759
758
755
755
753
752
752
752
746
746
748
748
746
746
745
745
745
745
744
743
743
742
742
0
0
12
23
46
48
58
64
77
85
92
98
107
111
112
118
123
127
130
135
137
142
146
147
154
154
160
160
160
166
169
169
171
173
173
180
180
185
187
191
191
193
196
197
200
203
203
209
209
209
211
212
213
215
215
215
216
218
219
219
219
220
221
221
998
998
980
961
953
930
926
924
923
914
900
899
890
885
877
872
862
857
849
843
835
827
826
819
816
812
806
804
798
796
796
788
784
781
778
771
769
769
766
764
762
761
758
757
755
754
753
752
752
750
750
750
747
746
745
745
745
745
744
744
743
743
741
741
0
0
7
33
37
41
47
62
71
77
86
99
100
102
105
112
117
126
129
129
132
135
140
143
147
149
152
155
160
160
160
165
168
172
172
175
175
179
183
186
190
197
195
195
195
200
202
203
205
210
210
210
210
212
213
214
215
215
215
218
219
222
222
221
870
870
825
792
766
753
747
740
735
740
735
735
734
733
732
732
731
731
731
731
731
731
731
730
730
730
729
729
729
729
729
728
728
729
729
727
727
728
728
728
728
728
728
728
725
728
727
727
727
727
727
727
727
727
727
730
730
727
727
727
727
726
726
726
33
33
50
62
63
87
100
110
125
139
149
157
167
174
183
190
196
201
205
208
208
208
213
215
216
217
218
219
221
222
224
223
223
223
224
224
223
223
226
226
227
227
227
231
231
229
229
229
229
229
229
230
231
230
231
231
231
232
232
232
231
231
233
233
958
958
941
925
910
899
889
871
868
859
846
837
827
816
802
798
797
790
784
778
776
771
768
763
759
759
755
754
751
749
747
747
746
744
743
743
741
741
741
740
739
738
738
738
738
737
736
736
736
736
736
736
736
735
735
735
735
735
735
734
734
733
733
733
22
22
39
50
58
66
73
81
90
90
111
113
120
126
135
142
147
153
163
167
169
170
178
185
189
192
196
200
201
203
206
209
211
213
213
217
218
218
220
220
223
224
224
225
225
225
225
225
225
225
227
227
228
228
228
225
228
229
229
229
229
229
229
229
966
966
949
936
925
914
896
887
887
881
872
861
852
842
832
817
817
811
806
800
794
789
783
775
772
772
768
764
764
750
750
753
753
751
750
748
747
745
744
744
743
743
739
740
740
740
740
740
739
739
738
738
737
737
737
737
737
736
736
736
736
736
735
735
19
19
34
39
52
58
64
71
84
90
90
96
103
110
110
117
135
146
146
147
154
157
162
168
174
184
190
190
192
194
197
201
204
207
209
210
213
215
217
218
223
223
221
221
223
224
224
224
223
225
226
227
227
228
228
228
228
229
229
229
229
229
227
227
968
968
955
943
935
922
914
900
898
891
883
876
866
855
848
839
830
822
813
809
801
798
792
782
782
778
774
770
767
763
761
759
754
752
751
749
749
747
746
746
746
743
743
742
742
740
740
740
740
739
739
736
739
738
739
738
737
737
736
738
736
736
736
736
15
15
32
42
49
55
61
66
71
77
79
89
95
105
108
115
122
133
137
137
144
155
160
160
166
171
176
182
185
189
196
197
200
202
208
212
212
213
213
217
218
219
219
219
221
221
224
225
225
225
226
226
227
227
227
228
228
228
233
233
229
229
230
230
967
967
958
945
934
931
917
910
904
896
890
880
873
863
851
844
836
822
821
811
809
797
791
791
788
781
778
776
770
767
764
761
759
755
753
753
751
749
749
746
746
745
744
744
743
742
741
741
741
741
740
740
739
739
739
739
739
738
738
738
737
737
737
736
13
13
29
42
47
53
58
68
72
72
84
84
88
95
104
111
117
124
127
137
141
151
153
155
161
167
171
177
179
190
191
191
196
199
203
206
209
212
212
215
217
219
221
221
222
222
223
223
225
225
227
229
229
229
228
228
228
228
228
232
232
234
230
230
906
906
883
848
811
796
775
763
753
747
744
739
738
730
729
730
729
733
735
735
735
734
733
733
734
734
734
733
732
732
732
732
732
731
729
731
730
730
730
730
731
730
731
731
731
731
730
730
730
730
730
730
729
729
729
730
729
729
729
729
730
729
729
729
38
38
48
56
64
71
78
85
87
104
114
128
135
142
152
159
170
179
183
193
198
204
207
211
213
223
223
222
222
223
225
225
226
228
229
229
230
230
231
231
232
232
232
232
232
231
232
231
233
231
234
231
234
234
235
235
235
234
234
235
235
235
235
235
942
942
926
917
911
902
894
883
870
855
846
831
820
812
800
792
785
779
774
768
765
754
754
754
751
748
745
744
743
743
741
740
739
738
737
737
737
737
736
736
736
736
735
735
735
735
734
734
733
733
733
734
734
733
732
732
732
732
732
732
732
732
732
732
33
33
42
45
53
60
64
73
80
87
96
106
114
123
142
144
153
163
171
180
187
194
199
208
211
211
214
216
218
220
221
223
223
224
224
226
226
228
228
228
229
228
229
228
229
230
231
232
232
232
232
233
232
233
231
233
233
234
234
234
260
234
237
234
940
940
917
916
902
900
891
880
868
854
844
830
812
809
801
790
782
774
771
766
760
755
755
755
755
749
747
745
745
743
742
742
742
742
739
738
738
738
737
737
737
737
736
736
735
735
735
735
735
734
734
734
734
734
734
733
733
733
735
735
734
733
733
733
32
32
42
47
47
57
64
71
78
86
97
101
113
123
135
144
151
158
171
178
192
194
200
201
208
211
212
216
217
219
220
221
222
223
224
224
226
226
226
225
225
228
228
228
229
229
230
230
230
230
231
231
231
231
231
232
232
232
232
232
232
232
232
233
947
947
924
922
916
910
904
896
888
873
864
852
840
828
817
808
798
789
782
776
771
767
762
758
755
753
751
749
748
748
745
744
743
743
743
742
740
740
739
739
738
735
733
733
737
737
737
736
736
735
735
734
735
735
735
735
735
735
733
735
734
735
734
735
30
30
37
41
47
58
62
62
72
75
86
91
106
114
125
135
145
155
164
171
180
188
196
199
203
204
209
211
214
214
214
217
221
221
221
222
222
224
225
225
225
225
225
225
227
228
228
229
229
230
230
230
229
229
230
230
230
230
231
231
231
231
232
232
946
946
929
924
917
912
908
894
894
881
871
859
841
834
822
812
802
793
771
771
771
766
762
760
756
755
754
752
748
748
746
744
743
743
743
742
741
741
740
739
739
739
739
738
738
738
738
737
737
737
737
737
736
735
735
735
735
735
735
734
734
734
734
734
38
38
41
43
48
51
52
64
69
78
95
100
111
116
126
136
152
154
159
171
178
188
194
197
203
207
209
211
212
216
216
215
215
220
221
223
223
223
224
225
226
226
225
225
227
229
229
228
228
229
229
229
229
229
230
230
230
231
230
231
231
231
231
231
892
892
848
800
767
755
748
744
740
738
738
737
735
735
734
734
733
733
733
733
733
734
734
733
732
733
734
734
734
735
735
734
734
734
734
734
734
734
734
734
734
732
732
731
731
730
730
730
730
730
730
726
730
729
729
729
729
729
729
730
730
729
729
730
59
59
67
79
95
108
126
153
168
168
182
192
199
205
209
213
217
217
220
223
225
229
228
229
229
232
230
230
230
230
231
232
232
235
232
232
232
233
233
233
235
235
233
233
233
233
233
232
234
234
234
234
234
234
234
233
234
234
235
234
234
234
233
233
918
918
910
901
889
880
866
852
836
818
802
787
775
772
760
755
750
747
745
744
742
740
739
737
737
737
736
735
735
736
736
735
735
735
734
734
733
733
733
733
733
733
732
732
732
732
732
732
732
732
732
732
732
732
731
731
731
727
731
732
732
732
732
731
35
35
47
52
64
67
83
90
99
108
123
139
156
168
179
190
198
203
208
211
214
219
220
220
222
223
226
226
226
226
227
227
227
229
229
229
229
230
230
230
230
230
231
231
231
232
232
232
232
232
232
232
232
232
232
232
232
232
232
232
232
232
233
233
925
925
918
910
907
889
869
867
845
828
811
795
782
771
763
759
751
749
749
745
744
743
742
741
740
740
738
737
737
737
737
736
733
732
732
736
736
735
735
735
734
733
733
733
735
734
734
734
735
735
734
734
734
734
734
733
733
733
733
734
733
733
729
733
24
24
40
45
52
62
72
84
90
95
119
140
150
160
170
180
190
194
199
204
207
211
213
215
217
219
219
220
222
223
225
225
225
226
226
226
227
228
228
228
228
228
229
229
229
229
229
229
229
230
230
230
230
230
230
230
230
230
227
227
230
230
230
230
918
925
922
922
913
913
909
876
867
865
842
828
809
798
786
773
769
764
761
757
754
752
751
749
748
746
745
744
743
743
742
740
740
741
741
739
739
740
740
739
738
738
738
738
738
737
737
737
737
736
736
736
736
736
736
735
736
736
736
736
736
736
736
735
27
27
32
40
45
48
55
62
73
90
91
107
126
139
150
158
167
171
184
190
194
199
202
205
207
210
214
215
216
218
219
219
219
222
223
223
223
223
223
225
225
225
225
226
226
228
228
226
226
227
227
227
227
227
227
227
228
227
227
227
227
228
228
228
934
934
930
925
918
914
909
898
887
872
851
826
817
808
800
788
780
775
772
767
764
760
756
756
754
752
750
748
748
746
745
745
746
746
744
742
741
741
741
741
740
740
740
740
741
740
740
739
740
738
738
738
738
738
738
738
737
737
738
738
737
737
737
737
29
29
37
39
40
44
47
59
69
79
93
113
123
127
152
159
165
173
180
186
191
196
199
205
206
210
212
212
214
215
218
219
219
221
222
222
222
222
223
224
224
224
224
225
225
225
225
225
225
225
225
225
226
226
226
226
226
226
226
226
226
226
226
226
