480
480
480
479
480
479
479
477
479
479
480
480
480
479
479
479
480
480
480
480
480
480
480
480
480
480
480
480
480
480
480
480
480
480
480
480
480
480
480
480
480
480
480
480
480
479
479
479
480
480
480
480
480
480
480
480
480
479
480
480
480
480
480
480
537
537
536
534
534
534
534
534
534
535
535
536
539
539
537
537
537
537
537
537
537
537
538
538
538
539
539
539
539
539
539
540
539
544
540
540
540
540
540
540
540
541
541
542
541
541
541
541
541
542
542
542
542
542
542
543
542
543
543
543
543
543
543
544
292
292
299
315
333
354
365
374
382
386
390
392
394
396
396
398
400
402
403
403
405
406
405
406
397
406
407
408
409
409
409
409
409
410
411
412
412
412
412
413
413
413
414
414
414
415
415
415
415
415
415
415
415
416
416
416
416
416
416
416
416
416
416
416
726
726
704
677
659
647
635
632
619
613
605
598
597
588
585
584
581
579
578
579
578
577
576
576
575
575
575
575
575
574
574
574
575
575
574
574
574
576
574
574
574
574
574
575
575
574
574
575
575
574
574
574
575
574
574
574
574
575
574
574
574
574
574
574
229
229
271
286
293
306
320
320
326
327
337
337
341
355
362
371
380
387
393
395
398
399
399
400
401
403
403
404
404
405
405
406
406
406
407
408
408
414
414
410
410
410
410
410
411
411
412
412
412
409
412
412
412
412
415
415
414
413
413
413
414
414
414
414
731
731
719
689
679
679
670
662
655
654
642
636
625
619
619
612
606
600
596
591
588
588
587
584
584
590
590
582
582
582
582
582
582
581
581
581
580
580
579
579
579
579
579
579
579
579
579
579
579
578
578
578
578
578
578
577
577
577
577
577
577
577
576
577
251
251
260
268
280
296
301
304
317
323
329
333
337
342
349
354
360
360
365
370
376
376
382
394
398
401
403
404
406
406
407
408
410
410
410
411
411
412
412
413
413
413
416
416
414
412
414
415
415
416
416
416
416
417
417
416
415
416
413
416
416
417
416
417
730
730
716
706
696
689
682
675
670
662
656
651
644
641
636
633
624
622
616
610
606
600
600
596
591
589
588
586
586
585
587
585
583
583
583
582
582
582
582
582
582
581
581
581
581
581
581
580
580
581
581
581
580
581
580
580
580
577
580
582
582
580
580
580
238
238
253
267
275
283
292
299
305
311
317
321
327
331
335
343
344
348
353
357
363
369
372
375
383
396
399
399
400
402
403
403
403
404
406
407
407
407
408
408
408
409
409
410
411
411
411
411
411
412
412
412
417
417
416
413
413
413
413
414
416
416
414
414
738
738
724
715
714
700
694
688
681
675
668
663
659
657
649
643
639
630
630
624
620
616
610
603
600
596
593
590
588
588
588
587
589
586
586
583
583
583
583
582
582
582
581
581
581
581
581
586
586
580
580
580
580
580
580
579
579
579
579
579
579
579
579
578
241
241
261
268
288
293
293
304
306
311
318
324
328
329
337
339
344
344
360
360
360
365
369
374
383
390
400
398
401
401
403
405
407
409
409
409
411
411
412
412
412
413
413
414
414
414
414
414
415
415
415
415
415
415
415
408
415
405
417
415
415
415
416
416
649
649
613
589
584
584
582
581
581
581
581
580
580
579
579
578
578
578
577
577
577
576
576
575
575
574
573
573
574
574
574
574
574
574
574
573
573
573
573
573
573
573
573
573
573
573
573
573
572
572
572
573
573
572
572
572
572
572
572
571
571
571
571
572
268
268
286
307
320
324
345
350
367
379
387
396
401
403
403
404
407
407
407
409
409
409
410
411
411
411
411
412
413
413
413
413
413
413
413
413
413
413
413
413
413
413
413
413
414
414
416
416
416
414
414
414
414
414
414
414
414
414
414
413
414
414
414
413
718
718
707
706
681
672
664
655
652
646
628
619
612
607
598
595
595
595
589
588
587
585
584
584
584
583
583
582
582
580
580
580
579
579
579
578
578
578
577
577
577
577
576
576
575
575
575
574
574
573
573
573
573
573
573
572
572
572
572
572
571
571
571
570
262
262
271
281
292
292
301
321
330
338
348
355
363
371
381
389
395
395
399
400
404
406
407
407
408
410
411
412
412
412
413
413
414
414
414
415
415
415
415
415
415
415
415
415
416
417
417
417
416
417
417
417
417
417
418
418
418
419
420
420
419
418
418
418
712
712
702
692
685
679
672
660
653
653
647
638
631
626
617
610
604
598
594
593
591
587
587
587
584
583
583
583
581
581
580
579
578
578
578
577
577
577
576
576
575
575
575
575
574
574
573
573
571
572
571
571
571
574
574
570
570
569
571
570
570
570
569
570
274
272
274
275
287
292
302
311
319
328
337
345
351
361
362
374
383
397
401
401
403
405
406
407
408
409
410
411
411
412
412
413
413
413
414
414
414
414
415
415
415
416
416
416
416
417
417
417
417
418
418
418
418
418
419
420
420
420
419
419
419
419
419
419
695
703
703
694
685
681
679
670
665
661
652
646
646
639
624
619
614
609
604
595
591
591
587
585
585
582
582
581
579
579
578
577
577
577
576
575
575
575
574
574
573
573
572
572
572
572
571
570
569
569
569
569
568
567
567
568
568
568
568
568
568
568
568
568
262
262
282
286
286
295
301
309
315
323
330
338
345
352
367
372
372
380
387
394
398
402
405
406
407
408
409
409
411
411
411
412
413
413
414
414
414
415
415
415
416
416
416
417
417
418
418
418
418
419
421
422
422
422
419
419
419
419
419
419
419
419
419
419
712
712
701
694
686
685
675
669
665
664
655
645
641
629
626
623
619
614
601
601
601
595
589
588
587
583
582
581
580
579
578
575
575
575
575
575
574
574
573
573
572
571
570
570
570
569
568
568
568
572
572
569
568
568
567
567
567
555
555
563
564
568
568
568
254
254
277
286
291
300
303
307
332
332
336
336
342
348
354
361
367
374
379
387
393
398
402
404
405
408
408
410
410
411
412
412
413
413
413
413
414
415
415
416
416
416
417
417
418
418
418
419
418
419
418
419
419
419
420
420
425
420
420
419
419
419
419
419
668
668
664
626
607
591
581
580
574
569
567
569
571
571
571
571
571
563
562
563
563
564
565
565
564
563
563
563
564
565
565
565
564
564
565
565
567
567
567
567
569
566
567
567
569
569
569
568
568
571
571
569
569
577
579
577
569
569
569
570
572
573
573
572
291
291
294
297
308
323
334
362
375
375
371
371
372
389
399
413
425
425
414
413
413
416
422
434
434
431
422
418
417
417
427
439
439
434
417
414
417
417
423
436
436
428
420
417
417
417
424
435
435
427
421
415
415
417
425
432
432
425
419
415
415
415
424
428
718
718
701
665
662
642
628
624
624
624
622
614
603
590
580
580
580
580
579
578
576
569
566
566
571
571
571
570
566
565
563
565
566
566
566
565
563
559
558
558
561
561
564
564
562
560
560
562
562
564
564
563
562
560
560
560
562
564
564
564
563
563
561
561
262
262
284
292
316
325
332
336
342
350
359
373
373
377
391
396
400
405
408
411
414
414
414
412
414
414
415
418
419
419
419
419
419
419
421
421
422
422
420
420
419
420
420
422
424
424
420
420
420
421
421
422
424
424
422
420
420
420
421
424
424
422
419
421
719
719
697
678
667
661
656
649
642
626
620
617
612
607
602
597
592
583
581
579
578
576
576
575
573
571
570
569
569
569
567
567
566
563
563
563
563
563
563
563
563
563
562
561
561
561
561
561
561
561
560
560
560
561
561
561
560
560
560
560
560
560
555
555
287
287
300
306
312
317
325
331
340
348
354
360
365
372
378
390
392
396
400
403
403
408
410
411
413
414
414
414
414
415
416
417
417
418
418
418
418
417
418
420
420
420
420
420
420
420
421
422
423
423
422
421
421
421
422
423
423
423
422
422
422
423
423
424
721
721
703
689
671
657
655
648
642
639
633
628
620
615
612
602
597
595
593
595
586
583
576
576
574
573
572
570
570
568
568
567
567
566
566
565
565
564
564
564
562
562
563
563
561
561
567
567
560
560
560
561
560
559
559
559
558
557
557
559
559
559
559
559
279
279
286
306
313
321
327
331
337
343
350
355
366
368
372
374
384
388
397
397
400
404
405
408
409
409
409
411
413
413
414
414
414
414
416
417
417
417
417
417
417
418
418
418
419
419
419
419
420
420
420
420
421
421
421
421
421
421
422
422
422
416
422
422
742
742
710
688
674
658
653
652
646
641
631
626
625
618
613
608
603
582
582
588
588
581
578
578
577
575
572
571
571
571
571
570
568
568
566
566
566
565
565
565
563
563
562
562
561
561
557
557
557
560
559
559
559
559
559
560
559
558
558
558
558
559
558
558
275
275
295
305
308
320
325
332
338
344
349
353
359
364
370
376
379
385
387
392
396
398
404
405
407
413
413
411
411
411
412
413
413
414
415
415
415
415
416
416
416
417
418
418
418
418
418
419
420
419
420
420
420
420
420
420
421
421
421
421
421
421
422
422
649
649
631
609
593
581
575
573
568
565
564
562
561
560
560
560
559
552
552
560
562
567
565
572
569
571
571
574
576
579
584
585
585
589
589
593
594
597
597
597
600
600
600
599
599
598
599
598
599
599
600
600
598
596
596
596
592
590
583
568
580
565
579
565
336
336
337
350
362
350
366
336
366
342
378
364
378
390
398
405
409
405
413
408
413
409
416
411
415
411
414
411
414
415
415
411
411
409
411
409
409
407
407
406
404
404
402
402
402
400
402
397
402
396
399
393
396
393
394
391
393
393
394
394
391
389
390
388
734
734
718
692
679
677
674
674
663
661
650
641
634
628
622
612
603
593
590
585
583
578
578
576
575
574
573
574
573
574
574
575
576
578
580
581
586
587
591
591
595
596
599
599
601
602
601
602
601
603
601
601
601
601
601
601
601
601
600
600
600
602
600
601
264
264
266
300
302
302
302
305
309
311
316
319
325
333
347
363
380
385
390
393
393
393
397
397
399
399
399
399
399
397
397
397
396
395
394
393
392
392
392
392
389
388
387
387
387
386
385
385
385
385
385
385
385
385
385
385
386
386
386
386
386
386
386
387
752
752
720
697
687
683
678
676
676
672
669
666
657
650
650
643
638
627
617
607
607
600
593
590
588
588
586
585
584
584
584
583
583
584
586
586
586
587
588
589
590
592
592
593
594
596
597
597
598
599
599
599
600
600
600
600
600
600
600
600
599
600
600
600
236
236
248
271
279
293
307
308
309
310
313
314
317
324
329
332
337
348
361
372
372
382
387
389
392
397
397
395
395
398
398
399
399
399
398
399
398
397
397
396
394
393
393
392
390
389
389
389
388
388
388
387
387
387
386
382
386
386
386
386
386
386
386
386
745
745
732
712
704
697
682
678
674
673
673
670
670
669
664
657
654
646
640
623
613
613
610
602
599
596
594
593
593
591
591
590
590
590
590
590
591
591
592
594
595
595
595
595
595
596
596
597
597
599
599
599
600
599
599
599
599
599
599
599
600
600
600
600
231
231
240
253
275
298
302
307
307
310
311
311
313
317
318
321
324
331
338
346
354
363
374
381
386
388
390
391
393
394
395
395
395
395
395
395
395
394
392
392
394
394
393
390
390
390
390
389
389
389
389
388
388
388
387
387
387
386
386
386
387
387
387
387
747
747
740
733
722
708
690
679
676
673
676
673
670
669
666
664
661
657
650
644
638
632
625
617
613
605
602
602
600
597
595
593
594
593
593
593
593
593
593
593
593
595
595
595
595
595
597
597
597
597
597
597
598
598
598
598
599
599
600
600
600
600
600
600
233
233
237
247
263
281
299
299
306
310
310
313
314
316
322
322
322
322
332
338
345
353
359
369
375
382
385
387
389
390
391
392
393
393
394
394
394
393
393
392
392
392
392
391
390
390
390
389
390
389
389
388
389
388
388
388
387
387
388
388
387
386
386
387
