479
479
480
480
480
480
480
480
480
480
479
480
479
480
479
480
479
480
479
479
479
479
480
479
480
479
479
479
480
480
480
480
480
480
479
480
479
480
480
480
479
479
480
480
478
478
480
480
480
479
479
479
479
479
479
480
479
479
479
479
479
479
479
480
530
537
539
538
538
538
538
539
539
539
540
540
540
541
541
541
541
541
541
542
542
542
542
542
542
541
541
542
542
542
542
542
542
542
542
543
543
543
543
543
543
543
543
543
544
544
544
543
544
544
544
544
544
544
543
543
544
544
544
544
544
544
544
545
269
269
285
303
331
362
379
391
402
402
402
402
403
403
403
404
405
405
407
407
407
408
408
407
407
409
410
410
410
410
410
411
411
411
411
410
411
412
414
412
412
411
411
411
411
412
412
412
412
412
412
412
402
402
410
411
412
412
412
412
412
412
411
411
732
732
726
715
701
678
658
639
624
610
599
593
591
588
588
586
585
584
583
583
583
583
581
581
581
580
578
578
578
577
577
576
576
576
576
575
574
575
574
575
575
575
575
575
574
574
574
574
574
573
573
574
574
574
574
574
574
574
574
574
574
574
574
574
242
242
254
270
287
288
310
333
354
369
384
390
388
390
390
391
393
393
394
395
396
397
398
399
400
400
401
400
402
404
405
405
406
406
407
409
409
410
412
413
414
415
416
416
418
420
420
420
422
422
423
423
425
425
425
426
425
425
425
425
425
425
427
427
722
722
719
712
707
702
693
684
678
662
650
645
628
618
611
604
598
595
587
587
587
587
585
583
583
579
577
577
577
576
572
571
571
569
568
568
565
565
564
564
562
562
562
561
561
561
561
561
560
561
561
561
560
560
560
560
564
569
564
563
563
563
565
561
244
244
264
276
282
288
297
311
314
326
339
351
361
376
378
384
392
393
396
396
399
399
403
404
404
404
406
409
410
411
411
414
414
416
416
417
418
419
420
422
422
424
424
424
425
425
425
426
426
427
427
428
429
429
428
428
428
429
428
429
427
429
429
430
723
723
716
712
705
702
700
694
686
678
669
660
651
642
627
615
615
605
604
595
590
587
584
580
579
579
577
574
571
570
568
567
567
567
568
568
563
562
562
561
560
560
560
560
560
560
559
559
559
559
558
558
558
558
557
556
556
544
556
556
557
556
557
557
257
257
267
274
280
290
293
300
316
318
326
332
345
353
361
369
376
383
389
391
394
399
401
404
406
406
408
411
411
413
413
414
417
418
419
419
422
422
422
423
424
424
425
425
426
426
427
427
427
428
428
429
429
430
430
430
430
430
431
431
431
430
430
433
723
723
714
710
706
704
699
693
679
679
672
665
657
642
632
632
624
616
608
603
602
591
584
584
581
576
576
574
572
570
569
568
567
566
552
552
563
563
562
561
560
560
560
560
559
559
559
558
557
557
556
557
556
556
556
556
556
556
555
555
554
555
555
555
260
260
269
276
282
293
297
299
307
311
324
329
336
345
353
362
367
379
382
382
391
396
399
402
405
406
408
409
411
413
415
415
416
416
418
420
421
421
422
423
423
424
424
424
426
426
427
427
428
429
429
429
429
430
430
431
431
431
430
432
432
437
432
431
637
637
586
570
563
559
554
549
552
552
552
552
552
553
554
554
555
555
556
557
557
558
559
559
559
561
561
561
561
562
562
562
563
565
565
568
568
566
566
567
567
567
568
568
568
568
568
569
569
570
570
571
571
571
571
571
571
559
571
572
572
572
572
572
265
265
283
298
309
309
331
355
369
382
394
406
410
421
423
423
427
427
427
428
428
428
428
428
427
427
427
427
427
427
427
427
427
427
427
427
427
426
426
425
425
425
425
424
425
424
424
424
423
423
422
422
422
422
421
421
432
432
421
421
421
422
427
426
736
736
728
719
710
689
687
674
658
643
627
612
597
586
584
574
570
567
565
562
562
560
560
557
553
553
551
548
548
549
549
549
548
548
547
548
547
547
547
547
548
548
548
548
550
550
549
549
549
550
550
550
551
550
551
551
551
551
553
553
553
553
553
554
255
255
266
278
283
301
311
317
335
353
366
366
373
382
393
399
399
405
408
409
413
414
416
418
419
421
421
424
424
425
425
427
427
430
431
432
433
434
434
434
437
438
437
438
440
440
441
440
440
440
440
440
440
440
442
440
432
432
441
441
441
442
442
441
727
727
718
709
700
689
678
668
659
652
648
630
624
616
607
600
594
590
583
577
575
571
568
564
563
560
558
556
554
553
551
550
549
547
546
546
546
544
543
542
542
541
541
541
540
539
539
539
539
539
539
539
539
540
539
542
539
538
538
540
540
538
538
538
278
278
288
299
308
316
326
331
338
344
345
358
365
373
380
392
398
400
403
403
410
412
414
416
416
418
418
420
423
425
425
426
427
430
431
432
433
435
435
436
436
436
435
435
430
439
440
441
442
442
442
443
444
444
444
445
446
446
447
448
448
448
448
448
717
717
706
697
689
682
673
664
656
648
643
636
629
621
616
610
602
598
591
586
581
577
573
569
567
561
561
560
556
554
552
550
549
548
546
545
545
542
542
542
542
541
541
540
540
548
548
540
540
539
539
551
551
539
538
538
537
537
537
537
536
536
535
536
277
277
296
308
318
324
330
335
345
351
360
360
369
375
375
379
380
386
395
399
403
408
409
410
411
413
415
416
416
419
420
421
425
426
426
427
427
427
428
428
430
430
430
431
431
432
434
435
435
437
439
439
439
439
439
441
441
441
442
443
443
444
445
445
725
725
712
694
691
691
678
670
660
653
645
633
622
626
617
615
606
605
601
596
586
582
582
578
574
568
564
564
562
558
557
555
554
553
550
550
549
546
545
545
542
542
542
542
541
540
540
540
540
538
538
538
538
538
537
538
537
536
536
536
536
536
536
535
291
291
292
305
317
324
331
335
335
341
356
362
362
366
371
376
385
388
393
393
395
400
401
405
406
409
412
424
424
417
417
417
419
419
421
422
422
424
424
425
426
426
426
427
428
428
432
430
430
430
430
432
432
432
433
433
434
435
435
439
439
440
438
440
672
672
640
622
603
588
573
562
557
553
553
549
548
545
544
543
542
541
541
541
541
540
539
539
539
540
540
540
540
529
529
529
539
539
540
541
541
542
543
544
544
544
544
544
546
546
553
553
553
552
549
549
551
552
553
552
553
553
553
553
556
556
556
556
274
274
289
299
311
311
327
357
367
373
379
387
398
407
416
422
427
427
427
429
430
433
433
435
436
436
436
436
437
437
436
433
436
439
439
439
439
439
439
438
440
439
439
439
440
440
440
439
439
439
438
437
436
436
437
437
437
437
437
438
437
436
436
437
733
733
719
711
690
686
665
654
642
635
624
622
607
599
590
579
572
564
555
554
554
553
552
549
547
547
545
545
544
544
544
543
543
543
543
542
542
542
542
542
542
542
542
542
542
543
543
543
543
546
546
544
544
546
546
546
546
546
546
546
546
554
554
549
258
258
269
281
296
310
322
332
342
347
354
360
368
377
386
388
405
413
405
413
415
417
419
420
423
424
426
427
427
428
431
431
431
431
433
434
434
435
438
438
438
438
438
439
440
439
440
440
442
442
443
442
443
443
443
443
443
443
443
443
443
443
444
443
741
741
726
716
706
690
675
663
653
647
641
641
635
622
618
608
595
585
585
579
578
573
565
563
559
557
556
554
552
551
550
548
548
547
547
546
546
545
544
543
543
544
544
542
541
541
542
542
542
541
541
541
542
541
540
540
541
541
541
541
541
542
541
542
242
242
257
268
273
305
314
316
330
336
341
351
354
367
371
378
386
393
399
401
402
406
408
412
415
415
416
416
416
420
420
422
422
425
425
425
426
426
429
429
430
431
432
432
432
432
434
435
437
438
437
438
438
439
440
440
440
441
441
441
441
441
443
443
754
754
747
732
717
703
695
677
666
655
646
642
642
638
632
626
621
615
610
603
596
589
582
576
571
567
565
563
561
559
557
557
555
554
554
553
552
551
549
549
548
547
547
546
546
550
550
544
544
543
543
543
543
543
543
543
543
542
542
542
542
543
542
542
229
229
233
260
276
287
287
305
321
328
332
337
344
351
357
364
371
377
380
390
393
399
400
402
405
406
408
408
410
413
413
413
417
418
418
419
426
426
422
422
423
425
426
426
426
426
427
429
430
430
430
432
433
433
433
434
435
435
436
436
436
437
438
441
764
764
753
740
732
713
701
689
678
667
666
655
650
649
642
637
633
624
624
618
613
608
603
598
592
587
583
577
574
569
568
566
564
563
561
560
558
558
556
556
555
555
553
552
552
551
551
551
556
556
548
548
547
547
547
547
547
546
545
545
545
544
545
544
209
209
232
246
264
275
291
306
315
321
326
329
333
338
348
349
355
362
362
369
380
389
390
392
394
398
401
403
405
406
407
409
409
410
409
416
409
416
391
417
419
420
420
421
421
422
421
415
415
425
426
426
427
425
427
429
430
431
430
431
432
433
433
435
717
717
663
645
628
609
593
575
569
562
559
555
554
551
550
549
547
547
546
546
546
546
547
547
549
551
553
554
556
558
562
565
567
571
572
577
580
584
588
591
592
594
596
598
601
601
600
600
605
605
605
607
608
608
609
609
609
610
610
609
609
609
609
609
233
233
246
259
265
274
306
326
331
345
356
358
361
362
369
377
383
390
399
405
412
423
426
428
429
429
429
430
430
430
430
427
426
425
424
423
423
421
420
417
417
417
420
414
420
414
423
408
423
406
412
412
416
425
425
427
413
429
413
423
419
419
419
416
724
724
719
713
707
693
668
664
645
636
627
600
608
575
594
540
593
528
593
522
585
521
582
518
582
526
589
548
589
564
586
573
586
575
588
577
588
578
579
579
582
582
592
587
587
587
588
591
593
595
597
599
601
603
605
605
605
605
607
607
607
606
606
607
209
209
231
253
282
293
293
296
307
314
321
335
349
370
381
388
389
389
391
392
392
392
392
392
391
391
391
390
389
387
387
386
385
385
385
382
382
382
382
382
382
381
380
380
380
380
379
378
378
379
379
378
378
378
377
377
377
377
377
377
377
376
377
376
780
780
771
763
743
720
708
699
695
691
685
677
666
652
640
639
620
618
616
612
612
611
611
611
610
611
613
614
614
614
616
617
618
618
618
619
619
619
619
619
619
620
619
619
619
619
620
620
620
619
619
619
619
618
619
624
624
619
619
619
619
618
618
619
209
209
226
255
270
277
286
301
301
301
301
304
304
321
326
329
344
367
377
382
391
392
392
392
393
394
394
394
394
394
393
391
391
391
389
387
387
385
385
384
384
381
380
380
380
379
379
378
378
377
377
377
376
376
377
377
376
376
376
377
377
377
376
375
779
779
770
768
768
760
749
731
714
703
696
696
692
689
686
681
672
666
652
641
633
629
609
603
599
596
594
594
590
589
589
590
590
589
589
590
597
598
599
602
605
605
606
611
614
616
617
617
617
620
620
620
620
620
620
620
620
620
620
621
620
620
620
619
201
201
211
224
233
251
271
283
290
297
297
298
303
306
310
313
315
317
326
329
340
355
368
377
383
385
389
392
393
395
395
395
395
395
395
395
395
394
393
393
391
390
387
387
387
387
387
386
385
383
382
383
382
382
381
380
380
380
380
380
380
380
379
380
779
779
774
766
762
760
752
743
726
718
704
700
694
693
689
688
689
687
676
674
663
659
651
643
632
624
616
613
609
609
607
607
607
607
607
608
609
611
612
626
626
616
615
615
616
616
617
618
618
618
618
618
618
619
619
619
618
618
618
618
618
618
617
617
210
207
210
207
214
228
238
252
270
279
283
292
297
302
304
306
306
309
310
315
315
316
322
327
334
344
356
364
370
377
384
386
389
389
389
390
390
390
388
390
403
403
386
386
385
384
384
384
382
384
382
383
383
388
388
384
381
382
380
382
380
382
382
382
