131
163
176
182
184
194
199
205
209
209
211
211
213
217
218
219
219
221
225
222
223
222
223
223
223
224
224
224
224
224
224
225
225
225
223
225
224
235
225
225
225
225
225
226
226
226
226
226
226
226
226
226
226
226
226
226
226
225
225
223
225
223
226
226
934
934
916
890
877
860
855
848
843
833
826
822
817
808
806
798
798
798
790
790
788
780
778
775
773
771
770
771
770
767
763
763
763
761
759
758
756
748
754
754
754
753
753
751
751
741
749
748
749
748
747
746
746
746
745
744
744
744
744
743
742
742
742
742
5
5
33
51
64
77
83
95
101
109
116
128
133
133
138
145
149
154
158
162
165
168
168
176
178
179
183
183
189
189
191
192
192
195
196
201
202
201
202
204
208
208
219
208
220
208
211
211
211
211
212
212
212
214
214
213
213
215
225
215
216
216
217
217
943
943
909
901
890
880
870
864
859
851
848
840
835
830
826
822
818
814
811
807
803
801
798
795
792
788
786
786
786
779
776
773
772
770
769
767
765
764
764
761
760
759
759
758
757
755
754
753
751
751
751
751
750
749
748
748
748
747
747
747
747
745
745
745
1
1
25
43
56
67
76
83
95
95
97
109
115
121
127
132
135
144
146
150
150
154
157
163
170
177
175
181
178
181
182
184
185
187
189
191
193
193
194
195
200
201
201
201
202
204
206
208
208
209
204
209
210
211
211
212
213
214
214
214
215
215
215
216
947
947
921
904
893
885
876
871
863
856
851
848
844
838
836
829
828
823
819
819
815
807
805
802
800
797
796
794
787
785
785
780
780
776
776
774
772
771
769
767
765
764
761
760
759
758
757
754
757
753
753
752
752
751
751
750
750
749
752
748
747
747
746
746
1
1
24
40
53
63
71
79
81
94
107
108
111
117
122
128
132
136
142
149
149
158
159
159
161
164
166
167
173
176
176
178
180
184
191
188
190
190
192
193
196
197
198
200
206
203
204
203
204
206
207
208
208
210
210
211
212
221
212
214
214
214
214
214
947
947
923
906
895
887
879
875
868
860
856
841
841
841
837
833
826
825
825
824
816
815
810
807
805
801
800
796
794
791
790
788
785
784
780
777
774
773
772
770
769
767
766
766
763
761
761
757
756
756
756
754
753
752
752
750
750
750
749
749
747
747
747
745
0
0
22
40
59
63
71
78
83
92
98
103
110
116
120
126
129
135
143
146
149
149
156
156
156
162
164
165
167
169
173
178
184
182
189
185
185
185
189
191
193
195
195
196
202
202
201
201
203
204
205
206
210
212
212
224
211
211
211
212
213
214
214
215
944
944
923
900
896
888
874
871
862
862
853
852
848
841
839
832
829
829
826
820
819
815
815
813
807
805
802
800
797
796
793
792
790
787
787
784
780
780
775
773
771
771
768
767
767
765
762
761
759
759
758
756
755
754
753
751
751
750
750
750
750
749
748
748
0
0
19
38
52
55
69
83
85
87
98
101
109
114
118
125
127
135
147
147
147
147
147
155
155
156
161
163
166
168
172
173
173
174
181
182
183
185
185
187
189
190
190
193
196
197
197
201
201
205
204
206
204
206
203
207
209
209
210
211
212
212
216
216
837
837
801
793
776
763
754
748
744
743
741
739
738
738
737
737
737
736
735
735
734
734
734
734
733
732
731
731
730
730
730
729
729
728
728
728
727
727
726
726
725
724
725
724
724
723
722
722
722
723
721
721
720
720
720
708
708
713
717
717
717
717
717
716
57
57
65
80
89
95
112
114
120
127
132
135
142
144
149
156
160
167
165
169
169
172
183
183
185
181
190
188
190
191
191
194
199
203
203
207
208
208
211
212
213
214
215
216
216
217
218
219
220
220
220
222
223
228
228
224
224
223
227
228
229
228
229
230
905
905
895
887
878
874
872
861
856
851
846
841
836
832
825
823
816
816
808
805
801
792
789
787
784
782
775
773
769
764
761
759
758
753
748
745
745
744
743
741
740
740
740
738
735
733
733
733
731
731
729
729
729
727
726
725
725
726
726
725
724
724
724
723
71
71
75
75
84
90
95
104
105
105
105
111
117
120
120
124
131
133
136
141
144
148
151
155
162
162
164
167
168
171
180
188
188
193
193
196
200
203
207
213
211
213
213
215
216
217
218
219
220
221
223
223
223
224
224
225
226
227
228
228
229
228
230
229
909
909
902
896
886
878
875
872
870
864
859
856
850
838
838
834
834
829
824
819
816
804
800
794
792
790
780
779
773
768
764
764
756
755
749
745
739
739
738
736
735
734
733
732
730
730
730
730
730
730
728
727
726
725
725
725
725
725
724
723
723
723
723
722
35
35
69
72
84
88
92
97
102
118
118
113
111
113
118
122
125
127
130
134
135
141
143
148
151
156
160
164
169
173
178
182
186
189
194
198
200
202
202
203
210
215
221
221
215
215
219
220
222
223
223
224
224
225
226
227
227
227
227
227
227
227
231
239
911
911
899
891
880
876
874
871
866
866
857
855
851
848
844
840
837
832
830
824
820
818
813
804
800
788
780
780
780
773
768
764
760
756
752
749
746
743
739
738
738
735
732
725
731
729
729
728
727
727
727
726
725
724
724
724
716
722
722
722
722
722
721
721
48
48
63
72
80
86
87
93
95
99
102
105
110
110
111
115
118
121
123
123
125
130
131
138
140
141
145
147
153
157
162
165
168
177
178
182
184
191
195
200
200
203
206
208
210
212
214
215
216
218
220
222
222
223
225
225
225
227
228
229
229
229
229
228
910
910
901
894
889
883
877
874
871
870
865
862
859
856
851
846
841
841
839
832
831
826
822
812
808
808
804
798
792
787
782
776
771
767
760
758
755
752
748
748
741
740
738
734
727
731
730
731
730
727
722
726
726
726
724
724
724
724
723
722
721
721
721
721
53
53
67
74
82
82
83
91
92
92
95
102
107
109
109
112
114
114
116
119
119
119
130
133
134
137
137
140
147
151
157
159
162
165
169
173
175
183
192
193
195
200
201
204
205
209
212
213
215
215
219
220
220
220
222
224
224
224
226
226
226
227
227
228
873
873
865
854
844
828
812
794
774
757
738
737
726
723
723
722
722
720
718
718
718
717
716
715
715
715
714
713
713
712
712
711
710
710
709
709
705
705
705
705
705
705
704
704
704
704
702
702
702
702
702
700
699
700
699
698
698
697
697
697
696
696
696
696
77
77
80
86
92
96
101
105
107
115
115
115
121
125
128
131
132
135
140
142
144
149
150
153
156
162
167
173
181
197
197
203
209
211
215
218
220
222
223
223
224
226
227
227
228
228
228
229
229
230
232
232
230
230
232
232
232
233
233
233
233
235
235
235
904
904
894
887
883
878
872
867
864
858
849
843
839
834
827
816
814
808
800
792
786
777
771
763
754
749
746
738
733
731
730
728
726
724
723
722
720
719
718
716
716
716
714
713
712
711
710
710
709
708
708
708
707
706
706
705
704
703
703
702
702
702
702
702
63
63
70
77
83
87
88
94
97
97
100
105
108
112
113
114
121
126
130
132
136
138
139
144
146
146
149
155
160
169
174
181
190
203
206
209
211
215
217
220
222
221
222
224
225
224
225
227
230
234
234
230
227
230
232
232
232
233
234
234
235
236
236
236
912
912
903
899
892
887
884
882
879
873
872
866
862
861
853
853
848
839
839
834
832
823
820
814
802
800
794
785
782
776
772
762
756
751
745
738
736
733
728
727
722
722
722
719
716
715
715
714
711
709
705
705
708
708
707
704
704
705
706
706
703
703
703
703
44
44
64
70
74
79
83
83
90
93
93
96
96
102
102
105
112
115
116
122
125
128
131
134
136
139
142
145
154
154
159
166
179
182
189
196
201
206
209
211
214
217
218
218
220
220
222
230
230
226
224
225
225
227
227
229
231
231
233
233
233
233
233
234
915
915
908
902
897
893
891
887
884
878
878
873
870
870
868
864
863
856
852
848
840
833
823
823
819
816
816
816
794
790
787
781
772
767
758
750
747
742
733
730
730
727
724
723
723
720
715
715
714
712
712
712
712
710
708
708
706
706
706
705
704
703
703
703
60
60
62
71
72
73
76
80
81
85
87
90
95
98
101
122
122
122
121
121
121
124
130
131
131
135
138
143
145
145
149
159
165
172
177
181
192
198
201
206
210
212
214
216
216
219
221
221
221
226
226
224
224
225
226
228
229
230
231
232
232
232
233
233
915
915
909
905
899
895
893
889
886
886
884
880
878
876
870
869
864
862
857
853
849
845
841
840
831
828
821
815
810
803
797
793
783
777
769
759
755
748
743
738
730
727
727
725
721
721
718
716
716
712
711
711
709
709
708
707
706
707
706
704
704
704
703
703
54
54
62
65
69
71
75
91
91
86
86
93
100
100
100
103
106
106
108
115
117
120
123
126
128
130
130
142
142
145
151
154
167
174
181
188
188
193
203
206
206
209
210
209
213
207
215
215
219
221
222
224
225
226
226
227
226
227
229
229
229
229
232
233
892
892
873
870
864
838
822
795
770
746
725
717
712
706
703
703
703
701
700
699
698
697
697
696
696
696
696
695
695
695
695
696
696
694
694
694
693
694
693
693
693
693
693
693
693
686
686
693
693
693
693
692
692
692
692
692
692
692
693
693
693
693
693
693
62
62
72
74
85
87
91
99
105
106
108
111
111
117
123
126
130
132
136
140
144
154
157
173
179
179
186
192
193
201
208
209
213
215
219
222
224
228
230
230
230
232
233
237
236
237
238
239
239
241
241
242
242
244
244
244
244
245
246
247
247
257
257
255
910
910
895
888
887
881
880
876
871
866
861
856
854
843
843
836
827
817
808
797
789
777
769
760
753
745
739
732
728
723
721
719
717
714
714
713
712
710
709
708
706
706
705
704
704
703
702
701
701
701
701
700
699
699
699
699
699
698
698
698
698
698
697
697
57
57
60
67
74
78
79
79
87
88
97
97
97
107
113
118
118
122
123
124
129
131
132
139
149
150
157
170
181
182
188
193
197
203
208
212
214
218
220
220
224
228
230
232
234
236
237
239
245
246
246
243
243
245
245
245
246
246
246
247
247
248
248
249
918
918
914
898
896
889
886
881
877
874
870
869
865
862
860
860
859
851
850
850
843
840
837
814
808
794
782
773
764
753
747
739
731
729
723
721
721
719
716
716
721
721
711
711
706
708
703
703
703
703
702
701
701
701
701
700
699
699
698
698
698
698
698
697
39
39
57
63
70
72
82
82
85
88
92
94
98
101
107
116
123
123
119
119
122
125
127
129
132
137
147
151
161
169
176
180
185
188
196
198
209
215
217
220
221
224
226
230
233
233
238
238
238
237
239
237
239
242
242
244
246
248
247
247
247
248
248
248
921
921
912
905
901
896
892
883
880
879
872
870
870
866
864
863
862
858
857
857
855
854
849
848
842
837
821
820
802
791
770
767
758
743
739
738
732
727
721
719
719
716
714
713
704
704
708
708
706
706
706
704
704
703
699
699
701
701
701
701
700
700
700
700
50
50
55
65
65
67
75
80
83
83
83
90
92
100
101
103
103
103
107
103
107
117
119
124
127
131
134
140
147
155
155
165
176
181
185
188
194
199
209
210
214
219
222
225
227
229
231
233
236
240
238
240
240
240
241
239
242
244
245
246
246
247
247
247
922
922
911
904
892
889
887
880
880
877
877
871
869
869
866
866
864
862
861
860
858
855
851
850
846
841
841
836
832
812
811
794
780
758
754
751
746
738
733
728
724
719
719
716
714
713
711
711
710
709
709
708
707
706
705
705
705
704
703
703
703
703
702
702
44
44
56
59
63
73
74
76
79
80
84
87
87
91
94
98
104
104
104
113
114
115
120
124
125
128
131
135
141
148
157
163
170
175
179
187
192
192
197
206
208
211
215
221
221
221
227
230
232
234
236
237
237
239
239
241
241
243
244
244
246
246
246
246
