201
227
242
259
261
268
274
275
281
283
289
292
295
297
299
299
299
306
307
308
308
309
310
311
311
312
312
312
313
314
315
315
315
316
316
317
316
325
317
317
317
317
317
318
318
317
317
318
322
322
319
318
319
318
319
319
319
319
319
319
319
319
320
320
912
912
869
844
819
802
790
780
769
761
754
746
742
735
731
727
723
719
716
712
709
707
703
701
700
697
694
693
692
692
689
686
685
682
682
682
680
679
678
677
677
677
674
673
673
673
672
672
671
670
670
670
668
668
668
668
667
667
667
667
666
666
666
665
35
35
79
104
121
138
152
164
174
184
199
200
207
214
215
227
232
244
244
254
256
259
263
268
271
275
278
281
286
287
290
292
295
296
298
298
299
298
301
304
306
306
305
305
307
307
307
308
309
309
309
310
310
311
311
311
311
312
311
312
313
313
313
313
922
922
888
865
846
831
818
808
794
784
775
768
755
751
748
743
739
735
730
727
722
718
715
711
705
703
703
700
698
696
692
691
689
687
686
684
682
680
679
678
678
676
675
674
673
672
671
671
670
670
669
668
668
667
667
666
666
666
665
665
667
667
664
663
41
41
63
94
107
128
141
153
164
173
182
183
198
199
212
218
224
230
235
241
247
249
256
260
264
267
270
275
278
278
281
283
287
288
290
292
295
296
296
297
300
300
300
301
304
305
305
306
306
307
307
307
308
309
320
311
311
311
312
312
311
311
311
312
925
925
895
869
853
836
821
811
799
789
782
774
768
764
752
752
743
738
730
730
726
718
715
715
710
709
706
703
700
698
696
696
689
689
683
683
683
680
679
678
678
676
674
674
672
672
671
670
669
668
667
666
666
665
665
665
664
664
664
664
663
663
663
662
38
38
67
79
109
124
135
149
160
171
178
188
193
208
210
222
224
228
234
239
244
250
257
261
266
266
268
272
275
277
278
283
285
286
290
292
292
294
296
296
298
298
301
301
302
303
304
305
305
306
306
307
310
310
310
309
309
309
309
311
311
311
314
311
927
927
894
872
853
836
832
812
801
791
783
776
768
761
755
750
744
738
736
731
729
724
719
717
713
710
707
704
701
699
694
692
692
691
690
688
684
682
680
679
677
677
675
673
672
672
671
670
669
667
667
667
666
665
665
664
663
663
663
662
662
662
661
661
36
36
64
88
106
113
127
146
160
164
176
177
194
202
207
211
211
222
231
239
245
248
255
258
262
266
279
275
277
277
281
282
284
288
288
288
291
293
295
295
296
298
299
300
300
302
303
304
304
304
306
307
307
307
308
308
310
310
310
307
310
311
311
316
928
928
895
872
853
825
812
812
802
791
783
775
768
760
755
749
746
739
738
731
727
723
719
715
712
710
708
704
701
698
697
694
694
689
687
682
681
679
679
678
675
669
673
672
672
670
670
668
667
667
665
663
664
663
663
663
663
662
661
660
660
659
659
659
33
33
64
86
104
120
133
146
155
168
184
190
193
202
209
220
232
233
234
239
239
247
253
258
261
263
269
271
274
277
277
279
280
285
287
289
291
292
293
293
297
298
299
300
300
301
303
303
304
304
304
306
307
307
307
308
308
311
309
309
309
310
312
312
748
748
716
694
677
667
661
657
655
655
655
653
653
653
653
653
653
654
654
653
653
648
648
652
653
653
654
654
653
653
653
653
654
654
654
654
654
654
654
654
654
654
654
654
654
654
654
654
655
655
655
655
655
654
654
654
654
654
654
654
654
654
654
654
143
143
165
174
190
200
210
220
224
227
248
248
258
261
263
266
267
273
278
279
282
287
287
287
291
293
295
295
297
300
301
302
303
304
304
304
305
306
306
306
306
306
307
307
307
308
309
309
310
310
310
310
310
310
310
311
311
311
311
311
311
311
312
319
833
833
816
801
791
780
771
765
756
750
744
738
733
727
722
719
714
708
703
698
693
690
682
681
678
675
672
669
665
663
663
661
657
655
655
655
655
655
654
654
653
652
652
652
651
651
650
650
650
647
647
647
649
649
649
649
649
651
649
649
647
647
648
648
137
137
151
170
182
191
203
212
220
223
235
241
245
251
256
259
259
266
270
273
275
277
279
281
284
286
287
287
291
293
295
297
299
300
302
303
303
304
305
307
307
307
308
310
310
313
312
312
312
312
312
313
313
315
315
315
315
315
315
315
315
316
316
316
833
833
815
800
785
780
765
762
759
752
750
733
733
733
731
726
721
718
715
709
705
704
696
693
686
683
680
680
678
674
670
667
667
663
663
662
658
657
656
656
656
653
653
653
651
650
649
649
649
648
648
648
647
646
646
646
645
645
644
644
644
645
645
645
134
134
155
173
184
193
204
209
219
231
233
240
242
247
252
256
261
262
266
268
271
272
273
277
280
280
281
283
286
289
291
291
293
295
297
299
300
301
303
303
303
306
306
307
306
307
307
309
310
310
311
311
312
313
313
314
313
314
314
315
315
316
316
316
824
824
805
801
789
780
772
765
759
755
741
741
741
739
735
726
723
723
719
716
710
708
704
699
695
688
684
684
679
678
674
672
669
666
665
662
660
659
659
653
653
653
653
652
649
649
648
647
645
645
645
645
645
644
644
644
643
643
643
643
643
643
642
642
143
143
161
174
183
195
203
211
218
223
242
243
245
246
249
251
257
260
263
266
270
271
273
275
277
281
283
283
287
289
289
292
295
295
296
297
298
298
300
301
303
304
303
304
305
305
308
308
309
308
309
310
310
311
312
312
312
313
314
314
314
314
315
316
831
831
812
798
792
775
771
765
759
755
746
743
743
735
731
731
728
727
720
719
717
710
706
703
699
696
692
689
686
678
677
675
671
670
667
664
662
659
657
656
655
653
652
650
649
648
647
647
646
645
645
644
645
643
643
643
642
641
641
641
641
640
640
640
138
138
165
181
185
195
199
211
215
223
227
231
238
238
243
250
255
259
260
264
267
269
272
274
276
279
283
283
283
288
288
290
292
295
295
296
295
297
299
299
309
309
304
304
304
305
306
307
307
308
309
309
310
310
310
310
311
311
312
312
313
313
314
314
765
765
746
726
718
705
694
677
665
656
651
646
643
642
641
641
639
639
638
633
638
639
639
639
639
640
640
640
641
641
642
642
642
643
643
643
642
643
643
644
645
645
645
645
646
646
647
647
647
625
646
644
646
648
648
648
648
648
649
649
649
649
649
650
159
159
178
188
200
220
227
227
235
240
240
245
255
260
260
265
270
273
273
276
277
277
281
283
285
289
291
291
291
298
299
301
302
304
304
305
305
307
307
307
308
308
308
310
310
310
311
311
311
311
311
312
312
312
312
313
313
311
311
317
317
314
314
314
817
817
800
788
779
779
773
763
760
751
749
740
739
736
727
721
715
710
704
700
691
689
685
676
676
676
670
668
665
663
661
660
658
658
656
655
653
653
652
651
651
651
651
650
650
649
649
648
648
643
648
648
648
649
649
648
647
647
647
647
647
646
646
646
149
149
166
180
190
200
206
213
217
219
228
231
238
241
245
252
256
257
261
268
270
270
276
279
280
284
284
285
287
290
292
294
295
298
298
300
301
302
302
304
305
305
305
306
307
307
308
309
309
309
310
310
310
310
311
312
312
311
311
311
312
312
312
312
819
819
804
793
787
779
778
770
768
767
762
759
754
749
746
742
735
729
724
723
713
712
703
698
694
692
681
679
677
674
671
670
667
664
664
663
659
658
656
656
655
655
653
653
651
651
650
650
649
649
648
648
647
647
647
647
647
646
646
646
646
646
646
646
148
148
166
177
185
192
197
206
208
212
218
226
229
232
240
240
244
249
251
256
259
259
261
255
268
262
273
279
281
283
286
289
291
294
295
295
296
297
298
301
301
302
304
303
304
303
304
306
306
306
306
307
308
309
309
309
309
309
310
310
311
311
311
311
823
823
809
800
792
787
779
777
777
774
771
767
763
759
751
748
748
747
737
732
728
723
718
713
708
703
699
693
687
686
681
681
677
672
667
666
666
663
662
659
658
658
657
656
656
654
653
652
652
652
651
646
648
648
649
649
648
648
648
648
648
648
647
647
147
147
161
171
180
183
185
195
202
205
212
217
220
223
228
232
236
240
244
248
252
256
259
261
263
264
267
273
275
277
279
282
283
287
289
289
291
291
294
297
297
300
300
301
301
303
303
303
304
305
306
306
306
307
307
307
307
308
308
308
308
308
309
310
827
827
808
802
797
791
787
785
781
778
775
773
769
766
761
758
754
750
743
742
737
729
725
725
719
713
708
704
699
694
685
683
681
678
676
673
670
668
666
665
663
662
661
660
658
658
658
656
656
655
654
653
652
653
652
652
652
650
650
650
650
650
649
649
180
158
166
166
174
176
183
189
193
202
204
209
212
215
215
220
228
232
236
236
242
247
249
254
256
259
262
265
268
272
272
274
279
282
288
288
290
290
292
293
293
296
298
298
298
301
302
301
303
303
303
305
305
308
308
307
307
307
307
308
308
308
308
308
802
802
775
762
747
730
711
692
678
668
664
660
655
655
655
651
650
650
650
649
648
648
648
648
647
647
648
648
646
646
646
646
646
645
645
645
646
646
645
645
645
645
645
645
645
645
644
644
644
645
645
645
645
645
646
646
646
646
646
647
647
647
647
648
156
156
170
179
191
197
203
206
211
214
221
222
225
227
235
238
243
248
254
262
267
272
279
286
287
289
291
293
294
294
296
297
298
299
300
300
300
300
302
302
303
303
306
306
305
305
305
307
307
307
307
308
308
308
308
308
308
309
309
309
309
309
309
309
798
812
799
799
791
785
779
770
763
757
752
748
741
730
722
722
714
707
700
694
691
686
684
679
675
672
672
672
667
666
666
664
663
661
661
660
659
659
658
658
658
656
656
656
655
655
654
654
654
653
653
653
653
653
652
652
652
652
652
652
652
652
648
648
149
149
156
164
173
177
180
187
191
196
196
201
209
217
218
221
232
232
236
243
249
256
259
268
274
278
282
284
287
290
291
292
292
294
297
298
298
299
301
301
301
303
303
304
304
304
304
305
306
306
305
305
307
308
308
308
308
308
309
308
309
309
309
309
828
828
806
803
796
790
785
779
775
768
765
765
764
759
757
757
754
750
749
739
731
724
713
698
697
697
691
687
683
679
679
675
673
673
672
668
668
669
669
667
667
667
665
664
663
663
663
662
662
661
661
660
657
659
659
659
659
658
658
657
657
657
657
657
148
142
148
149
155
157
159
172
177
180
185
185
191
199
203
205
211
212
219
223
223
229
236
243
251
256
261
266
277
280
281
285
287
289
292
293
293
295
297
299
299
299
299
300
301
302
302
302
304
304
304
305
305
306
306
306
306
306
306
306
308
307
309
308
840
840
824
813
808
800
791
787
780
776
775
771
770
768
766
765
764
762
755
754
751
744
727
726
717
709
703
697
692
687
683
680
680
678
675
673
673
673
670
669
669
669
668
667
667
667
665
664
664
664
665
665
664
663
663
662
662
662
664
664
661
661
661
661
127
127
137
145
152
157
163
168
173
178
183
183
186
192
192
196
199
206
210
214
217
224
226
236
243
256
259
262
269
270
273
280
283
287
287
292
294
294
295
295
297
300
300
300
301
301
301
303
303
303
303
304
304
306
306
307
310
310
306
306
306
306
306
306
834
834
830
820
810
804
798
793
788
784
780
775
775
773
773
773
770
769
766
765
765
760
760
752
743
733
728
717
708
702
695
691
686
684
679
678
676
674
673
673
672
669
668
667
666
666
666
666
665
663
664
664
664
665
665
664
664
663
663
663
662
663
663
663
123
123
132
140
146
151
151
157
166
172
177
180
183
188
191
197
199
199
201
207
209
214
224
225
238
246
254
254
257
262
262
268
276
282
285
287
289
292
293
293
294
295
297
297
297
300
300
301
301
302
302
302
302
303
303
303
304
304
308
305
305
305
304
304
