189
217
238
253
264
274
280
287
294
296
299
305
306
306
307
308
308
308
308
308
308
307
305
305
304
303
303
302
302
301
300
299
299
298
299
298
299
298
300
298
293
292
292
291
290
289
289
289
289
288
288
287
287
289
289
288
285
285
284
283
283
283
283
282
946
946
912
888
868
854
844
837
830
823
814
811
808
796
791
789
784
780
777
774
770
768
765
764
761
759
757
755
752
752
748
748
743
748
743
743
743
746
746
746
746
744
743
742
742
741
741
740
740
740
738
738
738
738
738
737
737
737
736
736
736
736
735
735
44
44
71
81
95
104
113
122
127
144
155
168
178
187
195
199
199
205
217
217
222
223
222
224
231
234
234
236
240
240
241
243
249
249
248
248
248
249
250
252
252
252
252
253
253
253
254
254
254
254
255
255
255
256
256
256
256
256
256
256
255
255
256
257
950
950
923
899
887
878
869
856
852
838
835
827
819
806
805
794
792
787
782
777
772
768
765
762
759
756
753
752
749
747
746
744
743
742
740
739
738
738
736
734
733
733
732
729
729
729
730
729
730
729
729
729
729
729
729
729
729
729
729
729
728
729
728
729
34
34
72
78
87
97
101
110
111
124
131
142
150
157
165
177
178
184
187
194
198
201
205
209
213
214
216
220
221
223
226
227
231
233
234
234
238
238
240
241
244
244
247
248
248
250
251
251
252
252
252
252
251
253
253
254
254
254
254
255
255
255
256
256
956
956
919
907
883
883
873
865
858
851
844
837
831
822
820
815
813
804
801
794
789
779
778
772
770
765
761
759
756
756
754
748
748
748
747
746
744
743
743
742
740
739
739
739
738
737
737
736
735
735
734
734
733
732
732
732
731
731
731
730
730
729
729
729
31
31
69
72
94
96
99
104
112
119
126
132
138
145
152
157
163
170
175
181
189
193
193
196
200
203
207
208
211
214
216
221
221
223
225
228
230
232
234
235
239
240
240
241
243
245
245
245
246
247
247
247
250
250
251
252
252
252
253
253
253
254
254
254
955
955
925
909
897
887
877
866
864
855
851
845
839
829
827
823
821
815
809
805
801
799
786
785
782
777
773
770
766
763
760
751
751
752
752
752
749
747
746
745
745
744
744
741
740
739
739
737
737
737
737
736
735
735
734
734
734
734
733
733
732
732
732
731
33
33
57
72
84
87
98
103
108
111
112
123
129
135
140
147
154
159
165
170
174
181
183
185
192
195
198
204
207
207
210
213
219
219
219
223
225
228
229
229
233
234
236
237
239
241
241
243
244
244
245
243
247
247
248
250
250
250
250
251
251
251
252
262
957
957
928
912
899
892
881
876
866
861
856
846
846
846
840
832
827
823
818
813
809
803
795
795
791
788
780
778
777
772
768
765
762
760
756
754
754
752
750
749
748
747
745
743
741
741
741
741
740
739
739
738
738
738
737
738
736
736
736
735
735
734
734
733
31
31
66
72
74
83
89
95
101
107
112
122
122
128
131
139
146
150
156
161
166
171
177
184
184
184
193
199
199
200
203
207
207
212
219
220
226
226
227
231
232
233
235
235
236
237
239
240
242
243
244
244
245
246
251
251
249
249
249
250
251
251
251
251
841
841
803
771
752
744
738
735
734
732
731
730
730
729
728
728
727
727
727
727
727
726
726
726
726
726
727
727
725
725
725
725
725
725
725
725
725
725
724
724
724
702
721
721
724
724
724
724
724
724
724
724
724
724
724
723
723
723
723
723
723
723
723
723
69
69
80
83
87
101
107
107
120
132
152
168
174
181
193
200
207
212
215
222
225
228
228
231
238
238
237
237
237
238
239
239
241
242
242
242
242
243
243
243
245
246
246
245
245
246
246
246
246
247
247
247
248
248
248
249
249
250
250
250
250
250
250
250
908
908
897
890
878
872
872
866
855
846
834
822
814
804
794
786
782
774
770
766
760
758
756
753
752
750
745
744
744
743
742
740
739
739
739
738
737
736
735
736
735
735
735
734
734
734
732
731
731
731
731
726
726
730
730
730
730
730
729
729
729
729
728
728
58
58
65
71
75
79
84
89
96
104
111
121
133
141
155
157
167
176
184
189
191
193
198
204
208
212
215
219
221
223
225
227
228
233
234
234
235
235
238
240
240
241
242
242
242
243
243
245
245
246
246
247
248
248
248
248
249
250
249
249
249
249
250
249
919
919
907
901
895
889
884
880
872
863
857
850
842
833
828
819
813
801
798
792
790
785
778
775
770
769
765
763
759
757
755
754
751
751
750
748
748
747
745
745
744
744
743
742
742
742
741
740
740
740
740
739
738
738
738
737
736
736
736
736
736
736
736
736
54
54
61
68
75
80
80
84
89
95
95
109
119
124
132
141
149
156
162
169
180
181
185
187
195
201
201
203
212
216
216
218
220
221
224
225
227
229
229
231
232
233
233
233
236
237
240
239
239
239
240
240
240
241
241
242
242
242
243
243
243
244
244
244
928
928
915
908
903
896
887
881
881
878
870
862
855
847
840
831
825
819
813
807
799
793
788
784
777
775
771
768
763
763
762
761
757
754
753
753
752
752
750
749
748
748
748
746
745
744
743
742
743
743
743
742
742
741
740
738
740
738
740
738
738
738
738
738
52
52
59
64
70
73
76
80
84
89
92
100
108
119
125
129
137
144
155
157
163
170
175
180
186
191
196
203
204
206
213
215
216
220
221
222
222
222
226
228
229
231
233
233
234
233
233
233
235
237
237
237
237
238
239
239
239
240
240
240
241
241
241
240
932
932
919
913
908
904
899
890
890
880
879
874
867
859
856
847
840
832
823
819
813
806
800
795
791
786
780
772
769
768
766
765
762
760
758
757
755
754
754
751
751
749
747
741
741
742
746
746
746
744
744
744
743
743
743
743
743
740
740
741
741
740
740
740
49
49
57
62
66
71
75
78
81
84
89
95
103
103
114
124
125
135
145
149
159
161
167
172
178
186
188
193
198
202
205
208
208
213
216
217
221
223
226
227
228
228
228
229
231
231
231
233
234
235
235
236
238
238
238
238
238
237
237
239
239
240
240
240
900
900
886
860
833
802
788
773
762
756
751
746
745
746
745
744
741
740
740
739
737
737
737
737
736
735
735
735
734
734
734
734
733
732
732
732
732
731
731
731
730
730
730
730
729
729
729
729
729
729
728
728
727
727
727
728
728
727
727
727
727
727
725
726
59
59
59
63
70
79
80
90
95
103
114
124
133
142
150
159
167
176
191
197
200
207
211
214
219
221
224
226
228
230
231
233
235
238
239
239
240
240
241
242
242
243
244
249
249
246
246
246
247
247
247
247
248
252
252
252
251
251
250
250
250
251
251
251
911
918
913
913
906
902
896
888
875
874
857
849
840
831
822
813
805
798
790
783
778
772
768
766
761
758
756
753
749
748
747
746
745
744
741
739
740
739
739
738
737
737
736
736
736
735
735
735
735
734
733
733
733
733
733
732
732
732
730
730
727
727
727
731
46
46
52
57
62
63
70
74
85
85
91
99
107
115
119
138
145
148
156
174
179
186
194
200
203
212
215
218
221
223
226
228
229
232
233
237
237
236
236
239
240
240
240
240
242
242
242
242
243
243
244
245
245
245
245
245
246
246
246
246
247
247
247
248
930
930
922
918
915
906
903
901
896
889
884
873
865
856
849
841
833
824
816
811
798
784
783
777
772
768
764
758
758
755
753
751
749
748
746
746
743
743
741
741
739
739
739
739
738
737
737
737
736
735
735
735
735
735
735
734
733
733
733
733
733
732
732
732
44
44
48
53
58
61
66
70
73
84
88
89
103
104
112
124
126
134
144
156
169
174
183
192
199
200
210
214
215
217
222
223
226
228
229
230
232
233
233
235
236
236
237
239
239
239
240
240
241
241
241
241
241
242
242
242
240
240
243
243
244
244
245
245
921
926
922
922
918
915
912
908
904
894
894
887
881
873
865
852
848
842
834
826
820
808
799
790
783
777
772
767
767
763
753
752
751
751
749
747
746
744
743
743
742
740
739
739
739
739
738
738
737
737
736
736
736
735
735
735
730
730
733
734
733
734
733
733
39
39
48
50
52
57
63
65
68
74
80
83
88
96
102
111
115
125
133
143
165
174
174
184
192
199
206
213
215
217
219
221
223
225
227
228
230
231
232
234
234
234
235
235
236
237
236
238
239
239
240
240
240
241
240
241
242
242
243
243
243
244
243
243
944
944
931
923
920
918
914
912
907
906
900
896
896
887
878
870
862
847
842
839
831
821
812
802
793
784
778
772
767
762
757
757
754
752
749
748
747
745
745
745
742
741
740
739
739
739
738
737
737
737
738
737
736
735
735
734
734
734
734
733
733
733
733
733
47
45
45
45
53
57
60
63
67
71
74
79
83
90
99
110
111
120
123
139
152
157
166
176
185
192
204
205
207
213
215
219
219
225
225
226
227
229
229
231
232
233
234
234
234
237
237
237
237
238
239
239
239
239
241
241
241
241
241
242
247
247
244
242
924
924
900
879
850
806
778
760
750
745
740
738
737
726
726
732
732
731
730
730
730
729
728
728
728
730
727
727
727
727
727
727
727
726
726
726
726
728
728
728
725
725
725
725
725
725
725
724
724
724
724
723
723
719
724
718
723
723
723
723
723
723
723
723
42
42
47
53
60
64
73
80
91
95
104
107
111
119
131
153
184
192
199
213
217
221
226
229
231
234
235
237
238
241
241
240
240
241
243
243
243
244
245
246
246
246
247
247
247
247
247
248
248
248
248
248
249
250
251
251
251
251
252
252
252
252
252
252
927
927
927
921
915
910
908
897
892
879
868
860
856
848
839
823
816
802
789
775
760
759
756
752
752
746
744
742
740
740
740
738
736
736
735
733
733
732
732
732
732
731
731
731
730
730
730
730
729
729
728
728
728
728
728
728
728
727
727
727
727
726
726
726
35
35
40
46
56
56
59
63
69
75
83
94
97
100
107
125
147
165
196
205
205
210
218
219
219
221
227
228
232
234
232
234
235
235
235
236
239
239
239
239
240
241
241
241
242
242
244
243
244
246
246
244
244
245
246
246
246
245
245
246
247
247
247
247
934
934
926
924
924
920
914
912
905
902
900
893
886
876
866
858
851
840
825
811
797
782
772
766
760
755
752
750
748
743
743
743
742
739
734
737
734
735
735
735
735
734
734
733
733
732
732
732
731
731
734
734
730
730
730
729
729
729
729
729
729
727
727
728
35
35
43
45
46
50
54
58
60
67
72
80
87
93
96
106
123
147
165
180
192
201
211
211
214
217
222
223
227
227
228
229
230
232
234
234
234
235
237
237
237
238
238
239
239
241
244
244
242
241
242
243
243
243
243
242
242
242
243
244
244
244
244
244
936
936
933
930
930
926
926
916
911
906
903
903
899
896
894
884
870
862
854
843
835
810
794
783
774
766
760
757
754
750
748
748
748
744
741
741
740
738
737
736
735
735
735
734
733
731
733
733
733
732
732
731
731
731
731
730
730
730
730
729
730
729
729
727
33
33
36
44
44
48
51
57
60
61
66
70
79
87
92
99
112
138
164
175
181
191
200
203
209
212
213
215
219
221
222
223
223
227
227
227
231
232
232
232
232
234
236
236
237
237
237
238
238
238
239
239
239
239
240
240
241
240
241
241
241
241
242
241
937
937
933
930
927
923
920
920
917
913
910
908
905
905
903
895
895
890
869
861
854
840
819
802
789
777
776
760
756
753
752
752
744
739
739
739
740
740
738
738
738
737
735
735
735
735
733
733
733
733
733
732
732
732
731
732
731
731
731
731
732
732
732
731
29
29
34
35
38
45
47
50
53
55
56
63
72
80
90
98
116
135
157
167
175
184
191
198
202
203
207
213
214
214
217
219
222
222
226
227
227
228
229
230
231
231
231
233
234
234
235
235
236
236
236
238
238
238
238
238
239
239
239
239
240
240
240
240
