480
480
480
480
480
480
480
480
479
479
480
480
480
480
480
480
480
480
480
480
480
480
480
480
480
480
480
480
480
480
480
480
480
480
480
480
480
480
480
480
480
480
480
480
480
480
480
480
482
480
480
480
480
480
480
480
480
480
480
480
480
480
480
480
601
601
601
596
595
588
588
587
588
589
589
591
592
591
579
579
594
594
595
595
595
596
599
599
599
596
596
596
596
596
595
595
595
595
595
596
594
596
594
598
594
594
593
593
593
593
592
592
593
593
592
592
592
592
592
592
592
604
592
592
591
591
591
591
189
189
211
213
237
254
267
272
284
291
294
296
305
307
311
317
318
319
321
326
329
332
334
335
338
340
342
344
346
348
349
349
351
354
356
358
358
358
358
360
362
363
363
363
364
364
367
368
367
368
370
370
371
371
372
372
373
373
373
374
374
374
374
375
785
785
785
779
773
761
750
741
732
704
704
712
713
712
702
700
698
695
681
681
683
683
680
677
673
671
668
661
656
652
645
632
624
621
618
617
614
612
612
612
611
610
609
609
610
615
618
615
609
609
608
608
608
608
609
609
608
608
608
607
607
607
607
607
163
163
179
180
193
217
224
240
241
247
258
262
262
265
270
271
273
277
279
281
283
284
288
290
291
296
299
301
304
311
314
315
320
325
339
341
348
356
359
363
365
366
368
368
370
371
370
371
372
372
372
372
372
373
373
373
374
374
374
375
375
375
375
375
785
786
785
785
785
780
764
760
753
745
744
739
728
724
723
716
710
708
708
708
704
703
699
698
696
693
691
688
686
683
680
678
675
671
667
659
656
652
644
636
627
627
622
616
614
613
613
612
611
611
611
610
610
610
610
610
609
609
609
609
609
609
609
608
160
160
174
186
200
216
222
231
237
238
239
243
253
257
261
264
267
270
273
275
277
279
287
287
289
289
291
293
295
298
300
305
310
313
313
317
321
325
329
337
345
351
360
360
367
367
367
369
370
372
372
372
372
372
373
373
373
376
374
374
374
374
375
375
786
786
786
786
786
781
773
770
756
749
743
739
733
727
724
718
718
713
711
707
705
705
703
701
699
698
696
693
691
686
684
677
677
675
675
672
668
665
661
658
650
644
614
614
620
620
617
615
615
614
611
611
611
611
610
610
609
609
609
609
609
609
608
608
159
159
163
185
196
206
214
214
220
231
239
245
253
257
257
260
261
267
270
273
274
276
280
281
284
285
290
292
293
296
298
304
307
309
310
310
313
319
325
329
329
341
348
353
357
358
365
367
367
371
371
372
371
372
372
372
372
373
373
373
374
373
373
373
781
785
785
785
785
785
773
771
761
753
747
742
736
732
726
724
721
721
718
713
711
711
707
706
703
701
699
696
695
693
690
687
683
682
680
676
666
666
665
665
656
651
641
637
632
626
624
616
616
614
612
612
612
610
610
610
610
610
609
609
609
609
609
608
161
161
173
196
205
196
205
221
227
231
240
244
250
253
257
259
261
267
269
272
274
277
277
279
284
285
290
292
294
299
302
302
305
308
311
314
318
322
326
336
344
351
352
352
357
360
365
367
369
369
371
372
372
374
374
374
379
379
375
375
375
376
376
376
718
718
700
682
645
623
611
609
608
606
606
606
606
606
606
606
606
606
606
605
605
605
605
605
605
605
605
604
604
604
605
604
604
604
604
607
603
602
602
602
602
602
602
602
602
603
603
603
603
588
604
603
603
603
603
604
603
603
603
604
604
604
603
603
204
204
223
247
265
274
282
290
297
304
312
318
334
340
356
365
369
370
372
372
373
373
373
373
373
373
373
373
373
373
373
373
374
375
376
376
376
377
377
377
378
378
379
379
380
381
384
382
382
382
382
381
381
381
381
381
380
379
379
379
379
379
379
378
781
781
760
746
732
712
711
711
702
699
695
688
687
670
665
658
641
628
628
622
617
616
615
613
613
613
612
612
612
611
610
610
610
608
608
607
606
606
606
607
607
607
607
607
607
606
605
604
604
604
604
604
604
604
604
605
605
605
606
605
607
606
606
606
200
200
223
239
251
262
272
278
281
288
294
300
311
320
321
329
339
349
359
360
364
365
366
367
367
368
362
366
366
369
370
370
371
371
372
372
372
372
372
372
372
372
372
373
373
373
373
373
373
374
374
374
374
374
375
375
374
369
369
384
384
375
375
375
785
785
772
757
746
725
718
717
713
709
706
701
698
697
692
679
673
664
659
651
639
631
626
624
621
620
619
618
617
617
616
617
620
620
615
614
614
614
614
614
613
613
613
615
613
616
612
612
612
611
611
611
611
611
611
611
611
611
611
611
611
610
610
610
184
184
209
226
242
262
269
264
269
279
283
289
302
302
302
315
318
334
339
346
347
357
360
361
362
363
364
364
364
366
366
366
366
367
367
367
367
368
368
369
369
369
369
370
367
370
370
371
371
371
371
371
371
371
371
372
372
372
372
372
373
373
373
373
785
785
776
762
751
740
730
721
717
712
709
704
701
697
692
687
681
673
667
660
652
643
634
626
624
624
623
622
620
620
620
618
618
617
617
617
617
616
616
616
616
616
614
614
614
614
614
614
614
617
614
613
613
613
613
613
612
612
612
612
612
614
614
612
182
182
207
231
239
250
259
265
269
275
280
290
290
290
302
309
317
323
332
333
347
351
355
358
358
359
362
364
364
364
364
364
365
366
366
366
366
367
367
367
368
368
368
369
369
369
369
370
370
370
370
370
370
369
369
370
370
371
371
371
371
372
371
370
785
785
779
755
753
746
732
725
719
716
710
707
701
699
694
688
683
676
670
663
654
647
637
633
629
627
624
621
621
617
619
619
619
619
619
619
618
618
617
617
616
616
616
616
615
615
615
615
615
614
614
614
614
614
613
613
613
613
612
612
612
613
613
613
180
180
203
222
236
247
256
263
270
273
273
282
287
293
299
303
313
324
326
334
341
345
352
355
356
359
361
362
363
363
364
365
365
365
365
365
366
369
371
369
367
367
366
366
368
368
371
369
369
369
369
370
370
370
372
372
371
369
369
369
370
371
371
371
725
725
711
689
663
634
623
620
619
618
616
616
615
613
613
613
612
612
612
611
611
611
611
611
610
610
610
610
610
610
610
610
610
610
610
610
610
610
610
610
610
610
610
610
610
609
609
609
609
609
609
608
608
608
609
609
609
609
609
609
609
609
610
610
199
199
216
232
258
265
276
287
299
308
319
332
344
351
356
359
359
360
362
363
362
364
364
365
365
365
368
368
367
367
367
367
368
368
368
368
369
369
368
368
368
369
369
370
370
370
370
370
370
370
370
370
371
371
371
370
371
371
371
371
371
371
372
372
772
772
760
745
728
718
715
694
674
664
664
642
635
634
629
627
627
624
624
624
624
622
622
621
621
620
619
619
619
619
619
618
618
618
618
617
616
616
616
616
616
615
615
615
616
616
616
615
615
615
615
614
614
614
614
612
612
614
614
614
613
613
613
613
205
205
223
231
231
257
267
279
289
300
311
322
334
339
349
356
356
357
359
360
361
361
362
362
363
363
363
363
367
367
365
365
365
365
365
365
365
366
367
367
368
367
370
369
369
368
368
372
372
371
369
369
369
369
369
369
369
369
370
370
370
370
370
370
781
781
767
755
740
725
715
707
698
688
678
667
645
641
637
633
630
629
626
625
625
624
627
623
621
621
621
622
621
620
620
619
619
619
619
619
617
618
617
617
617
617
617
617
616
616
616
616
614
614
615
615
615
615
615
614
614
614
614
614
614
614
614
614
216
206
216
223
230
254
261
269
273
307
308
312
330
334
343
349
352
354
356
357
357
360
360
360
360
361
360
362
362
363
363
363
361
363
362
364
364
365
365
365
366
366
366
366
366
367
367
368
368
367
367
368
368
368
368
368
368
368
369
369
369
369
369
369
779
779
772
763
749
734
714
711
706
697
686
675
665
643
640
640
633
630
630
636
636
625
624
624
624
623
623
622
622
621
621
621
620
620
620
619
619
619
618
619
618
617
617
617
617
617
617
617
617
616
616
616
615
615
615
615
615
615
615
614
614
614
617
614
202
200
202
215
222
241
253
265
271
292
303
316
317
327
336
343
348
352
354
355
357
358
358
359
360
359
360
361
361
361
362
362
362
362
363
363
363
363
363
363
364
365
365
365
366
366
366
366
366
366
367
367
367
367
368
368
368
368
368
368
368
369
369
369
780
782
780
767
759
748
729
714
709
699
695
684
674
662
650
641
636
632
631
629
628
626
626
626
626
626
623
623
623
622
622
622
622
622
621
621
620
620
619
620
619
619
619
619
617
617
617
617
617
616
616
616
616
616
616
616
616
615
615
615
615
615
615
615
201
201
220
221
228
233
248
260
265
273
287
297
309
320
331
339
350
352
350
352
356
357
357
358
358
358
358
360
363
360
361
360
361
361
362
362
362
362
362
362
363
363
364
363
364
365
365
365
365
365
366
366
365
365
367
367
367
367
367
367
367
368
369
368
722
722
674
644
626
624
624
621
620
620
619
619
618
616
616
615
614
614
614
614
615
615
614
613
607
607
612
613
613
613
613
614
614
615
615
614
614
615
615
615
615
615
615
616
616
615
615
616
616
616
616
616
616
616
622
622
621
617
617
617
617
617
617
617
206
206
214
233
255
266
274
281
282
284
299
308
324
338
343
352
353
354
355
357
357
357
357
360
360
360
362
362
362
362
362
363
363
363
363
364
364
364
364
364
365
364
365
364
364
363
363
363
364
364
364
364
364
364
364
364
363
364
364
364
363
363
364
364
776
776
765
749
719
710
710
699
692
677
663
651
641
636
632
630
628
627
627
626
625
624
624
624
624
623
623
623
623
622
622
622
621
621
621
620
620
620
620
620
620
620
620
620
620
620
620
620
621
621
621
624
621
621
620
621
621
621
622
622
622
624
624
622
201
201
207
217
245
260
269
279
281
284
293
293
303
316
325
343
346
346
350
352
353
353
354
355
356
356
356
356
357
358
358
359
359
359
357
357
361
361
361
361
362
362
362
362
362
362
362
362
362
363
363
363
363
363
363
363
363
363
363
362
362
362
362
362
775
778
775
768
748
734
730
720
712
704
692
679
670
655
643
639
634
634
634
631
629
629
628
628
628
627
626
626
626
625
625
625
625
624
624
623
623
623
622
622
622
622
622
622
622
621
621
621
620
620
621
621
621
620
620
621
621
621
621
621
622
622
622
622
198
186
198
207
223
247
259
268
276
280
285
290
297
306
316
327
337
344
346
347
348
350
351
351
352
353
353
354
356
356
356
356
357
357
357
358
359
359
359
359
360
360
360
360
361
362
362
362
362
362
362
362
362
362
362
362
362
362
362
362
363
362
362
362
784
784
782
776
764
744
732
730
725
714
702
690
681
669
659
646
636
635
635
633
632
632
632
631
629
628
628
627
627
627
627
627
626
626
625
625
625
624
624
623
623
623
623
623
622
622
622
622
621
621
621
621
621
621
621
622
622
622
621
622
621
621
621
621
196
196
200
208
216
240
253
260
268
280
283
289
297
303
313
321
328
337
345
352
352
350
350
350
351
353
353
353
354
354
355
355
356
357
357
357
357
357
357
357
357
359
359
359
360
360
361
361
361
361
361
362
362
362
362
362
362
362
362
365
365
363
363
362
786
786
783
779
771
753
737
729
725
720
712
698
688
672
671
657
646
641
641
637
634
633
632
631
630
630
630
630
629
630
628
628
627
627
627
626
624
621
621
625
625
625
624
623
623
623
623
622
623
622
622
622
622
622
622
621
621
621
621
622
621
616
616
621
197
197
198
205
220
232
249
261
265
265
279
287
299
300
307
319
329
337
342
347
347
348
349
350
350
351
351
354
353
354
355
355
356
356
357
357
357
358
359
359
359
359
360
364
364
361
361
361
361
361
361
360
362
362
362
362
362
361
361
361
361
362
361
362
