452
480
480
480
480
480
480
480
480
480
480
480
480
480
480
480
481
480
480
480
480
480
480
480
480
480
480
480
480
480
480
480
480
480
480
480
480
480
480
480
480
480
480
480
480
480
485
480
480
480
480
480
480
480
480
480
479
480
480
480
480
480
480
480
589
589
587
586
586
586
587
587
588
589
590
591
593
595
595
598
598
598
598
599
599
605
605
601
600
601
600
601
601
601
601
601
601
601
601
601
601
601
601
601
601
601
601
601
601
601
600
600
600
601
601
600
600
600
600
600
600
599
599
599
599
599
599
599
173
173
195
229
268
296
310
318
321
328
332
332
336
342
344
346
348
349
351
356
356
355
355
356
357
357
358
358
359
360
361
361
362
363
364
364
364
365
366
366
367
367
367
367
369
370
371
372
372
372
371
371
374
374
374
374
375
375
376
376
377
377
377
377
782
786
786
770
759
749
739
726
724
724
712
711
706
703
697
697
702
702
699
692
690
685
682
682
680
676
673
669
665
661
654
644
634
626
624
621
618
618
621
621
616
615
614
594
614
614
614
618
618
613
613
612
615
612
611
611
611
602
602
610
610
610
609
602
158
158
178
193
209
217
227
236
244
252
256
263
268
270
273
277
280
283
286
289
292
295
298
302
303
309
312
316
320
325
342
352
342
352
364
366
366
370
370
368
368
369
369
369
369
369
369
370
370
370
371
371
371
372
372
372
372
372
373
373
372
372
373
373
785
785
785
785
785
774
767
764
758
742
736
730
724
719
716
714
714
714
702
701
699
697
693
691
691
689
684
683
679
676
673
673
665
662
665
662
653
647
640
633
626
622
618
616
613
613
613
612
612
612
611
611
610
610
610
610
610
610
609
609
609
609
609
609
150
150
156
178
192
203
214
217
226
239
240
248
248
253
255
264
268
274
278
278
280
284
289
291
292
296
301
304
304
310
310
312
316
319
324
328
333
339
340
356
361
366
369
369
370
371
371
371
372
372
372
372
372
372
372
372
372
373
372
373
373
373
373
373
785
786
786
786
786
784
775
765
753
747
747
747
741
739
730
718
687
712
712
712
706
704
698
695
694
687
687
686
685
681
678
676
673
667
665
665
661
657
654
649
645
641
635
630
625
622
618
616
616
614
612
612
611
611
610
609
609
609
609
609
608
608
608
608
147
147
162
173
185
193
204
212
219
227
232
235
243
250
258
262
262
265
269
272
275
275
278
285
289
291
294
297
301
303
308
309
313
315
317
322
329
333
338
339
345
354
356
361
365
365
369
370
371
372
372
374
374
372
372
372
373
372
373
373
374
373
374
374
785
786
786
786
786
785
784
772
766
759
759
757
742
741
727
725
724
720
717
713
711
709
701
701
701
697
693
690
687
684
682
679
676
674
670
668
664
661
658
654
654
649
642
639
634
630
625
621
619
616
613
613
613
622
613
610
610
610
610
609
609
609
591
609
146
146
165
168
185
195
197
207
208
221
222
226
241
248
250
258
259
263
264
268
268
269
277
281
284
296
296
296
296
296
300
299
305
311
315
319
322
326
329
332
338
342
346
351
363
363
363
363
367
369
370
372
380
372
373
372
372
372
373
373
373
371
373
373
731
731
705
681
656
626
610
608
608
608
608
607
607
606
606
605
606
605
606
605
605
605
605
605
605
605
605
605
605
605
604
605
605
605
605
605
605
605
605
605
604
604
604
604
603
604
604
604
604
604
603
603
603
603
603
603
603
603
603
603
603
603
603
603
204
204
232
249
261
267
274
286
286
293
300
305
318
325
325
335
349
356
360
368
369
369
371
371
373
373
374
375
375
375
375
376
376
376
377
377
377
377
376
376
376
376
376
376
376
377
377
378
378
378
377
377
377
376
376
376
377
377
377
377
377
377
377
376
771
771
749
730
728
721
715
710
704
700
694
694
694
685
681
676
671
667
659
652
645
638
631
628
626
622
622
620
618
618
618
618
617
617
616
615
615
615
614
614
614
614
613
613
613
613
613
613
613
613
613
613
613
613
613
612
612
612
611
611
611
611
611
611
189
189
215
227
230
257
259
269
275
275
278
290
295
301
310
317
324
324
333
341
349
355
359
361
363
363
364
364
365
365
365
366
366
367
367
367
368
368
368
368
369
369
369
369
369
370
371
370
370
370
371
371
372
372
372
372
373
373
372
372
373
373
373
373
777
777
759
745
730
724
724
718
713
706
705
702
698
694
690
685
681
675
672
668
662
656
649
642
636
631
628
628
627
621
621
620
619
619
619
611
617
616
616
615
615
616
616
616
618
618
614
614
614
614
614
614
614
613
613
613
613
613
613
613
614
613
613
613
182
182
199
227
246
246
252
263
267
271
277
284
290
294
296
307
312
318
326
334
340
347
356
359
360
359
360
362
363
363
364
364
364
364
365
365
365
366
366
366
366
366
366
367
367
367
357
357
368
369
369
369
369
369
369
369
370
370
370
370
371
371
371
371
783
783
763
743
736
736
729
724
715
714
714
701
700
697
693
688
684
680
676
666
666
661
648
647
627
627
626
626
626
623
622
621
621
621
621
619
619
619
619
618
617
617
617
617
616
617
616
616
615
616
615
615
615
615
615
615
615
615
615
614
614
614
613
614
178
178
202
223
242
247
255
260
264
268
274
279
287
293
297
304
309
309
315
331
338
345
350
353
357
359
361
361
362
362
362
362
363
363
363
363
363
364
364
364
365
365
365
365
366
366
366
366
366
366
366
367
367
368
368
368
368
368
368
366
368
369
369
369
785
785
767
755
747
741
734
727
724
719
714
709
707
701
698
692
687
682
678
673
669
663
658
650
646
640
635
630
629
628
623
623
622
621
620
620
620
619
619
618
618
618
618
617
617
616
616
616
616
616
616
616
616
616
616
616
615
615
615
616
616
615
615
615
155
155
197
216
222
241
252
257
265
268
270
274
283
290
299
301
308
313
319
327
335
342
347
352
356
357
359
360
361
361
362
362
362
363
363
363
363
362
362
364
364
364
365
365
365
364
365
365
365
366
366
366
366
367
367
367
367
367
367
367
367
368
368
368
733
733
713
695
675
655
639
624
621
620
619
619
617
616
616
616
616
616
615
615
614
614
614
613
613
613
614
614
614
614
614
614
614
614
614
614
614
615
615
614
614
614
614
614
614
615
614
614
614
614
615
615
615
614
614
615
615
615
615
614
614
614
614
615
200
200
206
216
230
246
258
268
279
294
304
315
329
342
351
355
358
359
360
360
361
361
362
363
363
363
365
365
366
367
370
367
368
368
368
369
369
369
369
369
369
369
369
370
370
370
369
369
369
369
369
370
369
369
369
369
370
369
370
369
371
369
371
370
759
759
758
752
733
719
717
716
707
690
688
679
670
661
650
641
634
629
626
624
622
622
621
620
619
619
619
618
618
624
624
622
619
618
618
618
618
618
618
618
619
618
618
618
618
618
619
618
619
618
619
618
618
618
619
619
618
615
618
619
619
619
619
620
182
182
209
213
219
232
257
264
268
279
291
301
313
326
340
350
354
355
355
357
358
358
360
360
360
360
360
360
361
360
360
360
362
363
362
363
363
363
363
364
364
365
365
365
365
366
366
366
367
366
366
366
366
367
367
367
368
368
368
369
369
368
368
368
761
761
760
752
741
735
722
718
718
709
701
693
684
682
669
661
658
637
634
634
630
628
624
612
623
623
623
621
621
620
620
620
620
619
619
619
619
618
618
618
620
618
617
617
617
618
618
618
618
618
618
618
623
623
619
619
619
618
618
618
619
619
619
619
201
201
208
212
219
226
250
252
260
267
281
288
299
308
317
332
336
351
353
355
356
357
358
358
358
359
359
359
359
359
360
360
361
364
364
361
361
361
361
362
362
363
363
363
363
363
363
364
364
364
364
365
365
365
365
364
359
359
364
366
367
367
367
367
764
764
757
752
747
741
734
729
723
717
704
693
693
686
676
670
653
646
646
640
635
635
632
629
626
626
624
623
624
623
622
621
621
621
621
620
620
620
620
620
619
619
619
619
618
616
618
616
617
617
617
618
618
618
618
618
618
618
619
619
619
618
618
618
191
191
210
213
219
226
239
246
256
263
270
280
293
304
311
322
336
346
351
354
354
355
355
354
343
354
358
359
359
359
359
359
360
360
360
360
360
352
352
352
356
361
362
362
362
363
363
363
362
363
363
363
363
363
364
364
364
365
365
365
365
365
365
362
765
765
763
752
750
748
742
733
727
715
713
703
696
688
680
672
666
658
652
644
640
638
634
631
629
628
627
624
624
624
622
622
622
622
622
622
621
624
621
621
620
620
620
621
621
620
620
619
619
619
619
619
620
619
619
619
619
619
619
619
619
619
618
618
201
201
212
221
228
228
234
244
253
260
268
280
286
295
307
316
330
342
348
351
354
354
355
357
357
357
357
358
358
358
358
358
358
358
358
358
359
359
359
360
360
361
361
361
361
361
362
362
363
363
363
362
363
362
363
363
363
363
363
367
367
365
364
357
735
735
709
677
653
633
627
624
622
622
621
620
619
619
619
619
619
619
619
620
621
622
623
624
626
627
627
627
614
628
628
628
628
628
628
629
628
629
629
629
629
629
629
636
636
633
633
628
636
629
629
629
629
632
628
628
628
621
629
627
630
628
630
628
220
220
242
254
262
267
268
269
269
277
291
302
322
341
347
351
352
353
353
354
354
354
355
358
356
357
357
357
357
357
356
357
357
357
357
357
357
357
357
357
357
357
357
357
357
357
357
356
356
356
356
356
355
357
355
355
355
355
355
355
355
355
355
355
759
759
745
735
730
730
717
710
698
694
676
672
657
647
641
641
637
634
632
631
630
630
632
632
630
630
630
630
630
627
630
630
631
632
632
632
632
633
633
633
633
633
634
634
634
634
634
635
635
635
635
635
635
635
635
636
636
635
635
635
635
634
634
635
215
211
215
256
261
261
261
267
270
275
283
292
299
310
325
338
343
345
347
348
349
349
349
350
350
350
351
351
351
351
355
355
352
352
352
352
352
352
352
352
352
353
353
353
353
353
353
353
353
352
352
351
351
353
353
352
351
351
352
352
352
352
352
351
770
770
761
742
735
729
723
719
712
701
688
681
662
661
651
649
641
639
637
637
636
635
634
634
634
634
633
636
633
633
633
633
632
631
631
630
631
631
631
631
631
632
632
633
633
633
633
633
633
634
635
635
635
635
635
635
635
635
635
635
635
634
635
635
205
205
225
243
251
256
261
263
270
275
275
284
293
300
309
324
336
340
343
345
346
347
347
347
348
347
348
349
350
350
349
349
350
350
350
351
351
351
351
351
351
351
351
351
351
351
352
351
352
352
352
352
352
353
353
353
353
352
352
352
353
352
352
352
775
775
763
751
744
737
725
718
711
710
686
678
670
657
654
650
649
641
640
639
638
636
636
636
636
636
636
640
640
640
635
635
634
631
631
633
633
633
633
633
632
632
632
632
632
632
631
631
632
632
632
632
632
628
628
630
633
633
633
633
633
633
634
634
190
190
217
227
241
251
257
262
265
268
278
290
296
304
315
329
335
340
343
343
344
344
346
346
346
346
346
346
347
348
348
348
349
349
349
349
348
348
349
349
350
350
350
350
350
351
350
351
351
351
351
351
351
351
351
352
352
352
353
352
352
351
351
352
778
778
767
757
747
739
730
721
710
698
688
679
668
657
651
647
645
643
642
642
640
640
639
638
638
638
638
638
637
637
637
636
636
636
636
635
635
635
635
634
633
633
633
634
634
634
631
633
631
633
631
633
632
632
632
631
631
631
631
632
633
633
633
633
209
209
221
227
243
251
261
265
269
279
289
299
309
323
335
336
340
340
342
343
345
345
346
346
346
346
347
347
348
347
347
347
348
348
349
349
349
349
349
350
349
350
350
350
350
350
350
350
347
350
351
354
351
351
351
343
343
351
352
352
352
352
354
352
