480
480
480
479
479
479
479
479
480
480
482
479
480
480
480
481
480
480
480
479
480
478
482
479
480
479
479
479
478
480
480
480
480
480
480
480
480
480
480
480
480
480
480
480
480
480
480
480
480
481
480
480
480
480
480
480
480
480
480
479
480
483
483
482
518
518
517
515
514
514
514
511
511
511
510
510
510
509
509
508
507
507
508
508
508
514
514
511
506
506
506
506
506
506
506
505
505
505
506
506
504
504
504
504
504
503
503
503
503
503
504
504
504
505
504
504
503
503
503
503
503
503
503
503
503
503
503
503
401
401
411
418
421
429
430
431
433
435
436
436
436
440
441
442
443
443
445
445
445
446
447
447
447
448
448
448
448
448
449
449
450
450
450
451
449
451
451
451
451
450
451
452
453
453
453
452
452
452
453
453
453
453
453
453
453
453
453
454
454
453
453
454
613
613
604
600
596
590
578
578
578
570
566
560
556
556
553
549
545
545
544
542
539
536
536
535
533
533
532
532
532
533
533
531
531
530
530
529
527
529
529
529
528
528
528
528
528
528
528
528
527
527
527
527
526
526
526
526
525
525
526
526
525
525
524
525
368
368
379
391
392
409
414
414
418
418
422
425
426
427
431
431
431
432
434
437
437
438
440
440
441
442
444
444
444
444
445
445
445
451
451
447
447
447
447
447
448
448
448
448
448
448
449
449
449
448
448
448
448
448
448
448
449
449
449
449
449
448
448
441
618
618
610
604
600
595
586
581
581
576
573
573
568
568
562
562
559
554
552
548
547
545
545
539
539
538
537
535
533
533
532
529
529
529
530
536
536
529
527
509
527
526
527
527
527
529
526
526
526
526
526
526
526
526
523
523
524
524
525
525
525
525
524
524
371
371
375
401
400
403
403
406
412
414
416
419
421
421
421
426
426
426
431
433
434
435
435
436
438
439
441
442
442
442
444
444
445
445
446
446
447
447
447
448
446
448
448
449
449
449
449
448
448
448
450
450
450
450
450
451
451
451
450
450
451
451
451
451
617
617
617
611
601
598
593
589
586
580
576
572
569
568
565
550
550
556
556
552
552
551
551
543
543
540
538
538
537
536
534
534
532
531
531
528
528
528
528
528
528
528
527
527
527
526
526
525
525
525
524
523
523
525
525
527
525
528
525
524
524
523
523
524
372
372
382
388
393
397
401
405
411
413
413
418
419
420
423
424
424
426
426
427
431
431
434
451
439
439
439
439
440
441
441
441
441
443
444
445
446
447
447
447
447
447
448
448
449
449
449
449
449
449
450
450
450
450
451
450
450
450
450
450
451
451
451
450
617
617
615
605
600
597
594
590
587
579
574
574
572
568
565
563
558
558
560
560
552
549
549
548
545
543
541
539
538
536
535
535
533
531
530
529
528
528
528
528
527
527
527
525
525
526
526
525
525
525
525
525
525
523
523
523
523
523
522
521
521
523
523
523
376
376
381
388
393
400
400
401
401
412
412
412
415
418
418
421
423
423
428
428
429
430
429
432
433
434
433
436
436
441
441
441
441
442
444
444
445
445
446
446
446
447
448
448
449
450
449
450
450
450
450
449
449
449
450
448
450
450
451
451
450
450
451
451
563
563
548
536
527
527
525
522
522
522
522
520
520
520
520
520
520
520
520
520
520
520
519
518
519
519
519
519
519
519
520
519
520
519
519
519
517
519
518
519
518
519
519
519
520
517
520
518
519
519
519
519
519
519
518
520
519
519
519
519
519
519
519
519
389
389
396
406
409
418
423
425
427
433
437
439
442
442
445
446
447
448
448
448
448
448
449
449
450
449
449
449
449
444
444
450
450
450
450
450
450
449
449
451
451
449
449
451
452
452
452
453
452
453
452
452
451
452
451
452
452
452
453
453
453
452
452
452
605
605
598
592
585
582
577
576
576
560
556
551
549
546
539
536
536
534
531
530
528
527
526
525
525
524
524
524
524
524
521
523
522
522
522
521
521
521
521
521
521
521
522
520
520
520
520
520
519
519
519
520
519
519
519
519
520
518
518
507
507
520
520
520
377
377
394
398
404
407
411
418
418
418
424
425
430
433
434
434
438
441
441
441
444
444
444
444
445
447
445
447
448
448
449
448
449
449
449
449
449
449
450
452
452
452
451
452
451
451
451
451
451
452
452
452
452
452
452
453
453
453
452
452
451
451
453
453
609
609
603
590
586
586
586
576
573
568
565
562
558
555
552
550
546
546
539
536
536
534
531
530
530
528
527
525
524
524
523
523
523
523
522
522
522
522
522
524
521
521
519
519
519
520
520
520
520
520
520
520
520
519
519
519
519
519
519
519
519
524
524
520
379
379
388
394
400
405
409
412
415
417
419
424
424
429
432
434
436
437
440
441
443
444
445
445
445
445
445
448
448
448
449
450
450
450
450
451
451
451
452
452
452
452
452
453
453
453
453
454
454
454
454
454
454
454
454
454
454
454
453
453
453
431
455
455
609
609
605
602
598
588
584
576
556
559
559
559
559
557
557
552
550
548
545
543
541
539
537
534
532
532
530
528
527
525
525
525
524
523
523
523
522
521
521
521
521
519
519
520
520
520
520
520
521
521
519
519
519
519
519
517
517
518
518
518
518
517
517
518
389
388
388
389
394
403
407
409
414
418
420
420
425
430
430
432
437
438
438
440
442
445
446
446
446
447
448
448
449
450
450
450
453
453
451
451
451
452
453
453
453
453
453
453
452
452
452
453
454
454
454
455
455
455
455
454
454
454
455
455
455
455
455
455
611
612
611
599
592
588
588
577
574
572
571
566
564
558
554
554
551
549
547
544
541
539
535
534
532
531
514
514
526
526
526
526
525
525
524
524
524
523
523
523
522
522
522
522
521
521
521
521
520
520
520
519
519
519
519
519
519
519
519
518
518
518
517
518
380
380
386
391
397
401
407
409
411
413
418
421
424
428
428
431
432
436
438
441
441
441
444
445
447
448
448
450
450
450
451
450
451
450
451
450
451
451
453
453
453
454
454
454
453
454
454
455
455
455
455
455
455
455
455
456
455
456
456
456
456
456
456
456
579
579
567
555
545
537
531
529
526
524
522
522
521
520
519
519
519
518
517
517
517
517
517
518
518
518
516
516
517
517
515
515
515
517
517
516
516
516
516
515
515
515
517
518
518
517
517
518
518
518
518
519
519
519
518
518
518
518
518
519
519
519
519
519
387
387
397
407
411
413
419
425
427
432
435
437
441
443
445
447
449
449
448
448
452
452
452
452
453
454
453
453
453
455
455
455
455
460
460
457
456
456
454
456
456
456
455
455
454
456
457
457
457
455
456
456
457
457
455
455
457
457
457
457
457
457
457
458
612
612
602
598
587
579
579
575
565
562
559
552
551
551
549
545
538
536
538
536
528
527
527
526
525
524
523
523
523
523
522
522
522
521
521
521
521
520
520
519
520
516
520
520
520
520
520
520
520
521
521
521
521
521
521
521
521
521
521
521
521
521
522
522
374
374
390
394
399
403
410
412
413
421
443
443
435
435
437
440
441
442
445
448
448
448
450
450
450
450
450
452
452
452
453
454
454
452
452
453
455
455
455
455
455
456
456
457
457
457
457
457
457
458
458
458
458
459
459
459
459
459
460
460
459
459
460
460
618
618
612
603
595
593
587
578
577
574
569
568
566
564
559
558
556
553
545
541
540
538
534
532
531
529
528
525
525
525
525
524
524
524
523
523
522
522
522
522
522
521
521
521
519
509
509
521
521
522
520
519
519
519
519
519
521
521
521
521
521
521
519
519
369
369
379
384
385
393
400
407
411
414
416
421
424
427
430
431
437
440
441
442
442
442
444
445
448
449
449
449
449
449
451
451
450
443
443
453
453
453
453
454
454
455
455
456
456
456
456
457
457
457
457
457
457
458
457
458
458
458
458
458
458
459
457
458
630
630
621
613
603
596
591
586
577
577
577
575
572
570
567
564
560
560
557
562
557
545
541
539
539
535
534
533
533
531
530
529
529
529
526
526
526
526
525
523
523
524
524
523
523
524
524
524
522
522
522
520
522
522
522
522
521
521
521
521
521
521
522
522
373
370
370
377
381
392
395
400
402
402
410
413
417
417
425
428
428
428
428
433
437
437
437
438
444
445
445
445
447
448
448
448
448
447
448
452
452
451
451
451
452
452
453
453
454
454
454
453
453
455
455
456
455
456
456
456
457
457
457
457
458
458
458
456
636
636
627
627
620
607
598
594
589
584
580
579
579
577
573
573
570
567
563
560
558
555
554
549
547
545
544
538
536
536
536
536
532
532
532
532
530
529
529
530
530
530
529
532
529
527
527
527
527
528
528
528
526
525
525
524
524
523
523
523
523
522
519
519
355
355
360
367
368
373
385
390
395
399
402
403
409
413
415
416
417
423
425
428
438
432
432
432
432
432
439
439
439
442
444
444
445
445
446
447
447
449
449
450
450
451
451
452
452
452
452
453
453
453
453
453
453
454
455
454
455
455
455
454
454
456
456
456
616
616
585
576
572
559
540
539
536
531
531
530
528
527
525
525
524
524
525
525
526
526
526
527
528
528
528
528
529
529
531
531
532
534
534
535
535
536
536
536
536
536
539
540
541
541
541
541
541
541
541
541
543
543
543
543
543
538
543
543
543
543
542
542
365
365
380
385
393
393
395
402
404
411
414
419
423
426
430
434
433
434
435
438
439
442
442
442
443
444
445
445
445
445
445
445
445
445
445
445
445
445
446
446
448
449
450
451
453
453
454
454
455
454
454
454
455
456
456
456
456
455
455
456
456
456
454
454
618
618
618
612
602
602
598
585
581
581
578
578
644
644
643
641
638
631
625
604
601
598
596
594
593
593
592
593
593
593
595
596
596
596
596
597
597
595
595
595
597
598
598
598
598
598
598
598
598
598
599
598
599
599
599
598
598
598
598
597
597
599
599
600
231
231
238
262
268
283
292
292
298
304
307
314
320
322
339
345
348
356
361
366
372
379
380
381
380
379
379
379
378
378
381
381
381
381
381
380
380
380
381
381
381
380
380
381
381
383
383
383
381
379
380
378
380
383
383
383
381
372
372
372
379
362
379
381
759
759
751
731
729
714
690
682
679
678
672
672
668
668
667
657
649
640
633
633
613
606
603
601
601
601
599
598
598
601
602
603
603
603
603
604
605
606
606
607
607
607
605
605
605
604
605
607
607
608
610
610
604
604
604
604
604
604
605
605
605
605
605
605
225
225
229
233
237
254
282
295
296
303
306
307
309
309
309
314
317
322
330
341
341
350
359
366
369
376
384
381
383
382
383
382
382
382
382
380
382
381
381
381
381
380
381
380
379
378
378
378
379
379
380
380
380
380
379
379
379
379
380
380
382
382
382
382
767
767
759
752
748
745
738
725
692
684
682
682
677
676
675
674
674
673
670
670
660
659
654
640
635
629
619
614
610
607
606
606
606
606
603
603
605
605
604
604
605
605
605
606
606
607
607
608
608
608
607
608
607
607
607
607
607
607
607
607
607
606
606
606
221
221
221
224
231
242
247
273
291
296
300
300
304
305
306
309
311
312
315
317
320
333
338
338
343
351
352
355
357
370
372
374
378
377
377
377
379
380
379
379
378
378
378
378
378
375
378
378
378
379
378
378
377
377
377
379
379
379
379
380
379
378
378
378
763
763
762
761
753
750
746
737
725
705
695
688
685
683
683
681
679
679
676
673
669
664
662
662
655
650
642
636
630
622
617
612
612
611
607
607
607
606
606
606
606
605
603
603
606
606
605
605
605
605
606
606
607
607
607
609
613
613
610
608
608
608
608
608
217
217
220
224
227
241
250
260
275
289
294
298
300
303
303
305
307
307
307
311
316
320
328
328
328
334
338
342
348
354
365
369
369
373
375
375
376
376
376
375
377
375
377
377
378
378
378
378
375
378
375
378
377
377
377
377
377
375
375
375
376
377
377
377
