480
480
480
480
477
477
480
480
480
480
480
480
480
480
480
480
480
480
480
480
480
481
481
484
480
481
481
481
480
480
480
480
480
480
480
480
480
480
481
481
480
480
480
480
480
480
480
480
480
480
481
480
480
480
480
481
481
480
480
480
480
480
480
480
573
601
601
601
601
603
603
604
607
607
607
607
610
610
610
610
611
611
611
613
613
613
613
612
612
615
615
615
615
616
616
616
617
617
617
617
617
617
617
617
617
618
618
618
618
618
618
618
618
618
618
618
618
618
611
611
617
619
618
619
618
619
618
619
161
161
169
200
219
232
249
261
270
276
283
286
290
292
292
297
301
304
306
307
307
312
314
316
317
318
320
323
323
323
325
326
327
328
329
330
331
332
333
333
333
335
336
336
337
337
337
337
338
338
339
340
341
341
342
342
342
343
344
344
344
345
345
345
785
786
786
786
783
778
771
754
754
747
741
735
735
727
723
720
717
715
712
709
707
703
701
698
697
695
691
688
686
679
674
674
666
661
661
655
649
648
645
641
639
639
640
640
637
636
636
636
635
635
631
631
631
633
633
633
633
636
636
633
633
633
632
632
137
137
162
175
187
197
206
211
217
223
228
232
234
240
246
246
249
255
258
260
262
264
264
269
269
270
272
275
272
275
277
278
283
284
287
293
295
295
299
304
307
311
316
321
328
332
336
337
340
340
340
341
342
343
343
343
343
344
344
346
346
346
347
346
785
786
786
786
788
786
785
780
777
769
764
759
759
748
743
741
735
732
727
727
727
721
721
719
715
713
711
709
704
701
701
700
697
695
691
690
687
686
680
676
672
668
663
651
650
650
643
643
643
643
637
637
636
635
635
635
635
635
634
634
633
633
634
634
154
152
154
153
172
185
194
198
198
203
214
224
224
224
226
235
238
241
245
246
250
253
255
257
258
260
260
264
264
275
269
270
270
272
273
273
276
281
282
282
285
286
290
290
293
300
305
313
314
317
324
333
341
342
342
343
345
345
345
345
345
345
345
345
786
786
787
785
786
786
786
786
786
783
777
772
769
761
759
752
748
744
740
736
734
732
729
727
726
722
722
722
717
715
715
709
709
707
704
703
697
693
693
692
689
689
686
679
674
671
666
661
656
649
646
643
643
640
642
637
635
635
634
634
634
639
639
633
135
135
146
157
168
176
193
195
195
204
207
211
216
219
224
227
230
235
238
240
243
245
253
253
253
254
256
256
259
261
262
263
263
266
268
269
271
272
273
275
277
279
282
282
282
290
295
296
296
307
310
316
322
329
336
340
343
344
346
346
346
346
347
347
786
786
786
786
786
787
786
786
786
786
784
779
774
769
763
759
755
750
746
743
740
737
735
732
731
729
726
724
722
721
720
716
715
713
711
708
706
704
702
700
697
694
681
681
681
681
677
673
669
663
657
647
647
644
641
639
637
636
635
634
635
633
633
633
133
133
143
144
163
171
185
191
191
196
202
206
210
210
215
208
223
229
233
235
238
242
245
245
248
251
251
252
255
257
257
259
261
267
267
266
266
268
268
271
271
272
275
278
278
282
284
287
290
294
299
299
302
315
320
336
337
341
341
344
346
346
346
348
766
766
737
721
705
682
644
631
631
631
628
628
628
626
626
626
625
624
624
623
623
623
622
622
622
622
621
620
620
620
620
620
620
620
620
619
619
619
619
619
619
619
618
618
618
618
618
617
617
617
617
617
617
617
617
615
617
615
616
616
617
617
616
616
166
166
186
206
222
231
241
249
255
260
261
267
269
271
288
288
296
302
311
317
317
328
328
344
348
350
352
352
353
355
356
357
357
357
357
360
360
361
361
362
362
362
363
363
363
363
363
363
364
364
365
365
365
365
365
365
366
365
366
366
366
364
364
366
782
785
782
780
766
744
744
740
734
729
726
722
718
718
716
713
710
707
702
699
699
691
687
684
682
678
673
671
664
656
645
638
633
627
625
626
625
623
623
623
622
622
621
621
621
621
620
620
621
621
620
620
620
620
620
620
620
620
620
620
620
620
620
620
159
159
183
185
203
219
227
234
243
244
248
252
254
257
261
263
265
269
272
276
276
280
289
293
295
301
305
309
313
318
327
343
351
356
358
358
358
359
359
360
360
361
361
362
362
363
363
363
363
363
363
363
363
363
363
364
364
362
362
364
364
364
363
367
786
786
786
785
780
768
760
752
747
745
742
734
731
731
728
723
721
718
712
708
708
701
697
697
694
690
687
683
680
676
673
669
663
655
646
639
634
630
630
627
625
625
624
624
623
623
623
623
623
622
622
622
622
622
622
622
622
622
621
621
621
621
621
620
155
155
173
187
198
209
219
227
233
238
238
241
247
251
253
256
259
261
261
262
269
272
276
281
285
285
290
298
302
307
311
314
315
332
344
358
358
357
357
357
358
360
360
360
362
362
361
361
361
362
362
362
362
363
363
363
362
362
361
363
363
363
362
362
785
786
786
786
785
775
766
759
756
748
743
739
736
732
729
727
726
720
720
719
714
713
707
704
699
696
693
690
682
682
682
675
671
666
661
652
638
632
632
631
629
627
627
625
625
625
624
623
623
623
623
623
617
617
623
623
622
622
622
622
622
622
622
622
154
154
171
187
195
205
209
219
230
235
236
240
244
246
249
251
252
260
261
261
265
269
269
274
279
283
287
293
297
301
305
308
314
319
327
340
347
352
355
356
356
357
358
359
360
360
360
360
360
360
361
361
361
361
362
362
362
362
362
362
362
363
362
363
785
786
786
786
786
780
780
763
763
757
751
743
739
735
733
730
727
725
723
719
717
713
710
707
704
700
697
693
690
686
686
679
675
672
667
665
652
640
638
634
631
631
639
639
627
627
626
625
624
624
624
624
624
623
623
623
623
623
623
623
623
623
623
623
152
152
172
181
192
202
210
218
222
224
233
238
240
245
245
246
253
256
257
260
260
264
265
272
276
282
284
288
298
302
302
306
313
315
321
330
341
347
353
355
355
356
358
358
358
359
360
364
360
358
358
353
360
360
361
361
361
361
361
361
361
361
361
361
766
766
746
733
720
707
698
679
637
629
629
627
626
623
623
623
623
623
623
623
623
623
623
622
621
622
621
622
621
621
621
621
621
621
622
622
622
621
621
621
621
621
621
621
620
620
620
620
620
620
621
621
621
620
606
620
620
620
621
620
620
620
620
620
193
193
213
225
235
241
250
250
255
259
266
269
274
283
292
298
304
316
324
345
349
356
357
357
358
357
358
359
360
361
361
361
361
361
362
362
362
363
363
363
362
362
355
362
363
363
363
363
363
363
363
363
363
364
364
364
364
364
364
363
363
364
364
364
785
785
766
753
744
737
733
731
730
730
721
717
712
707
699
692
687
686
679
674
669
663
654
645
641
631
630
629
629
628
613
627
627
627
630
626
626
626
625
625
625
625
625
625
624
624
624
623
623
623
623
624
623
623
623
623
623
623
622
622
622
624
624
624
179
179
208
220
224
236
242
245
251
255
257
261
265
268
274
281
290
297
308
309
315
323
340
340
353
353
355
356
355
356
358
361
361
361
359
359
359
359
359
359
360
360
361
361
361
361
360
361
360
361
360
354
354
362
362
362
363
362
362
362
362
362
363
363
786
786
772
766
762
744
739
733
729
725
723
718
717
708
702
700
694
680
680
676
664
655
647
638
633
633
633
630
628
628
627
627
627
626
626
625
625
625
625
625
625
623
623
623
622
622
623
624
624
623
623
623
623
623
623
623
623
623
622
622
622
622
622
622
192
192
208
221
229
233
240
245
253
261
260
261
264
268
272
279
288
296
303
313
317
331
343
349
352
353
354
356
356
357
356
357
357
358
358
358
358
358
359
359
336
336
352
353
353
360
360
360
361
361
361
361
361
361
361
362
362
366
366
362
362
362
363
363
786
786
769
767
758
751
742
738
733
725
723
721
716
712
698
694
682
676
676
673
663
653
641
635
632
631
631
630
628
628
628
627
626
626
626
626
626
625
626
625
625
625
627
627
624
623
623
625
625
623
622
622
622
622
622
622
622
623
622
622
622
622
622
622
193
193
207
216
222
235
239
239
245
250
254
258
261
265
269
274
283
289
303
310
318
326
343
348
351
351
353
355
355
355
356
356
357
358
358
358
358
358
358
358
359
359
359
359
359
360
360
360
360
360
361
361
361
361
361
361
363
363
363
362
362
362
362
362
786
786
778
769
762
755
750
741
733
728
728
721
712
711
698
698
689
679
673
667
661
652
641
635
632
631
629
629
629
628
628
626
626
626
626
626
625
626
621
626
624
624
624
624
625
625
625
624
625
624
623
623
623
623
623
622
622
622
622
622
622
622
622
622
193
193
205
213
220
227
233
239
244
249
251
256
259
271
275
278
287
297
311
313
332
342
345
350
351
352
354
355
355
355
357
357
357
357
358
358
357
357
358
359
360
360
360
360
360
360
361
362
365
362
362
361
361
361
361
362
362
362
362
362
363
363
363
363
745
745
722
697
666
634
630
626
625
623
618
623
622
622
621
621
621
620
621
620
621
620
619
619
620
620
620
619
619
618
618
619
620
619
620
619
619
619
619
619
621
624
621
621
621
621
622
623
623
623
623
623
623
623
625
623
625
625
625
625
624
624
624
624
204
197
204
224
229
247
253
259
269
274
279
292
305
318
333
349
350
356
357
358
358
358
360
360
362
362
362
363
363
363
363
363
363
364
365
365
364
362
364
364
364
364
364
364
363
363
362
362
362
362
361
361
361
361
361
361
360
360
360
360
360
360
360
360
735
749
735
735
725
717
710
706
706
699
688
680
668
657
642
633
625
625
625
623
623
621
620
619
619
618
618
618
618
618
617
617
618
618
618
618
619
620
621
622
622
623
623
623
625
625
624
618
624
624
626
627
627
628
629
629
629
629
629
631
630
631
630
632
206
206
218
230
240
247
252
257
261
264
268
271
280
305
307
324
336
342
345
347
348
348
350
350
350
351
352
352
352
352
353
353
353
353
353
353
353
353
353
353
354
354
354
354
354
354
354
354
354
355
355
355
355
355
355
355
332
355
355
355
355
354
354
354
781
781
767
762
746
741
735
728
722
716
708
697
690
677
665
650
643
639
638
638
638
636
635
635
635
634
622
634
634
634
634
633
632
632
632
631
631
630
631
631
631
630
630
630
629
630
630
630
630
630
630
630
630
630
630
630
630
630
630
630
630
631
631
633
196
196
213
226
234
245
248
251
256
265
266
273
286
294
317
326
332
339
342
344
345
348
348
348
348
349
352
352
353
352
352
352
352
353
353
353
354
354
354
354
354
355
355
355
355
355
356
356
356
356
356
356
356
356
356
356
356
356
356
356
355
356
356
358
783
783
781
761
754
747
744
739
723
716
717
716
698
682
669
653
645
642
639
638
637
637
636
635
620
620
634
634
633
633
636
636
632
631
631
631
631
630
630
630
630
630
630
629
629
629
629
629
628
628
628
626
626
628
630
630
630
630
630
631
631
632
632
632
200
200
210
222
231
241
244
246
252
259
265
268
273
292
301
314
330
337
342
344
345
347
348
349
350
350
350
351
352
353
354
354
354
354
354
354
355
355
355
356
356
356
356
356
356
357
357
357
357
357
357
357
357
357
357
357
347
347
357
357
356
356
356
356
775
775
774
755
748
744
737
737
725
724
714
707
707
692
679
666
648
641
641
635
635
635
635
634
634
633
634
632
631
631
630
630
629
629
629
628
628
628
633
633
627
627
627
627
627
627
627
627
627
626
626
626
633
629
629
628
628
628
628
628
628
629
630
630
200
200
210
239
239
241
241
246
251
253
263
270
271
276
294
305
324
336
341
345
346
350
350
350
352
352
353
354
354
355
355
355
355
355
362
362
358
358
358
358
352
358
358
358
359
360
362
360
363
360
360
359
358
358
358
358
358
357
357
357
357
356
356
356
