479
480
480
480
467
467
476
480
480
481
479
480
480
480
480
480
480
480
480
480
481
480
480
480
480
480
480
480
480
480
482
482
480
480
481
481
480
480
480
480
479
479
479
479
479
479
478
479
479
479
480
480
481
481
480
480
481
481
482
480
482
480
480
480
570
595
595
599
599
599
601
604
604
605
605
609
611
611
613
615
616
616
617
617
617
619
619
618
616
618
618
618
618
618
618
616
616
616
616
616
613
613
615
615
615
614
614
614
612
616
612
615
612
611
611
610
610
610
611
609
610
609
609
608
608
607
608
608
163
163
178
192
217
240
256
256
266
278
282
287
287
291
292
299
306
309
311
315
316
318
321
322
325
329
329
330
331
337
337
337
338
338
338
341
341
343
344
344
345
346
348
349
350
352
350
352
352
354
352
357
359
359
354
354
355
356
358
358
359
359
359
359
786
786
786
780
777
768
761
757
748
743
737
728
723
723
719
716
713
708
707
706
704
701
700
698
696
693
693
691
687
686
684
683
676
672
667
665
658
651
643
633
627
623
621
621
619
619
619
619
618
618
618
617
616
616
615
615
615
613
613
613
613
613
614
613
159
159
171
185
197
204
216
221
224
231
233
238
246
251
256
260
260
265
266
269
271
273
278
279
281
284
286
286
289
291
292
300
300
300
300
288
304
305
310
317
324
327
335
342
343
348
349
368
360
360
354
354
355
355
356
358
358
357
357
357
357
357
358
358
786
786
786
786
786
785
779
774
767
761
756
752
745
743
737
730
727
727
721
717
717
714
713
712
709
705
704
700
700
700
698
694
694
694
688
687
685
682
682
676
672
666
664
663
650
643
633
627
627
623
621
619
619
619
618
617
617
617
617
617
616
616
615
615
157
157
157
162
183
193
201
207
208
218
224
230
232
233
244
251
251
257
260
260
262
263
263
269
270
272
275
276
277
279
282
282
284
292
297
292
296
292
296
299
299
302
307
311
313
317
322
327
332
341
348
350
354
356
356
357
363
363
368
360
360
360
360
360
783
786
786
786
786
786
786
783
769
766
766
761
756
753
748
743
740
736
735
732
724
720
720
719
717
714
713
712
709
706
703
703
702
699
698
698
695
696
695
687
686
680
680
676
667
666
664
656
645
639
632
627
624
623
620
620
620
621
619
619
616
616
617
617
146
146
159
173
178
195
195
201
205
213
218
226
228
235
237
241
244
247
250
250
253
258
262
262
265
267
269
272
272
274
277
277
278
278
282
282
283
289
290
291
293
296
299
304
304
306
311
312
318
322
326
332
343
349
353
355
357
359
358
359
360
361
361
362
786
786
786
786
786
786
786
786
785
777
773
769
758
757
757
749
746
743
743
735
732
727
727
724
720
720
719
718
714
714
712
709
706
703
702
701
699
697
697
693
693
691
685
681
679
674
667
649
659
649
649
640
634
629
626
626
623
621
620
617
617
611
607
607
143
143
155
172
185
186
192
196
197
202
208
217
223
226
229
239
240
241
246
249
249
253
256
259
259
263
264
265
268
270
273
291
274
291
283
283
283
283
285
286
287
290
293
293
294
300
301
313
313
313
314
314
321
332
342
348
354
357
358
358
358
359
360
361
755
755
728
701
696
672
629
617
616
614
614
614
614
615
613
619
613
613
613
611
612
612
612
615
612
612
611
611
611
612
610
612
610
611
611
611
611
610
610
610
612
610
610
610
610
609
609
610
610
610
610
610
610
610
610
608
610
609
609
609
610
610
610
610
172
172
200
220
236
249
262
263
266
270
274
277
282
289
291
299
304
305
316
325
339
354
358
359
360
361
360
362
362
364
364
365
366
366
366
365
367
365
367
367
368
368
368
368
368
369
368
369
367
369
369
369
369
370
370
369
369
370
371
370
371
370
372
371
786
786
786
770
758
747
736
734
724
722
719
715
714
712
709
705
701
697
693
687
682
679
672
671
660
651
651
637
630
629
624
622
621
620
619
619
618
618
618
617
617
617
617
617
617
616
617
616
616
616
616
616
616
617
617
616
614
614
605
614
615
617
617
614
169
169
189
210
222
236
236
244
254
258
259
273
273
273
273
281
281
282
287
291
295
301
305
308
311
315
318
327
327
342
356
359
361
367
363
363
363
364
364
363
363
364
364
365
366
366
366
367
366
363
363
367
367
367
366
367
367
367
368
368
368
366
368
366
786
786
786
785
772
758
749
741
733
732
729
726
722
719
717
713
710
706
703
697
695
688
686
682
681
673
668
662
643
636
632
632
624
624
624
623
622
621
621
621
620
620
619
621
618
620
618
618
618
618
618
617
618
617
617
617
617
625
616
617
616
617
616
615
168
168
177
204
225
228
235
244
247
251
254
254
257
262
265
272
272
279
280
289
289
291
296
307
307
311
311
315
319
328
336
348
353
353
359
360
361
361
361
362
362
363
366
366
364
364
364
366
366
366
366
365
366
367
367
366
366
366
366
366
367
367
366
366
786
786
786
785
777
766
754
746
740
733
733
733
722
721
721
721
721
712
704
701
696
691
688
681
681
674
672
666
660
651
642
632
630
632
629
627
625
624
623
622
622
616
621
621
621
621
620
619
619
619
617
617
619
619
619
618
619
618
618
618
616
618
618
618
160
160
185
200
224
231
235
238
245
248
251
255
257
260
260
262
270
270
277
277
277
283
292
292
296
301
313
313
315
324
329
342
347
354
357
358
359
360
360
361
360
361
360
360
360
361
364
364
369
369
366
363
366
363
365
365
365
365
366
367
367
367
367
366
786
786
786
786
782
769
768
753
744
738
734
730
728
723
719
717
715
709
706
705
700
696
688
688
682
676
672
666
661
650
647
640
635
631
629
624
624
624
624
622
622
623
623
623
621
621
621
622
620
622
619
625
620
620
620
620
619
620
620
620
619
619
619
619
142
142
182
205
212
233
236
236
243
245
250
252
256
256
264
264
267
270
271
278
280
280
286
300
307
307
309
317
318
322
339
348
348
348
352
356
357
357
359
361
361
361
361
362
360
362
362
363
364
364
364
364
365
364
365
364
362
362
363
365
365
365
365
364
752
752
741
714
703
686
670
641
639
625
623
618
618
620
620
620
621
620
619
619
620
621
621
618
618
618
617
617
618
618
618
617
618
618
618
618
617
617
618
618
618
621
621
619
618
617
616
616
616
614
617
617
619
618
618
617
617
617
617
615
615
616
616
617
202
202
219
231
247
250
253
265
265
265
273
280
287
292
304
312
319
328
343
354
357
357
359
358
359
362
362
361
361
363
363
366
362
363
361
363
364
364
364
365
365
365
365
365
365
366
365
365
364
364
364
363
366
366
366
366
366
364
364
364
364
365
365
365
785
785
765
751
740
731
723
716
714
706
699
699
690
681
677
671
661
651
641
636
629
627
627
627
627
623
623
625
625
624
624
623
622
623
623
623
611
611
621
621
621
621
621
622
621
621
621
621
622
623
622
620
620
621
621
620
620
622
622
622
622
620
620
620
199
199
215
228
239
247
254
259
262
267
272
275
280
285
292
300
311
316
324
338
350
352
352
355
357
357
358
358
358
359
359
359
360
359
361
361
361
360
360
359
362
362
362
362
362
361
360
360
362
363
363
363
363
364
364
365
364
364
364
364
364
362
362
364
786
786
781
766
765
740
729
723
723
717
709
694
689
694
689
669
667
658
648
641
636
630
630
630
628
628
627
627
627
625
625
624
624
625
625
624
624
625
625
624
624
623
623
623
623
623
621
622
622
622
622
622
622
622
620
620
621
621
622
622
622
622
621
621
192
192
211
224
233
245
252
256
261
269
271
276
285
286
295
305
312
318
324
340
350
353
354
354
354
356
356
357
358
359
358
354
354
357
359
360
360
360
360
360
361
360
360
360
365
365
362
362
362
361
361
361
360
358
358
353
361
361
363
363
363
363
363
363
786
786
777
766
746
744
735
733
722
714
708
706
698
690
683
674
668
658
650
644
637
634
633
631
629
627
627
628
628
628
628
626
627
626
626
625
625
625
625
625
623
623
624
624
623
623
623
623
623
622
622
622
623
623
623
622
622
622
622
622
622
622
622
622
193
193
212
222
231
235
249
254
258
270
271
275
282
290
296
306
306
315
333
344
351
351
351
353
355
355
356
356
356
357
357
357
357
358
359
359
359
359
359
360
360
358
358
361
361
361
359
359
359
362
362
362
362
362
362
362
360
363
362
362
360
360
362
363
786
786
778
772
762
747
740
730
724
717
714
703
697
688
687
682
665
656
648
642
634
633
633
633
634
634
627
627
627
627
626
626
626
626
626
626
626
626
626
624
624
624
624
623
625
624
625
625
625
623
623
624
624
624
626
623
623
623
620
620
623
623
623
622
195
195
201
212
231
240
247
253
259
264
271
275
286
288
298
300
314
323
333
343
346
348
351
353
353
355
355
355
355
357
357
357
357
358
358
358
358
358
360
372
360
359
359
361
361
361
361
360
361
360
361
361
361
361
360
362
361
362
362
362
362
361
362
362
732
732
705
675
647
636
629
627
626
626
630
630
625
625
623
625
624
624
622
622
621
622
621
621
620
621
621
621
620
620
620
620
621
621
620
620
621
621
621
621
622
622
622
622
622
623
623
624
630
630
624
624
624
624
624
624
624
625
624
625
625
625
624
624
216
216
232
241
253
257
264
268
275
288
295
318
335
345
348
351
351
354
355
356
356
356
356
357
359
359
358
358
358
358
359
359
359
359
357
357
359
359
359
364
360
360
359
358
359
358
358
358
358
359
358
357
357
358
358
358
358
356
358
358
358
358
356
356
765
765
746
734
724
724
719
692
676
676
660
648
648
640
634
633
631
630
630
630
630
628
628
629
629
628
627
627
627
627
627
626
626
627
627
627
627
626
626
625
626
627
627
627
627
628
628
628
628
628
628
628
628
629
629
628
628
629
629
629
628
628
628
628
217
217
232
232
244
260
265
270
273
279
282
305
316
340
344
347
347
351
352
353
353
353
351
351
354
355
355
355
358
356
356
356
356
356
356
356
356
356
356
355
354
354
354
356
356
359
359
357
357
357
356
356
356
356
356
356
356
356
356
356
356
356
356
354
778
778
764
747
734
729
721
716
710
700
681
668
650
641
637
636
635
633
633
633
632
631
631
630
630
630
629
628
629
628
627
627
627
627
628
630
630
627
627
627
627
627
627
626
627
627
627
627
627
627
627
627
628
628
627
627
627
628
628
629
629
629
629
629
215
215
230
241
256
256
262
266
273
273
274
289
311
330
337
343
344
348
349
349
349
344
344
351
351
351
351
351
352
354
355
354
350
350
352
354
355
355
355
356
356
368
356
356
355
355
355
356
356
356
356
356
356
357
357
357
356
356
356
356
356
357
361
361
783
783
769
754
743
737
730
729
724
708
694
679
662
647
641
640
638
636
635
634
634
634
634
632
632
631
631
631
631
631
630
630
630
631
631
631
630
629
629
629
630
629
627
627
628
628
628
628
628
629
628
629
629
629
627
627
628
628
629
629
629
627
627
627
211
200
211
238
243
249
255
262
267
269
276
290
304
319
330
339
344
344
348
348
348
348
349
350
350
350
349
349
342
352
353
353
353
351
351
351
353
353
353
353
355
355
354
353
353
355
355
364
364
359
355
359
357
357
357
356
356
356
356
356
356
356
356
357
784
784
771
756
746
738
735
725
716
714
697
694
666
651
643
640
638
638
637
637
635
635
635
634
633
633
633
633
633
633
632
632
632
630
630
630
630
631
630
630
630
632
632
630
629
629
629
629
629
629
628
628
628
628
632
632
632
628
628
628
628
628
629
629
209
209
213
232
243
243
250
255
256
269
279
287
302
318
333
338
338
344
344
346
348
349
349
349
355
349
350
349
350
351
351
351
352
353
352
352
351
352
352
353
353
353
353
354
354
354
354
354
353
354
355
356
356
355
354
354
352
352
353
354
355
355
355
357
