480
480
481
478
480
480
480
479
479
480
480
480
479
481
479
480
479
479
479
477
479
479
479
479
480
479
479
479
479
480
477
480
478
480
479
480
480
480
480
478
473
473
470
470
470
479
480
480
480
481
479
481
479
479
479
480
480
480
480
484
484
481
480
480
566
566
565
564
563
563
562
562
562
563
565
564
565
569
569
564
562
562
556
561
561
562
562
562
561
561
561
560
559
559
560
560
559
556
544
544
558
559
559
558
558
558
558
558
557
558
558
558
558
558
558
558
557
557
557
557
557
558
558
558
558
558
558
558
210
210
223
258
296
310
321
328
340
345
354
362
363
366
371
371
373
374
379
379
379
380
382
382
381
381
382
385
385
385
385
385
387
387
387
387
387
388
388
388
388
386
387
387
387
387
390
390
390
390
391
391
391
394
394
389
389
390
394
394
393
393
393
391
782
782
772
755
740
730
721
721
711
699
691
688
682
677
677
676
672
667
665
661
656
654
635
626
610
598
594
598
601
601
601
599
599
599
599
599
598
598
597
597
597
597
602
598
598
598
597
597
597
595
595
596
596
596
596
596
596
596
596
596
596
595
595
595
174
174
204
217
230
253
257
263
264
279
286
293
297
306
310
312
323
328
330
339
349
359
368
374
378
380
378
378
378
382
382
382
382
383
383
384
384
385
386
386
385
385
385
385
385
386
387
387
387
387
387
387
391
391
389
380
389
389
389
389
389
389
389
389
782
782
782
774
762
753
741
733
727
719
716
711
710
707
702
701
695
695
695
693
687
684
681
678
673
671
661
656
655
649
637
624
619
607
605
605
605
602
599
599
602
602
602
601
601
601
602
602
601
601
598
598
599
599
599
599
599
599
599
599
598
597
597
597
168
168
183
203
217
227
240
241
250
257
265
271
277
278
283
291
291
298
303
309
309
310
318
324
329
336
344
353
360
366
372
375
375
378
379
379
380
381
380
380
380
382
383
383
383
383
384
384
384
384
384
384
384
385
385
385
386
386
384
384
386
386
386
386
782
782
782
782
771
761
750
744
737
735
722
720
721
720
712
708
708
706
700
700
698
692
691
689
685
682
678
677
673
668
665
663
655
646
639
627
620
613
609
607
606
604
603
603
602
602
601
601
601
601
597
597
599
604
599
601
600
601
600
599
599
599
599
599
164
164
177
189
203
214
221
232
240
247
253
261
267
270
282
283
283
290
290
294
300
304
308
308
310
320
322
332
332
336
351
356
362
368
373
374
377
377
377
377
381
381
381
381
383
383
382
382
383
383
384
383
384
384
385
385
385
384
385
385
385
385
385
385
782
782
782
782
775
767
763
750
747
735
730
722
717
717
716
708
707
707
705
702
701
699
696
691
691
688
684
683
677
676
671
663
662
657
657
647
640
632
622
615
610
601
610
606
606
606
605
605
603
602
601
601
601
601
601
594
594
601
601
601
600
599
599
600
160
160
189
192
198
209
217
225
232
242
254
261
261
270
270
270
279
283
289
289
293
299
302
307
307
311
313
318
325
325
333
338
346
353
353
358
368
368
372
376
378
379
379
380
380
380
380
381
381
383
383
383
383
383
384
384
384
384
384
384
384
383
384
384
716
716
695
676
620
605
601
600
600
600
599
599
598
597
598
597
598
597
598
597
597
597
597
597
598
597
597
597
596
597
597
597
597
597
597
596
597
595
596
596
596
596
596
596
596
596
596
597
594
597
595
595
595
595
595
595
595
595
596
594
596
594
594
594
202
202
227
253
271
284
295
297
313
320
332
345
364
372
374
377
377
377
380
377
380
380
384
384
381
381
381
382
372
382
383
383
382
382
382
383
383
383
383
383
383
383
383
382
382
382
384
384
384
384
384
384
384
383
383
382
385
383
385
385
385
385
385
385
771
771
753
748
737
729
722
711
703
703
689
685
685
677
673
664
664
663
623
621
614
611
611
609
608
608
608
605
605
605
603
606
603
604
603
603
602
602
602
601
602
602
602
601
601
601
601
601
601
601
599
599
598
598
600
600
600
584
584
597
600
598
599
599
191
191
203
229
239
252
263
272
280
288
294
299
305
314
321
335
343
349
356
365
367
372
374
374
374
376
376
378
377
378
377
378
379
379
391
379
380
379
380
380
381
380
381
380
381
380
380
380
381
381
381
381
382
382
382
381
382
380
382
382
382
382
382
383
780
780
763
761
755
739
719
715
710
710
704
700
690
690
690
681
672
664
664
657
649
639
630
623
618
616
612
612
612
610
608
607
607
606
605
605
605
606
604
604
604
603
604
604
606
606
604
602
602
602
600
600
600
600
601
602
601
602
601
602
602
602
602
599
190
190
210
224
236
245
248
245
264
278
284
289
296
307
307
317
317
318
333
339
350
359
361
368
373
373
373
373
373
375
374
377
374
378
376
378
377
377
377
379
380
380
380
380
380
379
380
380
380
380
380
381
381
381
381
381
382
382
382
381
382
382
382
382
782
782
771
765
750
744
734
732
722
722
715
704
703
697
692
687
684
677
673
665
653
646
646
636
629
627
618
617
614
613
614
613
610
609
608
608
608
607
607
607
607
608
608
605
604
604
604
604
605
603
604
603
601
601
602
603
602
603
602
603
602
602
602
600
192
192
207
224
233
247
250
262
264
275
277
285
289
295
300
305
311
316
323
330
337
344
352
355
355
355
370
372
375
374
374
374
375
376
375
376
375
377
377
377
378
377
379
377
380
377
380
377
380
380
380
380
380
380
381
382
381
382
380
381
381
381
382
382
783
783
769
759
752
740
732
732
723
722
713
708
703
694
694
696
696
683
678
670
669
659
653
647
637
629
624
621
615
614
612
611
611
610
609
609
609
608
607
608
606
607
606
606
606
605
605
605
605
605
605
604
605
604
605
603
603
603
603
602
602
602
602
602
187
187
205
219
230
247
247
257
260
260
264
280
283
284
289
299
305
310
318
326
328
333
343
349
356
362
366
369
371
372
372
374
378
378
375
375
375
376
376
377
378
378
378
378
380
380
380
379
379
378
380
380
380
381
380
380
379
379
379
381
380
380
380
381
733
733
709
695
676
650
624
613
610
610
606
606
605
604
604
602
602
602
602
602
601
602
601
601
601
601
601
601
601
602
602
600
600
599
599
599
599
599
598
599
599
599
596
596
598
598
598
598
595
595
598
598
599
598
598
598
598
598
598
598
598
597
597
597
222
222
235
253
264
268
281
290
298
308
314
334
335
343
354
367
371
367
368
368
373
375
375
382
392
392
376
376
375
375
377
378
378
378
376
376
378
378
378
378
378
379
379
379
379
379
381
381
379
379
380
380
379
379
380
381
400
381
378
378
379
379
379
381
760
760
753
746
735
724
712
697
681
681
678
669
663
658
652
632
626
620
615
615
614
614
611
609
607
607
607
607
607
608
607
604
604
604
604
605
605
606
606
605
603
602
602
604
604
604
602
602
602
602
601
600
601
601
601
602
599
605
601
601
600
600
601
601
230
230
235
243
260
268
269
279
286
286
295
313
320
329
337
346
346
354
363
364
369
370
370
370
370
373
375
375
374
374
374
373
373
375
376
376
376
376
376
378
378
378
376
376
377
377
377
380
380
378
378
378
378
378
378
380
376
379
378
379
379
379
379
379
766
766
757
756
742
732
722
714
705
696
696
689
675
667
659
654
645
639
630
624
623
616
614
614
611
611
611
609
605
607
607
608
608
605
605
605
605
605
601
601
600
604
604
604
603
603
603
603
601
601
603
603
603
602
602
603
603
603
608
608
602
601
601
601
222
222
235
244
248
259
267
276
280
286
294
304
321
340
340
336
336
339
349
358
369
369
373
373
370
370
370
375
375
376
376
376
374
374
374
375
376
379
379
378
378
377
377
378
379
379
382
382
378
378
377
377
378
378
382
382
382
380
378
378
379
380
380
380
767
767
761
750
744
733
721
711
709
699
696
680
669
669
659
652
645
642
637
631
626
620
614
611
611
613
613
610
610
609
609
606
606
608
608
608
606
605
605
605
604
604
604
606
604
604
601
601
601
602
601
602
602
602
603
600
600
600
600
600
600
602
602
601
223
223
234
240
246
258
269
269
277
290
300
303
303
309
326
340
341
348
351
357
363
366
369
371
372
372
372
372
372
372
377
377
376
376
377
377
377
379
379
379
379
379
377
377
377
380
380
381
381
380
380
379
379
382
382
381
381
381
381
381
380
380
384
384
763
763
756
751
746
737
727
722
713
701
693
687
681
676
667
659
650
644
638
630
625
621
618
615
614
612
611
611
610
609
607
607
607
607
607
606
606
606
605
605
605
603
603
603
603
602
602
602
606
606
602
602
602
602
602
601
600
600
600
601
601
601
601
606
221
221
233
241
254
264
266
270
278
287
293
300
309
311
320
333
338
338
350
356
360
364
368
368
350
350
374
378
378
375
375
375
376
378
378
378
378
378
378
377
378
379
380
380
380
380
380
381
381
380
380
382
382
381
381
381
382
382
381
381
383
383
382
382
698
698
690
662
632
624
611
611
603
602
602
600
600
600
599
599
598
598
598
597
584
584
598
599
598
598
598
600
600
601
600
601
603
604
605
605
605
607
608
608
611
611
611
611
611
612
614
614
614
613
611
611
612
612
613
612
611
611
613
613
613
613
613
613
229
229
237
266
278
278
284
288
297
297
297
305
307
318
352
356
362
368
368
372
375
373
374
373
374
373
373
373
373
373
372
371
371
371
371
370
369
370
369
369
365
368
368
368
367
367
368
368
368
367
367
367
367
368
374
368
367
367
367
367
368
368
367
366
761
761
748
725
711
709
701
697
692
689
686
678
669
643
630
627
621
616
616
616
612
611
609
609
609
610
610
608
607
607
609
610
610
609
609
609
612
612
612
614
614
615
615
616
617
618
618
618
618
618
619
619
619
617
617
617
620
620
620
620
618
618
620
620
216
216
227
247
269
278
278
301
275
286
286
289
293
296
300
300
310
338
351
353
364
365
366
368
370
371
371
371
370
370
370
371
370
370
370
370
369
369
369
369
368
366
366
368
368
367
365
355
365
367
367
367
367
366
366
366
366
367
367
366
366
366
366
367
769
769
763
752
730
716
704
701
701
701
701
695
693
687
678
665
652
637
631
629
620
620
620
617
617
616
613
613
614
614
613
613
613
613
613
613
613
613
613
613
613
613
613
613
612
613
614
615
615
616
616
616
617
617
617
618
618
618
618
619
619
619
619
617
210
210
215
229
249
266
275
282
282
282
284
285
289
294
295
295
299
321
331
340
357
358
358
362
365
365
365
366
368
368
368
368
368
368
368
368
368
369
369
369
369
370
370
369
368
369
368
369
368
368
367
368
368
368
368
367
367
367
367
367
367
367
366
366
772
772
763
763
745
729
717
711
707
705
697
696
696
692
692
681
668
659
648
629
627
623
624
623
623
621
620
619
618
618
618
618
618
617
616
615
615
615
616
616
616
614
614
615
615
614
614
614
615
615
616
616
615
615
616
616
617
617
616
616
617
619
630
619
208
208
217
237
244
247
269
279
282
286
286
288
290
293
293
299
314
315
324
335
343
350
356
358
358
362
363
363
364
365
365
368
368
366
365
365
367
367
368
367
368
368
369
369
370
368
368
368
368
368
368
368
368
367
367
367
367
367
366
366
366
362
366
365
775
775
763
754
753
737
723
714
711
703
700
699
698
697
690
689
680
646
646
646
640
640
629
627
625
624
624
624
622
619
618
618
620
621
621
619
617
617
618
618
616
615
615
615
622
622
619
616
615
615
615
616
616
616
616
616
616
616
617
624
624
618
617
618
208
208
208
221
231
250
256
272
280
284
284
289
291
296
298
298
300
313
327
336
340
347
350
357
358
359
359
360
361
361
362
363
363
364
365
365
365
367
366
366
366
365
365
366
367
368
368
365
365
367
367
368
367
366
366
366
367
367
367
367
366
366
366
363
