77
77
84
87
91
95
95
95
97
97
98
100
101
101
102
102
103
104
105
105
106
106
106
106
108
108
110
110
110
110
111
111
111
111
113
119
119
113
113
113
116
115
116
116
116
116
116
116
115
115
117
118
118
118
118
118
118
119
119
119
120
119
120
119
950
950
943
938
929
924
918
915
914
911
908
907
904
901
901
897
899
899
899
899
896
896
895
895
894
894
892
892
892
893
893
893
892
892
890
890
890
892
889
889
889
889
889
888
888
888
888
888
888
888
888
888
888
886
886
886
888
888
888
888
887
887
885
885
30
30
40
44
49
53
56
64
64
65
65
67
67
72
72
72
73
77
78
77
78
79
82
84
89
87
88
88
89
90
92
93
94
95
95
95
96
98
99
99
101
101
101
102
102
103
103
106
107
108
108
108
108
109
110
111
111
111
112
112
114
116
116
116
958
958
945
939
933
928
928
922
915
914
912
910
907
904
904
902
902
901
899
899
899
898
897
896
895
894
894
894
893
892
891
891
891
891
890
889
889
889
891
891
891
889
887
887
887
887
882
887
887
887
885
882
885
882
883
883
886
886
885
885
885
887
887
887
22
22
37
42
47
50
52
57
59
59
62
65
65
69
71
69
69
69
74
76
76
76
80
90
82
94
88
88
85
85
88
88
88
90
92
93
92
93
96
96
96
101
101
100
99
100
99
101
103
103
103
104
106
106
107
107
111
109
110
110
110
111
111
112
956
956
952
944
936
926
924
920
916
912
912
912
909
907
906
899
895
899
900
900
899
898
897
897
896
893
893
893
893
893
893
892
892
888
888
890
890
889
889
889
887
887
888
888
888
888
888
887
887
887
887
886
886
880
887
887
887
885
885
886
886
886
886
886
27
27
31
39
44
49
51
52
53
59
61
67
71
68
69
69
70
73
74
74
74
75
77
79
80
80
81
82
82
82
83
85
87
89
90
90
92
92
93
93
93
95
96
96
95
95
95
100
102
103
103
104
105
105
105
106
107
107
108
109
109
109
109
110
960
960
944
937
936
927
924
919
914
914
914
909
908
907
904
903
904
903
900
899
899
899
899
896
896
895
894
894
894
892
892
892
891
891
891
892
890
889
889
889
888
888
885
885
887
887
887
887
887
887
886
886
886
886
886
885
884
884
884
884
888
886
886
885
29
29
35
39
45
49
51
54
55
59
59
64
64
65
65
69
70
71
71
76
76
76
77
77
80
80
80
84
84
84
84
84
86
87
88
89
94
94
93
93
91
93
93
93
95
99
100
100
101
102
102
102
103
104
105
106
106
106
107
107
107
108
107
109
955
955
945
937
931
927
923
917
916
914
913
912
907
907
907
906
903
902
900
899
898
898
896
895
896
895
895
893
893
892
892
892
892
892
892
892
889
889
889
888
888
888
888
888
888
887
887
886
884
885
885
885
885
885
885
885
885
885
886
885
886
885
888
885
27
27
36
41
45
51
54
54
55
55
59
61
63
66
68
72
72
72
71
71
71
73
77
78
78
84
84
82
82
83
83
84
86
86
88
89
94
94
92
92
94
95
95
96
96
97
97
97
100
100
101
101
102
102
103
104
105
105
108
108
108
108
108
108
904
904
897
896
894
887
885
884
884
884
883
883
883
882
881
881
881
880
880
880
880
879
880
879
878
869
869
873
873
878
878
878
878
877
877
876
876
876
876
876
876
876
875
875
875
875
875
876
875
875
875
875
875
874
875
874
874
871
871
874
874
874
874
874
44
44
49
49
49
55
55
60
64
64
64
67
67
69
69
72
72
73
76
78
78
78
80
80
82
83
85
88
88
88
89
91
92
93
94
94
95
96
98
99
101
101
113
111
111
110
108
110
115
115
115
117
119
122
124
125
127
127
130
132
132
135
135
140
922
922
916
906
904
903
900
899
896
896
896
893
891
891
891
891
887
884
885
884
884
883
884
883
883
882
882
881
881
880
880
880
879
879
878
878
877
877
877
877
876
876
875
875
875
875
875
874
875
871
871
871
871
873
873
872
872
872
872
870
870
872
872
866
44
44
48
55
57
57
62
63
63
64
67
68
68
68
67
67
74
75
75
84
84
80
80
80
83
84
87
88
87
88
86
90
93
94
95
96
99
99
99
102
103
104
105
107
107
111
114
115
117
117
120
121
123
127
127
131
142
140
141
140
141
142
144
144
927
927
917
911
907
905
902
900
897
897
895
893
893
893
891
891
891
889
888
887
888
888
888
888
885
888
885
882
882
882
882
881
880
878
878
878
879
878
878
878
877
877
876
876
876
875
875
875
874
875
876
876
873
873
873
874
872
872
872
872
872
872
872
869
49
49
52
55
55
59
61
61
63
64
65
67
67
69
71
71
72
73
75
75
74
74
79
79
81
86
86
87
87
88
91
91
91
93
94
97
100
99
99
99
103
106
107
106
107
107
113
113
117
119
124
124
124
129
130
130
136
136
137
140
140
141
146
147
927
927
926
912
908
908
903
901
899
896
894
894
894
893
892
891
891
890
889
888
887
887
887
886
886
886
885
884
883
882
880
881
880
880
880
880
880
880
879
879
879
877
876
876
876
876
876
876
876
875
875
875
873
873
873
872
872
871
872
871
871
871
870
870
42
42
46
51
57
62
61
65
63
65
65
68
67
70
70
70
71
72
75
75
75
76
76
76
76
82
85
86
86
87
89
90
91
93
95
95
98
98
99
102
104
106
104
108
108
108
110
114
117
121
123
121
123
128
129
131
134
136
139
141
143
144
147
148
925
925
920
918
911
909
905
900
898
897
896
895
893
893
892
892
892
891
883
883
886
886
886
883
885
884
885
884
884
882
882
882
882
881
880
880
880
878
878
878
877
877
877
876
876
875
868
868
873
873
873
872
872
872
871
871
871
870
870
861
861
861
872
872
42
42
47
50
51
55
56
57
61
64
65
65
67
67
69
71
71
71
79
79
76
76
79
80
82
83
83
84
87
84
87
93
96
96
95
95
95
97
99
99
100
103
105
106
111
114
111
114
117
119
121
126
126
127
129
133
137
137
139
143
143
143
145
150
901
901
896
894
889
885
885
882
880
878
877
873
873
871
869
868
868
867
866
866
865
864
864
863
863
862
862
862
859
859
857
856
855
853
853
853
853
851
849
848
846
846
839
839
839
837
836
835
832
831
829
825
824
820
817
814
814
807
805
802
799
797
794
789
46
46
53
56
60
63
63
64
65
65
68
71
71
74
74
75
76
79
84
81
83
83
84
86
87
88
88
92
92
94
95
97
103
105
105
105
108
109
110
112
113
114
116
118
118
120
124
126
128
129
131
137
137
148
151
152
158
163
167
172
175
175
180
182
920
920
912
910
906
903
900
898
895
895
892
891
890
888
887
885
883
881
881
881
881
879
878
876
875
874
874
872
871
869
867
866
866
861
861
859
857
855
855
851
844
840
840
835
831
826
820
814
808
801
799
795
795
791
789
787
787
785
783
783
784
784
783
782
44
44
50
54
56
56
56
60
63
64
65
67
70
71
73
73
75
75
79
86
82
82
82
82
84
85
87
87
90
94
98
105
102
104
104
105
107
109
111
114
116
116
119
120
123
125
128
136
139
145
152
159
169
173
173
179
181
181
184
185
187
189
190
191
926
926
917
912
912
906
904
901
901
898
896
892
891
891
888
886
886
884
884
881
880
879
878
875
875
875
875
870
869
867
864
862
864
862
857
849
847
846
840
835
829
823
817
809
802
794
793
789
789
789
787
784
784
783
781
781
781
782
781
781
780
780
780
780
43
43
49
53
55
57
57
57
61
63
65
67
67
67
67
67
72
73
74
78
78
80
80
81
84
87
87
88
92
95
96
97
97
97
107
110
110
112
114
116
116
118
129
131
136
144
152
161
164
170
177
177
182
182
185
189
190
190
192
195
195
195
196
199
931
931
919
908
906
906
906
899
899
899
895
893
892
890
888
886
884
884
882
882
878
878
877
874
874
874
870
869
867
863
862
859
853
853
851
844
839
833
826
818
811
804
800
795
791
790
788
785
781
778
776
776
781
781
781
781
780
780
780
781
781
780
779
779
42
42
48
52
56
58
58
60
62
63
66
67
67
67
68
71
74
74
75
79
80
81
84
84
88
90
90
92
95
95
98
102
104
105
108
111
114
117
119
122
126
133
140
149
153
164
168
175
179
180
183
185
188
190
191
193
196
198
199
200
208
204
204
204
931
931
921
914
910
905
903
903
902
900
894
892
891
891
889
886
884
883
881
879
877
879
877
875
872
870
868
866
865
859
859
858
850
846
840
835
828
820
805
803
801
793
785
787
787
787
783
775
776
776
780
782
780
780
779
779
779
780
780
779
779
779
779
779
41
41
47
51
54
57
58
60
64
64
65
65
67
70
71
73
76
76
78
79
80
83
86
87
87
88
91
92
99
100
102
104
107
107
113
113
114
123
128
135
136
147
151
160
165
172
181
188
188
188
189
192
192
192
196
196
197
200
202
208
209
209
208
208
904
904
892
885
879
872
863
850
831
803
789
782
780
780
779
778
778
778
777
777
777
776
769
771
771
773
773
773
773
772
772
772
770
768
768
769
769
769
769
768
767
767
767
767
767
766
765
765
765
764
764
762
761
760
759
759
759
755
754
754
754
753
749
749
31
31
55
60
64
70
75
80
84
88
89
97
101
101
103
106
109
113
116
124
128
128
133
138
142
147
153
157
167
180
191
205
209
209
212
212
216
216
217
218
221
221
221
221
223
223
223
224
225
226
228
229
233
234
236
239
241
244
244
245
247
255
264
255
917
917
908
898
891
890
886
883
880
877
874
871
871
869
869
860
859
860
859
856
852
851
846
843
838
832
824
815
807
791
786
786
779
776
774
772
769
761
767
765
765
765
764
761
760
760
760
757
755
754
751
749
749
748
748
746
743
742
741
741
740
737
737
736
33
33
47
47
65
65
72
74
76
79
83
84
89
92
94
97
102
105
108
112
115
126
127
132
136
138
144
147
150
160
160
176
170
173
173
182
188
198
203
210
215
218
220
222
224
225
225
226
226
226
226
227
229
230
230
231
232
237
241
244
245
246
251
251
924
924
910
900
900
900
894
888
887
880
878
878
875
871
869
869
868
868
864
864
863
859
857
855
852
849
844
839
829
823
821
814
796
787
783
782
779
776
771
767
765
763
763
762
760
759
756
754
753
751
748
747
746
743
743
741
739
738
736
735
734
734
734
732
31
31
50
56
60
63
67
71
72
74
79
81
83
86
89
95
100
95
100
110
113
117
130
128
130
136
137
144
149
158
151
155
155
168
169
176
180
186
195
200
208
212
216
216
217
222
222
224
224
226
226
226
227
228
228
227
227
233
234
238
244
244
246
247
929
929
907
906
901
900
894
891
889
886
881
879
878
876
873
872
870
868
866
864
864
862
858
855
855
854
848
843
837
832
828
818
807
799
790
783
779
773
770
767
766
763
761
760
754
754
752
752
750
747
746
746
744
742
740
739
738
735
734
733
733
732
730
730
37
37
48
55
62
64
64
69
69
74
75
75
81
81
81
88
91
97
100
106
114
119
128
131
133
135
137
143
147
150
154
156
161
164
168
170
171
186
194
201
206
210
216
219
219
220
220
220
222
223
224
224
225
225
226
227
228
229
232
233
238
240
241
243
932
932
913
908
904
899
898
896
896
891
886
885
880
880
879
877
874
871
871
871
866
865
862
859
858
848
843
843
838
831
819
816
806
798
787
784
771
771
768
766
765
763
760
760
758
755
755
755
755
753
747
747
744
743
741
740
739
737
736
734
734
733
731
731
36
36
47
54
55
58
65
67
68
71
75
78
78
84
88
90
91
97
101
103
111
117
121
125
127
133
136
139
140
145
147
153
155
157
159
171
181
184
192
198
200
201
210
211
215
216
216
219
219
220
220
221
222
223
224
224
224
225
229
232
233
238
239
242
