162
191
211
223
229
239
247
253
256
260
262
269
270
271
272
275
275
275
277
278
279
283
283
283
283
289
289
284
284
284
285
285
286
286
286
287
287
288
288
288
289
288
290
290
291
291
292
291
291
291
293
293
293
293
293
293
294
294
294
295
293
294
294
294
968
968
925
904
886
874
864
854
844
838
832
825
819
812
806
799
798
788
784
778
770
767
760
755
749
745
741
736
727
726
726
721
717
715
708
706
706
703
703
699
698
695
694
693
692
688
687
686
684
684
681
681
681
681
680
679
679
676
673
672
672
672
673
673
0
0
32
66
91
109
124
132
157
157
164
170
177
183
191
199
205
210
216
221
227
230
235
238
247
247
247
253
256
258
261
262
264
266
266
267
270
273
273
274
274
276
276
278
278
278
278
278
278
279
280
281
281
281
281
282
282
282
283
286
286
294
285
285
976
976
944
923
904
878
872
860
859
852
844
837
829
822
816
808
801
796
790
785
775
772
766
755
753
753
746
742
736
734
728
723
718
716
712
710
706
703
699
699
697
694
692
689
688
686
684
684
683
682
681
681
680
679
676
663
675
674
675
674
674
673
673
672
0
0
23
55
79
99
114
123
136
136
153
162
167
171
180
186
191
198
204
209
213
219
219
225
233
237
237
241
241
246
246
249
254
255
255
255
259
262
264
266
266
267
268
269
271
271
271
273
273
274
275
275
275
276
276
276
277
277
277
278
277
278
279
280
980
980
946
926
901
897
885
877
863
857
850
840
832
826
817
812
804
798
795
788
787
777
768
763
758
753
748
742
739
733
732
728
722
720
720
710
709
707
704
701
698
694
693
692
689
674
687
683
684
683
681
681
679
679
679
677
676
676
675
674
673
673
673
673
0
0
23
52
71
91
110
122
132
142
150
157
169
171
179
185
188
193
198
201
208
209
215
219
226
229
229
232
238
240
240
243
244
247
248
248
253
260
260
260
260
260
260
263
265
267
269
269
269
270
274
272
272
272
273
274
274
275
276
277
278
278
278
278
975
975
941
924
910
895
885
878
867
857
850
839
824
818
815
804
803
804
796
785
779
774
768
763
760
755
748
746
740
735
732
729
725
721
718
711
711
707
705
703
701
699
695
692
691
690
689
688
686
685
684
680
679
679
679
679
689
678
677
675
675
673
672
669
0
0
27
59
72
91
107
122
131
141
149
156
162
172
175
187
189
191
196
201
202
208
213
213
220
222
227
229
232
234
236
239
241
242
247
249
249
249
251
251
253
258
260
261
263
265
265
265
267
268
270
275
270
271
271
272
272
272
272
275
275
275
275
275
975
975
947
926
910
899
887
870
867
855
847
839
827
822
816
808
797
790
783
783
778
772
768
763
757
756
749
744
742
735
732
731
723
722
718
716
711
710
707
706
703
703
698
698
695
693
693
689
686
684
683
683
682
682
682
679
678
679
678
678
675
675
674
674
0
0
23
53
76
92
106
119
127
141
150
156
162
171
175
180
186
191
193
198
204
207
212
214
217
221
223
224
231
232
236
237
239
242
244
245
248
249
252
256
256
257
259
260
262
263
263
266
269
269
269
269
269
269
270
271
271
273
273
274
274
281
279
279
805
805
761
731
706
690
679
674
671
666
665
665
665
665
665
665
665
661
661
662
666
666
666
667
667
667
668
669
669
669
669
669
669
669
670
670
671
671
671
671
672
672
672
672
673
674
674
674
675
676
675
676
676
676
676
676
672
672
680
680
678
678
678
679
112
112
117
127
136
145
150
158
160
161
167
171
173
183
187
193
201
207
218
224
230
236
245
249
249
251
258
258
259
264
266
266
267
271
271
271
271
275
277
277
275
275
279
282
289
284
284
284
284
286
286
287
287
287
287
288
288
288
289
290
291
291
291
291
918
918
908
890
873
857
837
831
822
815
806
800
790
784
777
771
768
761
758
751
747
744
743
743
738
736
732
729
728
725
724
719
714
708
708
709
710
710
707
707
707
706
706
706
703
703
703
703
702
703
703
703
701
701
708
708
700
700
700
699
700
699
699
699
96
96
107
121
129
137
145
149
151
167
169
170
174
179
189
189
194
197
201
204
211
211
211
218
223
226
230
234
235
240
244
247
250
256
256
257
263
265
268
269
272
273
274
275
278
280
283
282
283
284
286
286
286
286
286
288
288
290
291
292
292
292
292
292
919
919
907
894
884
864
843
840
830
822
816
816
803
796
790
787
776
773
773
767
765
756
754
753
753
750
748
745
743
736
734
734
730
729
727
725
724
721
718
717
714
711
710
709
710
709
707
704
705
704
703
703
702
702
701
701
701
700
700
699
697
697
699
699
101
101
110
120
129
135
144
151
155
161
164
170
171
176
176
186
188
192
193
197
201
207
209
209
212
215
218
223
225
228
231
235
235
240
244
247
247
251
255
261
261
264
268
268
270
274
274
277
278
278
278
279
280
284
287
288
287
287
287
289
291
291
292
292
918
918
904
891
882
860
850
839
832
824
818
811
807
799
794
793
785
780
779
776
772
765
765
763
758
755
753
749
747
744
742
739
737
735
732
724
724
723
723
721
720
718
715
715
714
712
709
707
707
705
702
702
702
701
700
700
699
699
699
698
698
698
698
698
91
91
109
120
127
137
145
150
157
160
164
170
174
177
178
186
187
190
196
196
197
203
204
208
209
212
213
218
220
223
226
229
232
235
235
239
242
242
248
251
253
255
262
267
269
269
269
273
274
275
278
278
279
280
285
285
285
285
286
287
288
290
290
291
920
920
898
890
876
862
847
839
829
825
822
821
807
802
798
793
789
785
780
776
770
770
767
766
761
755
751
751
748
747
744
742
739
735
734
734
730
728
728
726
721
720
718
715
711
712
710
710
707
710
707
707
704
703
702
701
701
700
699
699
698
699
698
701
102
102
110
115
130
139
146
150
156
159
168
172
173
176
183
185
190
198
198
200
200
204
207
208
209
213
214
216
219
219
219
226
229
229
230
237
237
239
241
245
252
256
256
261
265
266
267
268
270
277
277
277
278
278
278
282
284
284
287
289
287
289
289
290
841
841
801
793
780
766
752
743
736
726
717
713
701
699
698
698
697
696
696
696
697
695
697
695
696
696
697
697
697
696
695
695
696
698
698
698
697
697
696
696
696
696
696
698
698
697
696
696
696
697
697
697
697
696
697
697
697
697
697
697
697
697
697
697
100
100
116
128
134
155
160
161
171
174
180
189
193
195
195
197
201
203
209
217
217
220
221
224
228
231
231
231
238
239
244
250
253
258
270
271
275
279
282
282
283
288
289
296
296
297
295
295
294
294
294
295
295
295
294
291
291
293
294
294
295
295
295
296
912
912
895
884
870
852
842
830
824
816
798
792
792
784
783
779
772
764
758
755
753
749
748
748
746
741
736
731
727
727
727
720
718
717
713
711
709
706
704
704
703
703
703
698
698
697
698
699
699
696
695
695
696
696
696
695
695
693
694
693
693
693
693
693
108
108
124
136
151
153
160
168
176
183
186
192
195
198
199
201
205
206
205
206
210
211
212
212
213
216
218
219
221
221
225
227
231
234
237
243
248
256
269
269
274
279
281
283
285
284
284
284
287
287
288
289
289
289
289
289
298
298
293
293
295
296
296
296
912
912
899
885
875
856
843
832
823
819
813
806
800
794
789
783
776
771
768
765
761
754
753
748
747
746
743
741
735
735
732
730
730
724
722
719
715
709
710
709
705
703
701
700
698
694
693
693
689
689
687
690
690
691
691
688
688
688
687
687
687
687
685
686
108
108
125
132
140
152
159
165
171
177
182
186
190
194
196
197
199
202
204
206
206
206
206
211
211
211
213
218
216
218
220
220
223
226
229
232
236
243
248
257
263
267
273
277
278
280
284
284
284
284
284
285
285
285
284
286
288
290
290
290
294
293
294
293
916
916
904
886
870
852
840
835
826
820
817
807
796
793
792
789
783
777
774
768
765
760
756
754
751
750
745
740
740
737
736
733
733
728
726
724
721
720
718
714
713
709
706
703
701
697
693
693
693
693
693
690
690
690
690
692
690
689
689
689
689
686
688
688
104
104
116
131
135
145
147
162
166
174
175
186
190
190
192
195
197
199
200
201
203
205
205
207
208
208
210
212
212
213
217
219
219
219
226
229
234
241
247
259
264
271
272
279
279
279
282
284
284
283
283
282
283
283
286
286
288
292
288
288
288
291
292
291
915
915
899
883
869
851
839
831
826
821
815
812
804
803
795
791
783
781
780
770
766
764
759
755
753
752
747
744
742
738
737
735
735
730
725
724
724
721
721
720
715
714
711
708
706
703
700
698
696
693
693
693
693
692
691
691
690
690
690
690
690
690
690
690
103
103
118
127
137
147
151
158
163
171
179
184
184
192
193
193
194
196
199
200
200
201
205
205
207
207
207
209
210
211
214
214
224
224
228
228
230
236
241
246
260
261
267
271
274
275
277
277
282
282
282
283
283
284
285
286
285
288
288
288
291
293
293
294
832
832
799
792
771
755
747
736
725
722
708
703
694
691
694
691
690
688
689
689
690
690
690
688
690
692
692
692
689
689
693
694
694
694
694
695
695
695
695
695
697
696
697
697
697
697
697
698
699
699
699
698
698
698
699
699
700
700
700
698
698
700
701
701
115
115
124
131
143
148
151
158
162
168
174
178
182
189
192
195
200
200
205
209
209
216
218
218
219
220
231
234
237
249
256
263
268
274
279
282
281
282
282
288
288
289
291
291
293
295
299
299
300
300
301
303
303
303
303
303
304
304
305
306
312
306
306
306
896
896
876
858
843
835
827
820
813
800
789
789
783
776
770
766
761
757
755
749
746
743
740
737
733
733
729
724
720
707
706
706
702
700
699
699
698
700
698
698
698
698
699
701
701
701
701
701
701
698
697
697
697
701
701
701
702
702
702
701
701
700
700
699
86
86
100
108
120
126
131
135
148
152
152
156
163
169
181
183
185
190
196
201
201
204
206
206
207
208
207
212
214
215
216
223
224
235
243
249
257
262
270
270
272
275
275
276
282
284
286
286
286
289
295
295
295
303
303
303
303
304
304
303
303
306
306
305
911
911
883
864
852
844
843
833
827
818
810
805
803
791
785
779
774
769
763
760
758
753
751
747
742
742
740
737
734
731
724
723
718
715
715
702
702
697
695
695
695
695
697
697
697
697
701
701
699
699
699
699
699
699
699
699
698
697
697
697
697
696
696
696
78
78
87
100
111
113
125
132
141
143
155
160
167
176
180
187
190
192
196
196
198
202
206
206
206
208
209
211
211
212
218
218
219
219
226
231
241
248
256
259
269
269
271
274
275
277
278
280
283
286
287
287
292
293
293
297
299
299
300
300
302
302
304
305
908
908
887
873
854
851
843
837
828
823
814
808
803
795
789
788
778
774
772
767
767
764
756
753
749
748
747
741
741
740
735
730
725
718
712
707
702
699
695
695
693
693
694
694
694
693
693
691
695
695
697
697
697
697
697
693
693
696
696
696
695
695
694
694
73
73
87
99
107
117
135
137
143
151
159
163
169
178
181
183
191
194
195
198
199
200
205
205
207
207
208
209
211
211
216
217
218
223
225
229
238
242
250
260
263
267
272
274
276
277
279
280
281
283
285
288
288
293
298
296
296
296
297
301
301
301
303
304
915
915
893
872
853
849
845
839
828
820
815
809
804
794
790
787
781
775
772
770
767
763
763
754
752
749
748
746
742
738
736
732
731
710
709
709
704
699
697
697
696
695
691
690
690
693
693
693
693
695
695
695
688
688
695
696
697
697
697
695
695
695
694
694
71
71
83
97
108
118
125
135
143
149
157
164
171
176
178
185
189
191
194
195
195
200
203
206
207
207
211
211
211
214
214
214
219
221
224
227
239
240
249
256
263
272
272
276
277
278
280
282
283
285
285
287
288
288
290
293
295
298
298
300
299
302
300
302
