142
176
192
211
215
220
224
233
236
239
243
243
247
247
248
249
249
250
251
251
254
264
256
256
255
255
257
258
258
258
258
259
259
259
259
259
259
260
265
261
261
260
260
262
263
263
263
263
263
263
263
264
264
264
265
265
265
264
265
265
265
265
265
265
956
956
923
904
885
872
862
853
848
834
820
816
812
795
794
788
783
777
773
771
763
761
758
756
755
751
745
744
744
743
740
730
738
738
738
735
734
734
733
733
733
732
732
731
732
731
729
728
728
728
728
727
727
727
728
728
727
725
725
725
725
725
725
727
30
30
52
74
79
105
118
128
137
150
151
155
160
171
177
177
184
188
192
198
203
211
216
216
220
222
225
230
233
230
236
236
238
238
242
244
246
246
247
247
247
249
251
252
253
253
254
254
255
256
256
256
256
256
256
258
259
259
259
260
260
260
260
260
968
968
942
923
908
897
890
870
867
855
853
844
835
826
823
810
805
790
787
784
779
774
769
766
761
755
752
752
752
750
747
745
743
742
739
738
737
737
737
734
736
734
734
733
732
732
732
732
731
730
729
729
729
730
730
730
729
729
729
729
728
728
728
728
24
24
49
70
99
99
111
123
131
137
143
152
154
159
164
169
173
177
182
184
190
191
197
202
204
208
208
215
215
220
221
225
225
230
232
234
240
240
241
241
243
246
247
246
247
248
249
249
249
251
252
253
257
257
256
256
256
256
256
257
258
258
258
259
970
970
944
936
917
906
895
890
880
870
867
852
848
834
826
819
812
807
800
795
790
783
777
777
774
770
768
768
764
755
753
753
752
750
747
745
744
744
743
739
739
739
739
733
733
732
732
732
731
730
730
729
729
729
728
728
727
727
727
727
726
725
725
725
22
22
49
69
79
97
116
120
130
135
142
147
147
157
164
170
173
174
179
186
189
193
195
193
196
196
202
196
208
195
214
218
220
222
226
229
229
229
232
234
235
237
240
241
242
246
246
246
244
248
249
251
252
252
253
253
253
255
255
255
256
256
257
257
969
969
937
932
913
905
898
891
881
872
863
854
846
835
820
818
814
808
803
798
794
789
784
781
778
774
772
768
766
763
760
758
754
750
752
748
748
747
745
744
743
740
740
740
737
735
735
734
733
732
732
730
730
729
727
727
727
727
726
728
726
722
722
725
21
21
39
67
85
104
111
120
132
136
141
148
155
156
164
168
168
172
177
183
185
187
192
193
197
201
205
205
205
211
215
217
217
219
220
223
225
226
227
231
232
235
235
237
239
239
241
243
245
246
247
249
250
249
250
252
252
258
251
253
253
255
256
257
972
972
949
929
912
907
898
890
881
872
864
853
844
835
828
814
810
804
799
799
793
790
785
782
779
775
772
770
767
766
763
758
756
756
753
747
747
747
747
746
744
743
741
738
732
735
735
735
732
732
732
730
730
729
728
728
727
725
724
725
724
724
724
723
24
24
48
70
95
98
103
120
123
135
135
143
146
152
159
164
168
168
172
179
181
187
192
195
196
198
203
203
205
208
211
212
214
217
219
220
229
226
228
228
230
230
235
237
237
237
240
240
244
244
245
247
248
248
249
250
251
251
253
253
253
255
255
256
822
822
782
760
745
736
728
723
721
719
718
719
718
709
709
717
719
720
720
720
720
720
715
715
721
722
722
722
722
724
724
724
724
724
724
724
724
724
724
725
725
725
725
725
725
725
725
725
723
723
725
725
725
724
724
724
724
724
724
724
723
723
723
723
89
89
111
124
132
139
144
164
167
169
169
169
172
177
181
183
188
192
195
197
203
207
214
215
218
224
229
233
237
241
245
252
252
252
255
256
256
259
259
261
261
261
263
264
265
265
265
266
266
267
267
268
268
268
268
267
269
269
270
270
270
271
271
269
910
910
900
892
873
864
857
837
832
820
816
816
808
800
797
797
794
787
784
784
781
775
772
769
765
761
760
755
751
749
748
742
734
738
736
736
733
731
729
727
726
726
724
722
720
720
720
720
716
715
714
714
713
712
712
712
712
712
711
701
701
710
710
710
79
79
100
106
124
137
145
145
152
157
162
167
173
175
178
180
185
190
194
196
199
199
201
207
209
214
217
221
224
228
233
234
239
245
246
247
260
260
255
255
256
260
260
260
261
261
261
264
265
265
266
267
267
267
267
267
268
268
270
270
270
271
271
271
910
910
898
883
872
857
847
839
835
827
821
820
816
807
804
807
804
800
800
793
790
787
783
781
780
776
772
769
766
765
759
757
754
751
748
745
739
738
738
736
736
730
726
723
723
722
720
718
718
714
714
713
710
710
710
710
710
709
709
708
708
708
710
708
81
81
96
108
118
127
140
145
145
151
152
159
164
169
173
178
178
181
187
190
191
196
197
200
202
204
207
211
211
214
217
221
224
224
225
234
238
240
243
244
248
250
254
255
258
259
259
260
260
263
264
264
265
266
267
267
268
268
268
269
269
270
271
272
909
909
897
886
874
860
854
842
836
828
826
822
818
811
808
808
808
806
800
798
793
790
788
784
784
778
776
773
769
768
768
760
759
756
753
750
748
743
741
741
737
735
732
727
726
724
720
719
717
715
714
714
712
711
710
709
709
709
709
709
705
705
707
707
88
88
93
114
115
121
130
137
139
145
158
169
165
170
170
173
176
179
180
186
188
191
192
196
198
200
202
205
207
211
211
213
215
218
219
224
225
231
234
236
240
242
246
248
252
253
254
257
261
261
261
261
262
264
265
265
265
267
267
269
269
269
267
267
912
912
891
886
875
864
854
845
835
833
829
828
822
820
814
811
793
793
798
798
794
791
790
785
783
780
775
774
771
768
764
764
761
760
757
752
751
748
737
737
737
737
735
732
726
723
723
720
719
717
713
711
710
710
710
710
709
709
708
708
707
707
707
706
82
82
94
112
113
120
134
138
138
145
149
171
171
170
167
167
173
175
192
198
192
189
189
193
196
198
202
202
202
205
208
212
212
214
215
217
222
224
227
231
233
239
239
243
244
249
250
251
254
255
256
258
259
259
263
264
265
265
267
268
268
269
269
269
847
847
826
811
797
785
775
766
760
745
735
722
715
710
706
705
706
703
703
703
703
701
701
701
700
701
701
701
697
697
700
701
701
701
701
701
701
702
702
702
702
703
703
703
703
703
703
704
704
704
704
705
706
706
706
706
705
705
705
705
705
705
706
707
87
87
101
115
127
141
144
150
156
160
165
169
171
175
177
182
186
188
190
193
196
199
203
207
209
214
217
222
225
226
230
235
239
243
247
247
251
255
255
260
260
262
264
266
266
263
263
270
270
270
270
271
272
272
272
272
272
272
274
275
275
274
273
274
907
907
887
875
868
860
855
848
844
840
836
832
822
817
812
805
800
796
793
786
782
777
772
765
761
761
757
753
750
746
742
735
732
732
728
725
725
723
717
713
713
713
711
709
708
707
707
705
705
705
703
703
703
702
702
701
701
701
701
701
701
701
700
700
78
78
95
100
105
107
118
125
131
137
145
151
153
160
162
167
170
174
177
181
185
188
191
191
201
205
216
216
214
214
218
219
225
229
234
242
243
246
251
251
257
259
259
260
265
266
266
267
268
268
269
269
270
272
272
272
272
273
274
275
275
276
276
276
906
906
896
880
865
862
862
857
846
846
841
836
832
827
823
819
812
801
800
800
790
786
786
783
777
771
762
762
760
757
755
751
746
742
740
736
730
728
726
719
715
710
712
709
709
708
707
705
705
705
704
703
703
703
701
701
701
699
699
699
698
698
698
698
71
71
81
89
95
101
110
118
123
129
139
148
148
155
158
161
165
167
169
175
179
179
185
192
195
195
198
203
204
214
218
218
221
221
225
228
231
235
241
244
248
253
254
256
258
260
263
264
264
268
268
269
269
269
271
271
272
273
273
274
274
275
275
276
908
908
893
875
874
874
874
858
854
854
846
841
836
831
823
818
818
814
810
804
803
798
793
792
788
783
780
778
774
768
768
759
755
751
746
742
737
733
729
726
724
719
716
712
702
709
707
709
707
705
705
704
703
702
700
701
700
700
700
699
698
698
698
697
71
71
75
83
90
92
102
116
118
125
132
142
144
150
157
161
161
165
172
176
176
179
183
187
190
191
191
197
205
213
212
215
215
217
220
223
228
237
240
241
247
249
250
253
256
257
258
262
262
264
264
266
268
269
270
276
276
273
273
273
274
275
275
275
905
905
891
885
889
885
875
871
870
856
851
845
839
834
829
824
820
819
812
812
806
800
799
790
789
782
782
779
775
772
767
763
757
755
750
746
741
741
734
729
724
722
720
716
714
711
708
708
708
705
705
703
703
703
701
701
701
700
699
699
698
698
698
698
63
63
72
79
79
91
99
105
120
121
121
124
135
145
155
157
157
163
165
168
172
175
179
186
186
186
193
195
199
205
208
208
212
218
222
225
227
243
243
241
241
244
250
253
253
257
258
258
263
265
265
266
267
269
269
271
271
272
272
274
274
274
275
275
874
874
850
827
808
800
784
770
751
733
720
710
705
699
697
696
696
694
693
692
691
691
690
690
689
688
688
687
687
688
689
689
689
690
690
690
691
691
694
691
692
692
693
693
694
695
695
696
695
696
697
697
697
691
691
699
700
701
701
701
696
696
704
704
68
68
81
88
104
112
120
127
132
139
142
147
160
161
170
183
187
187
195
196
203
205
208
218
224
224
231
237
242
246
252
254
254
257
258
259
263
263
264
266
267
268
269
269
270
271
272
271
272
272
273
273
273
274
274
274
275
275
275
275
275
275
275
275
900
900
891
882
880
860
850
844
835
829
828
827
824
824
821
812
808
803
800
793
787
782
774
766
758
749
743
737
732
730
725
722
717
716
714
712
708
712
708
705
703
702
699
699
699
699
697
697
697
697
696
696
697
697
696
696
696
696
696
697
698
698
698
698
61
61
67
85
86
91
97
103
109
115
118
125
130
136
142
151
167
173
173
178
183
189
191
195
196
198
203
208
213
219
225
232
235
235
240
247
249
251
251
254
257
259
260
262
265
265
265
265
267
267
268
270
271
271
271
271
271
271
272
273
273
273
274
274
903
903
896
889
881
873
861
854
850
846
844
844
844
834
832
828
825
824
817
816
814
810
808
798
792
783
775
768
763
758
748
745
739
734
732
730
727
724
721
719
717
713
712
708
705
704
702
700
698
697
696
696
695
694
692
692
690
692
692
692
691
691
691
690
60
60
72
79
87
92
94
97
104
113
120
126
133
147
148
148
158
163
163
169
169
176
178
182
184
189
191
191
201
207
213
218
223
226
229
235
236
239
239
245
247
250
254
256
258
259
262
262
266
266
269
269
267
266
266
269
269
269
270
271
271
270
268
268
906
906
899
891
885
874
867
859
853
845
845
845
839
838
836
833
832
828
829
828
826
820
817
815
811
806
793
791
786
774
772
764
757
750
744
739
735
732
730
727
723
722
718
718
717
712
709
707
705
704
702
701
699
697
697
697
695
694
694
693
693
693
693
693
54
54
55
69
75
88
88
93
99
113
119
123
131
137
141
153
156
156
159
164
166
170
173
174
179
184
188
191
192
199
204
209
213
219
226
226
229
232
234
235
239
243
246
248
251
254
256
257
262
263
263
265
266
266
266
267
267
267
267
268
268
268
268
268
896
900
896
891
887
879
869
860
855
855
850
844
844
843
840
835
835
832
832
830
827
827
822
819
817
816
812
803
798
795
784
772
769
762
758
751
740
739
736
734
732
730
727
725
723
720
720
720
713
709
709
709
705
705
702
701
700
700
698
697
696
696
692
692
57
57
59
64
72
75
82
87
95
104
114
122
122
131
137
144
144
151
153
158
160
165
169
169
176
179
179
183
189
191
203
207
207
215
219
226
227
227
231
231
232
238
241
244
246
250
256
257
257
259
260
262
262
262
263
263
264
264
264
265
266
265
265
265
