1 478
2 478
3 478
4 476
5 476
6 480
7 481
8 483
9 483
10 483
11 477
12 479
13 477
14 479
15 483
16 483
17 478
18 478
19 473
20 484
21 476
22 484
23 477
24 484
25 483
26 483
27 476
28 476
29 477
30 477
31 474
32 472
33 472
34 480
35 480
36 483
37 478
38 478
39 478
40 486
41 486
42 483
43 473
44 483
45 475
46 484
47 483
48 483
49 483
50 484
51 484
52 484
53 479
54 479
55 479
56 480
57 483
58 488
59 488
60 481
61 481
62 478
63 482
64 479
1 705
2 705
3 705
4 705
5 709
6 709
7 709
8 708
9 709
10 709
11 711
12 711
13 705
14 702
15 674
16 699
17 692
18 692
19 689
20 687
21 687
22 687
23 687
24 685
25 680
26 675
27 674
28 673
29 671
30 665
31 664
32 659
33 655
34 655
35 651
36 643
37 643
38 642
39 640
40 638
41 637
42 636
43 635
44 634
45 632
46 634
47 629
48 628
49 627
50 626
51 626
52 631
53 631
54 627
55 627
56 625
57 624
58 613
59 624
60 624
61 624
62 629
63 629
64 629
1 142
2 142
3 158
4 165
5 176
6 185
7 197
8 204
9 212
10 220
11 231
12 234
13 234
14 239
15 243
16 251
17 243
18 251
19 254
20 254
21 254
22 258
23 259
24 260
25 262
26 267
27 267
28 267
29 271
30 272
31 273
32 277
33 279
34 280
35 287
36 290
37 292
38 294
39 299
40 299
41 306
42 310
43 316
44 323
45 328
46 333
47 335
48 338
49 341
50 342
51 343
52 346
53 346
54 346
55 351
56 351
57 352
58 349
59 349
60 349
61 349
62 349
63 349
64 350
