480
480
480
480
480
480
480
479
479
479
479
480
480
487
480
480
480
480
480
481
480
480
480
480
480
479
480
479
481
480
482
480
482
481
481
480
480
481
481
481
479
480
480
480
480
478
480
480
480
480
481
479
480
480
480
480
478
480
480
480
480
480
480
480
590
590
586
586
586
583
583
585
585
585
585
585
585
585
585
587
586
586
586
588
591
588
588
588
588
589
589
589
589
589
589
589
589
589
590
590
590
591
591
591
591
597
591
591
591
591
590
590
592
592
592
592
592
592
593
592
593
594
594
594
592
594
594
594
205
205
222
244
260
269
279
285
293
296
301
310
314
317
321
326
331
332
336
338
340
341
342
345
345
349
350
350
352
359
353
355
354
354
354
356
356
355
355
355
356
359
359
359
359
360
360
362
362
360
360
363
363
363
367
367
365
365
365
366
366
367
367
367
785
785
780
764
747
740
728
721
714
709
704
701
697
695
691
685
685
678
677
673
670
664
659
652
647
638
632
627
625
622
620
620
618
618
616
617
616
611
609
611
615
615
615
615
615
614
614
613
614
614
617
614
617
617
617
613
613
613
612
612
612
612
611
611
171
171
189
206
217
229
238
244
254
254
259
255
268
276
282
285
285
285
290
295
295
295
299
302
303
307
309
312
319
321
323
342
342
342
345
348
349
352
353
355
355
356
356
360
358
358
358
358
358
358
359
360
360
360
360
360
360
360
360
361
361
361
362
362
786
786
786
786
786
773
770
764
756
749
742
738
728
724
724
721
720
714
714
712
708
706
703
702
701
697
696
693
690
689
683
681
678
673
673
670
662
657
651
645
645
641
637
627
627
622
627
624
624
623
623
623
621
621
621
623
623
622
620
621
621
621
621
620
154
154
168
178
178
203
209
223
224
230
236
236
243
250
256
256
261
263
267
268
272
277
277
277
283
285
288
289
289
294
294
294
299
302
304
306
307
311
315
319
321
331
335
339
349
349
351
353
356
357
357
360
360
361
361
361
363
363
363
363
363
366
366
364
786
786
786
786
786
786
781
772
766
759
754
747
747
744
734
728
725
720
720
717
715
711
709
706
704
702
700
700
698
693
689
688
684
683
681
674
670
668
655
655
649
644
636
632
628
624
623
621
621
621
621
619
619
616
616
617
617
617
617
617
617
617
621
617
174
169
174
176
189
199
205
208
223
234
234
237
243
247
250
255
257
261
263
265
271
273
273
276
281
282
285
288
289
289
292
294
298
299
302
303
304
304
309
310
316
321
326
326
329
342
347
347
351
354
358
358
358
361
361
359
359
361
363
363
363
363
363
364
786
786
786
786
786
786
786
783
776
769
754
753
747
744
740
740
734
732
729
725
724
720
719
716
715
714
696
696
704
706
704
704
699
696
696
691
683
685
683
683
678
676
675
665
661
661
657
651
646
641
635
632
632
630
627
624
624
624
623
623
623
623
623
622
149
149
157
166
175
186
198
200
212
213
218
223
227
231
236
240
243
249
251
254
257
260
263
266
267
270
271
273
274
279
279
282
282
285
291
291
293
293
297
297
297
294
304
308
312
313
319
324
327
332
338
341
347
351
354
355
358
359
360
361
361
362
362
363
738
738
720
704
681
648
620
619
618
617
616
616
616
615
616
615
617
615
615
615
615
616
616
616
616
616
615
615
615
614
614
614
615
615
613
612
612
612
612
612
611
611
611
611
611
611
611
611
611
610
612
610
608
608
610
610
610
612
612
613
614
614
613
613
186
186
212
229
238
248
264
274
280
280
296
306
312
321
332
345
353
356
366
367
367
368
367
367
362
359
357
357
359
361
362
363
363
363
364
365
366
366
367
369
369
371
371
372
372
373
375
375
382
382
377
376
376
372
349
372
373
373
373
373
373
373
370
370
786
786
786
776
761
748
737
732
727
723
719
716
712
711
703
693
681
676
673
670
666
652
643
643
634
630
625
625
625
624
624
624
624
624
624
624
622
623
623
623
621
621
620
620
619
619
618
617
616
615
615
614
613
613
612
611
611
611
611
611
611
611
612
612
177
177
196
209
223
241
244
250
259
262
262
266
270
275
280
285
288
297
301
309
313
315
323
330
335
344
353
356
361
362
363
364
364
363
363
365
365
365
365
365
365
365
365
365
367
367
367
367
367
367
367
367
368
371
371
371
371
372
372
373
373
373
373
373
786
786
785
772
761
751
745
739
737
731
731
730
724
718
717
714
711
710
703
701
690
685
679
674
668
663
657
647
639
631
629
624
624
622
621
620
620
620
621
621
621
621
621
622
622
621
621
622
622
622
621
621
621
621
617
610
610
614
615
615
615
614
614
613
184
184
203
220
233
243
249
253
256
260
260
263
264
263
267
272
276
279
285
287
294
301
303
306
308
317
324
334
335
349
354
358
360
362
362
363
365
365
365
365
365
367
367
368
367
367
367
366
367
367
367
367
367
369
369
368
367
368
367
369
367
369
369
369
786
786
786
773
759
746
745
732
729
726
726
723
722
719
714
711
710
710
705
704
704
700
690
685
684
674
671
665
659
650
647
641
632
630
628
626
624
624
623
622
622
623
623
619
619
618
618
619
619
619
618
618
618
616
619
619
620
620
619
619
619
619
619
619
154
154
191
204
215
232
241
249
258
261
264
266
271
271
274
278
281
285
289
293
295
297
305
305
310
315
317
324
329
336
342
348
352
359
359
359
359
362
362
363
365
364
365
367
367
367
365
365
367
368
369
369
368
368
366
368
368
368
369
369
369
366
369
366
786
786
786
784
777
769
749
742
735
730
727
725
724
717
714
710
706
703
696
694
691
685
678
673
673
669
665
663
655
649
643
641
638
635
634
631
630
626
626
626
625
625
622
620
620
620
619
619
618
618
618
618
618
618
618
618
618
619
619
618
618
618
618
618
171
171
187
202
214
225
233
239
246
252
257
263
263
263
272
275
282
284
305
305
302
302
307
310
317
320
322
329
338
352
350
352
354
356
358
358
359
360
362
362
362
362
363
364
365
365
365
365
352
366
366
368
368
368
369
369
369
369
369
370
369
370
369
369
734
734
726
718
698
676
656
636
627
626
624
622
620
618
615
615
616
618
617
617
617
618
618
616
616
615
616
616
616
615
615
615
615
615
615
615
615
615
616
614
616
614
616
615
615
613
613
614
615
614
614
614
614
614
614
612
610
610
611
611
611
610
614
614
210
210
235
235
248
259
267
267
274
295
307
307
317
323
333
343
352
357
358
360
361
361
363
363
357
357
356
364
365
365
366
366
366
366
366
365
366
366
367
370
367
367
367
367
367
367
368
369
369
368
368
368
368
368
368
368
368
368
368
368
368
368
368
368
775
775
758
741
731
717
715
712
697
696
695
682
676
667
660
648
638
631
628
628
627
627
625
624
624
624
624
623
623
622
620
620
622
622
620
619
619
620
620
619
619
619
619
619
618
618
618
618
618
618
618
618
618
618
618
617
617
617
617
617
616
616
616
616
199
199
219
231
250
262
265
265
270
271
291
292
309
310
319
327
334
349
350
355
357
359
359
359
360
360
360
362
361
362
362
363
362
364
362
362
362
363
364
365
365
365
365
366
366
365
365
365
365
361
361
367
367
366
365
365
365
366
367
367
367
367
367
367
781
781
763
746
738
726
721
718
718
715
691
684
679
670
661
648
645
634
634
631
640
640
640
624
624
624
623
623
623
623
622
615
615
618
619
620
620
621
621
620
619
619
619
618
618
618
620
620
620
617
617
617
617
617
617
618
618
617
617
617
617
616
617
618
198
198
220
235
239
253
263
266
271
276
285
304
310
310
315
324
332
341
349
354
356
356
358
359
359
359
359
359
360
361
361
362
362
362
362
362
362
363
364
364
364
363
363
365
365
365
366
366
366
364
364
364
365
366
366
367
367
366
366
366
366
366
366
368
787
787
767
752
736
729
721
708
700
700
695
688
681
663
659
652
643
637
636
633
632
630
628
607
625
625
625
626
626
625
625
625
624
621
621
622
622
622
624
624
621
621
620
620
619
619
619
620
620
619
619
618
618
618
619
620
619
618
618
617
618
617
617
617
192
192
216
234
243
254
264
264
264
275
282
291
301
308
316
323
330
339
346
350
350
353
357
357
358
358
369
360
361
360
361
360
361
361
362
362
363
362
363
363
363
363
363
364
364
364
364
364
364
365
366
366
365
365
365
366
366
366
366
367
367
366
366
366
787
787
771
762
742
732
724
718
714
704
695
691
681
675
674
655
647
644
637
633
631
630
630
630
626
625
625
625
625
623
623
618
623
612
622
621
621
621
621
620
620
622
622
620
619
619
620
621
621
623
620
619
618
618
618
619
619
619
619
618
618
618
618
618
191
191
212
228
240
257
258
258
268
271
279
291
296
305
313
323
330
336
343
348
355
355
353
353
358
358
358
358
358
360
363
363
364
361
361
361
360
360
361
362
362
362
362
363
363
364
364
365
365
365
365
365
364
363
363
363
365
366
365
365
365
365
365
365
720
720
690
655
635
629
626
625
624
623
619
619
619
619
618
618
618
617
616
616
616
616
616
616
616
616
616
617
617
617
614
617
603
617
617
618
617
617
617
618
618
618
618
618
618
618
618
619
619
619
619
619
619
619
625
619
620
618
620
619
621
620
621
620
237
237
256
263
273
275
292
303
318
326
343
349
355
356
356
356
357
359
362
360
362
360
361
361
361
362
362
363
361
365
361
364
361
364
361
364
363
363
359
359
362
362
365
362
365
362
359
359
363
363
363
363
363
364
362
365
362
364
363
363
363
363
364
364
740
740
728
719
719
710
695
666
666
650
640
634
629
629
630
630
629
624
622
624
614
623
623
623
623
623
623
622
622
622
622
622
622
621
621
620
620
620
620
621
621
620
620
625
625
621
621
621
621
620
620
620
622
621
623
623
623
624
623
623
623
624
624
624
223
223
241
253
261
269
276
281
297
298
332
332
339
342
344
352
352
352
356
356
358
359
358
357
357
358
359
359
359
358
359
359
360
360
360
360
360
361
361
361
361
361
361
361
361
362
361
362
362
362
363
363
361
361
361
363
363
363
362
362
362
362
362
362
777
777
763
746
733
718
711
706
690
671
656
638
638
638
634
634
633
632
630
630
628
628
628
631
631
627
626
626
626
625
624
625
624
623
622
622
622
622
622
622
622
622
622
622
622
619
622
620
620
620
621
621
621
621
619
620
618
620
620
622
622
622
622
621
224
224
238
256
260
270
276
281
291
296
296
307
334
339
345
347
353
353
355
355
353
353
356
356
355
355
355
355
358
357
357
357
359
361
361
361
360
361
361
362
361
362
362
362
363
362
362
362
362
361
361
362
362
362
362
362
362
362
361
361
361
363
362
363
780
780
772
759
738
733
726
720
708
691
673
657
649
646
638
636
635
633
633
632
630
630
629
629
629
628
628
627
627
626
626
626
626
625
624
624
624
624
624
624
624
624
623
623
622
621
621
621
621
621
621
621
621
625
625
620
620
619
620
620
621
621
621
620
210
210
235
241
257
272
272
281
290
297
299
303
314
326
338
344
348
349
351
353
353
356
356
356
356
356
356
356
356
358
358
358
356
358
357
359
359
359
360
360
361
362
362
364
366
366
362
362
361
361
362
362
362
362
362
362
363
363
363
364
364
364
364
363
780
780
776
767
758
742
731
724
719
707
691
675
659
647
643
641
636
635
635
633
633
632
631
630
630
629
628
627
628
626
629
626
626
626
625
625
625
625
624
623
623
623
623
623
623
621
621
621
621
621
620
621
621
621
620
620
621
621
621
621
621
621
621
623
203
203
215
220
245
253
257
272
272
272
287
299
309
319
329
337
338
347
350
350
350
352
352
353
358
358
354
354
354
355
355
355
357
357
358
358
358
358
359
359
359
358
360
358
358
356
356
357
357
361
361
361
359
365
358
364
358
364
358
362
358
360
360
360
