169
194
209
219
230
237
239
249
254
258
263
267
272
271
272
275
276
281
282
285
286
287
290
290
290
294
294
294
300
300
300
298
298
295
298
295
299
300
300
301
301
301
302
302
302
303
303
305
305
304
304
304
303
303
303
304
304
304
304
304
304
304
304
305
968
968
916
899
880
868
859
841
838
832
827
823
819
816
810
809
808
801
801
798
795
789
785
778
773
768
757
752
751
747
746
743
739
738
725
725
723
720
718
716
713
712
712
709
707
705
705
704
704
701
700
699
699
699
697
696
695
695
695
694
695
693
695
694
8
8
69
75
88
105
119
130
136
146
152
158
161
170
173
176
180
186
190
195
195
206
212
212
216
219
222
225
231
235
245
249
249
252
255
258
267
267
266
266
272
272
273
274
274
275
275
276
277
278
278
278
278
278
278
279
279
279
279
280
280
280
279
279
983
983
952
928
914
906
883
880
876
859
858
854
848
842
840
832
824
817
812
803
800
793
782
775
776
775
764
760
756
746
741
736
736
727
721
720
720
717
712
711
708
708
705
703
702
702
702
701
701
700
699
699
699
698
698
698
698
698
695
695
697
697
697
697
2
2
36
62
74
86
97
107
113
119
128
134
139
149
153
153
158
159
162
169
174
178
182
186
189
192
198
201
207
211
216
223
226
231
235
237
241
245
247
251
254
254
255
256
255
259
262
262
263
263
264
264
265
266
265
266
267
267
265
265
268
268
268
268
976
976
944
928
909
899
889
882
873
866
857
856
850
848
840
835
830
825
820
815
810
806
798
795
789
784
779
771
766
760
754
749
738
735
729
727
726
723
720
720
718
714
713
710
709
709
709
707
706
706
704
704
703
703
703
703
701
701
701
702
701
701
700
699
0
0
37
56
69
80
88
93
102
105
114
115
124
127
132
137
144
150
150
151
159
164
169
173
173
178
183
193
197
203
208
213
217
224
228
233
233
237
243
244
249
251
251
251
252
256
257
258
259
259
261
261
262
263
264
264
264
265
265
266
266
267
267
267
955
955
943
924
909
900
890
884
880
871
855
852
852
846
842
838
835
829
827
819
810
808
806
804
798
793
787
782
777
775
773
762
756
751
744
737
735
731
728
730
727
721
712
719
712
714
712
712
712
711
711
708
708
708
708
707
706
706
705
705
705
705
704
704
3
3
34
54
65
75
83
91
95
103
109
114
118
120
128
131
135
142
144
158
159
159
163
164
167
174
179
185
191
194
200
205
208
214
218
227
230
230
237
239
240
242
245
246
250
252
252
253
253
256
256
258
259
260
260
261
261
262
262
262
263
264
265
266
973
973
940
923
910
893
892
877
873
870
864
860
853
849
844
840
840
832
830
823
821
816
812
803
801
799
796
791
787
781
777
773
768
766
757
752
747
743
739
736
733
728
728
725
722
720
718
717
716
715
713
713
712
711
710
710
709
709
708
708
707
707
707
705
1
1
36
51
63
78
84
94
98
101
110
111
113
120
124
127
132
135
137
142
150
156
156
159
163
167
171
177
181
192
192
197
201
203
211
215
224
233
231
241
237
240
240
240
241
248
250
250
251
253
255
255
255
256
258
259
259
260
261
262
262
263
263
264
842
842
811
779
742
720
711
707
704
702
701
700
699
699
699
698
698
698
698
698
698
697
698
697
698
698
698
698
698
698
699
700
700
698
698
700
700
700
700
700
700
700
700
699
699
699
699
700
700
700
699
699
700
700
700
698
700
700
700
700
700
700
700
700
62
62
78
88
100
114
115
133
141
141
147
153
159
167
168
175
182
189
197
207
218
228
236
243
247
250
253
255
256
257
258
259
260
260
261
261
261
261
262
262
262
262
262
263
263
263
263
263
263
263
270
264
265
264
264
264
265
270
265
268
264
268
265
265
911
911
901
888
876
870
870
863
859
856
855
843
841
836
832
828
823
816
813
805
802
796
783
774
750
747
735
732
719
715
715
712
712
709
707
706
705
705
705
704
703
703
702
702
702
701
701
700
700
700
700
699
699
699
699
699
698
698
698
698
698
698
698
698
52
52
65
74
85
88
95
106
106
110
120
120
124
129
135
140
146
157
161
161
169
175
196
197
197
215
218
224
228
234
238
242
245
247
249
253
257
261
261
261
260
259
259
268
268
267
267
267
269
269
270
270
271
272
272
272
272
272
273
273
273
274
274
275
905
908
905
901
891
885
878
873
867
863
858
850
845
845
841
837
836
834
823
817
812
806
800
800
789
784
775
768
759
747
741
732
730
727
718
718
715
712
710
707
706
706
704
703
703
702
701
700
699
699
700
700
697
696
696
696
696
695
695
694
694
695
695
694
47
47
62
71
86
87
92
98
104
106
111
116
120
124
128
132
136
142
147
151
151
160
165
169
173
187
193
192
193
211
223
228
228
234
238
241
244
247
250
252
255
257
258
260
263
263
265
266
268
269
269
275
275
273
273
274
274
274
275
276
276
276
276
276
928
928
910
904
893
886
883
870
869
866
860
854
854
849
848
842
838
829
826
826
821
815
812
803
797
792
786
781
776
771
765
758
749
741
734
728
725
721
717
714
711
709
707
706
704
704
703
701
700
700
698
698
698
698
698
698
695
695
695
694
693
693
693
693
48
48
59
66
77
84
88
95
100
105
109
116
120
121
125
129
133
140
143
144
144
151
161
162
165
170
174
185
185
196
196
200
209
223
230
236
236
239
243
246
249
250
254
255
258
259
262
264
265
267
268
270
271
271
273
274
274
275
276
277
277
277
279
279
928
928
912
894
893
887
881
876
872
872
867
860
859
848
846
844
842
834
833
829
824
821
816
808
806
800
800
785
778
778
773
772
764
757
744
737
737
731
726
721
717
713
712
709
707
706
704
701
700
700
700
698
698
697
696
696
696
695
694
694
690
690
692
692
59
59
61
69
76
82
88
93
95
101
107
112
116
119
124
128
135
138
138
142
148
151
153
155
164
165
169
173
177
179
186
190
206
207
209
215
229
236
236
240
244
252
257
257
257
259
261
263
263
264
270
271
271
273
276
277
276
277
278
278
279
279
281
281
875
875
861
845
831
815
794
773
753
730
714
713
699
696
694
692
692
691
691
689
687
687
687
686
686
685
685
685
684
684
684
684
682
682
682
682
681
681
681
681
681
681
682
682
682
682
682
682
683
684
684
684
685
685
684
684
685
685
685
685
687
687
687
687
55
55
63
79
88
89
107
116
123
137
144
149
160
171
181
192
198
206
212
223
223
232
239
247
256
261
265
269
274
274
275
279
279
279
279
280
280
281
281
282
282
282
282
282
282
282
282
281
281
282
283
283
283
284
286
284
283
283
283
283
283
283
283
283
926
926
915
903
896
885
879
873
867
862
850
846
839
831
824
818
816
804
797
786
784
776
768
760
755
741
734
726
717
711
706
701
699
694
692
690
689
687
686
680
684
683
683
683
683
683
680
680
680
680
680
679
679
678
677
677
678
678
678
677
678
677
677
676
49
49
61
72
78
83
93
101
103
109
124
129
129
134
139
145
151
158
165
179
180
183
197
205
214
219
231
239
248
254
255
264
272
275
275
278
280
280
284
285
286
288
289
289
293
293
292
292
292
292
294
294
294
294
294
295
295
291
291
291
295
288
295
295
749
770
770
762
762
749
741
741
741
756
741
762
746
746
746
762
762
744
744
744
744
733
733
725
725
746
746
746
739
732
727
719
715
710
708
703
702
696
695
695
694
692
690
688
688
687
686
686
677
677
682
682
681
679
679
679
678
677
676
675
674
674
674
673
49
49
64
65
82
89
97
102
108
112
112
115
126
127
127
138
143
149
153
160
166
171
177
188
189
199
207
213
219
229
236
244
249
250
256
263
268
272
272
272
279
279
282
285
286
286
289
289
290
291
292
293
294
294
292
292
295
296
296
297
297
297
296
296
749
749
749
749
752
752
762
743
741
741
741
745
762
762
766
766
762
744
741
741
744
754
754
736
725
736
746
746
731
731
732
732
729
723
718
714
709
706
703
698
698
696
695
693
692
690
689
689
688
686
686
684
682
684
681
682
681
680
679
678
678
678
677
675
59
59
67
75
84
95
108
107
107
107
115
119
119
124
131
136
140
144
148
153
160
160
165
175
183
186
191
201
208
214
222
232
243
246
252
252
261
264
265
268
272
279
279
279
282
285
285
286
287
287
287
287
290
292
292
292
294
294
295
295
295
295
295
295
747
747
735
735
735
735
747
745
747
747
762
762
762
762
762
757
757
757
741
733
733
750
762
750
746
738
738
738
738
736
730
730
730
730
726
726
718
714
714
709
706
702
699
702
699
697
694
692
692
691
690
690
687
687
687
684
684
684
683
682
681
680
679
679
50
50
66
74
80
87
92
98
103
108
108
117
121
129
133
133
136
143
149
153
153
161
163
167
172
175
179
189
195
201
202
212
217
221
227
235
241
248
251
257
262
263
266
267
271
271
277
279
279
279
280
283
284
285
287
287
287
287
289
289
290
290
292
292
733
745
762
762
750
737
737
737
720
719
706
698
695
688
686
683
680
678
677
676
674
671
669
668
668
668
668
668
667
667
667
667
667
667
668
668
669
669
670
670
668
668
672
673
673
673
673
675
676
676
677
678
678
680
681
682
682
684
684
685
685
687
688
688
58
58
69
79
87
95
103
112
122
130
138
144
158
159
165
173
181
196
216
216
223
231
236
244
264
267
267
271
280
280
278
278
279
279
279
277
277
277
279
280
280
280
279
280
280
280
280
281
281
281
281
281
280
281
279
281
279
280
280
280
280
280
280
279
751
763
763
770
751
746
745
741
733
741
746
750
746
762
733
750
750
750
733
725
724
724
728
737
737
728
718
704
702
699
693
692
690
687
687
685
682
682
682
681
680
680
680
680
681
681
680
680
680
681
681
682
681
682
682
682
682
683
683
683
684
684
687
687
51
51
60
68
72
80
80
81
94
98
103
108
119
120
125
132
138
146
155
160
180
191
191
212
215
215
225
232
239
244
253
260
265
269
272
274
275
275
283
283
283
283
285
285
284
284
285
286
286
286
286
286
286
285
285
301
301
286
286
285
284
284
284
284
735
741
762
762
751
746
746
746
744
755
755
755
754
754
754
768
754
754
739
737
737
737
736
720
711
711
743
743
735
729
724
717
711
705
702
697
694
689
687
687
685
685
681
681
679
679
678
675
675
678
678
678
678
678
678
678
678
678
678
678
678
679
679
683
58
55
58
68
70
77
83
92
96
106
108
112
118
122
128
133
137
145
150
153
161
165
174
175
179
192
203
210
214
220
227
234
240
242
247
259
264
264
265
273
275
277
277
280
282
283
283
284
285
286
286
286
286
286
286
286
287
287
286
286
286
286
287
287
741
750
762
762
747
747
747
733
733
733
733
733
733
741
741
733
733
733
737
737
737
737
733
725
725
725
719
719
730
730
730
731
731
725
721
716
712
707
704
697
694
694
689
688
688
687
686
683
681
681
681
681
679
679
679
679
678
678
678
678
678
678
681
681
33
33
54
57
68
76
91
96
96
112
122
122
124
130
134
140
144
150
154
158
158
169
169
170
179
183
184
191
200
206
212
220
228
233
239
241
249
252
257
266
270
270
272
273
275
278
280
282
283
283
283
284
284
284
284
284
284
284
284
284
284
285
285
285
746
746
745
745
744
746
746
746
746
746
741
744
744
744
739
739
746
762
762
746
736
746
736
747
733
758
750
750
750
747
738
735
735
732
728
727
724
720
716
708
705
701
699
697
696
695
692
691
690
686
684
684
683
683
682
682
681
681
681
679
680
680
680
680
43
43
57
61
70
77
84
92
101
112
114
121
127
131
135
136
143
150
154
162
164
168
168
178
181
181
185
189
194
199
204
209
213
219
227
235
239
241
247
252
255
264
268
268
269
273
276
277
278
279
281
281
281
282
282
282
283
283
283
283
283
283
284
284
