126
126
135
144
144
144
151
153
156
158
159
160
161
163
163
164
169
169
169
169
169
169
167
167
167
172
174
174
174
175
175
175
180
180
179
178
177
178
179
179
178
178
179
180
181
182
181
180
180
182
182
183
184
184
184
184
184
184
184
184
184
186
186
186
947
947
932
918
908
892
889
888
885
874
863
862
862
860
857
854
852
851
848
848
848
845
844
843
840
839
838
837
836
834
834
834
834
832
831
832
831
832
831
830
830
830
829
829
827
829
827
826
826
826
826
825
825
825
823
823
824
824
824
823
823
823
823
824
42
42
59
69
84
87
92
98
104
106
114
114
115
119
121
125
128
128
132
134
135
137
139
140
143
147
147
148
149
151
153
153
153
157
158
160
162
163
163
164
166
168
168
168
169
169
170
172
172
172
173
174
175
175
175
172
172
176
178
179
179
179
179
181
949
949
926
921
912
903
895
887
881
875
872
867
864
859
855
855
849
849
847
846
844
842
841
840
840
840
835
835
831
831
831
831
831
830
830
829
828
828
825
832
826
832
826
826
825
824
819
819
823
823
822
822
822
823
823
821
821
819
821
821
821
822
821
821
40
40
65
86
87
92
92
98
102
103
112
122
118
120
120
120
122
126
128
129
130
131
135
136
141
141
141
144
144
146
148
148
149
151
151
154
156
156
155
155
159
159
159
164
165
166
166
167
170
170
170
171
171
171
174
174
175
175
176
176
178
178
178
178
947
947
934
924
906
900
891
886
880
874
870
864
864
857
857
852
850
848
846
842
841
841
840
837
832
836
834
834
829
829
830
830
824
824
827
827
825
825
825
825
825
824
824
824
823
823
823
823
822
822
820
820
821
821
821
821
820
819
819
820
820
820
820
820
39
39
57
73
79
85
93
97
105
106
112
112
112
117
120
122
123
126
127
129
133
133
134
135
136
137
140
143
152
147
147
147
149
149
152
153
155
155
155
158
158
160
163
163
163
165
165
165
167
167
167
169
170
171
172
172
173
174
175
175
176
176
175
175
938
938
931
918
907
900
892
879
877
872
868
867
864
864
854
852
851
849
845
843
841
841
838
835
835
830
830
830
831
831
830
830
830
829
829
826
826
827
827
825
824
823
823
822
822
823
823
821
819
815
819
823
823
820
820
820
819
819
819
819
819
819
819
818
43
43
55
74
77
86
93
98
103
105
108
112
115
117
118
120
124
124
126
127
130
131
134
135
136
136
139
139
144
147
147
148
148
150
151
151
154
154
151
151
151
158
160
161
162
163
167
168
167
168
168
169
170
170
171
172
173
173
174
175
177
177
177
178
948
948
930
917
908
897
887
882
876
871
866
862
858
855
853
849
848
848
843
839
839
837
837
836
836
834
832
834
832
832
831
830
830
830
827
827
825
825
825
825
825
823
823
823
823
823
821
821
821
821
821
820
819
819
815
815
818
818
818
816
818
818
818
818
41
41
58
63
79
83
97
103
105
105
111
113
116
123
125
123
127
128
128
129
130
131
133
135
136
140
140
143
143
143
145
146
147
149
150
152
152
154
160
157
159
159
160
161
161
162
163
165
166
165
166
167
168
169
170
170
171
171
173
176
182
182
175
175
850
850
836
830
824
820
819
818
818
817
816
815
815
816
816
816
816
816
816
816
816
816
815
815
815
815
815
815
815
815
815
815
814
813
814
814
814
814
813
812
812
810
810
810
809
809
808
807
807
803
803
804
805
804
804
803
803
803
803
801
800
796
796
797
93
93
102
105
111
118
118
119
124
127
129
131
132
134
135
141
143
143
145
146
149
150
151
162
162
161
160
160
162
164
164
164
173
173
172
172
174
174
174
176
176
177
179
190
183
184
184
187
188
188
190
190
191
186
191
196
196
197
199
200
201
204
204
205
900
900
882
865
854
846
840
837
835
832
829
827
827
827
827
823
822
822
820
819
818
817
818
817
816
816
814
813
812
812
810
810
810
807
807
806
804
800
801
801
801
799
799
799
797
796
794
794
794
791
791
790
790
789
789
789
787
786
786
786
786
786
785
785
97
97
110
112
117
121
126
129
132
134
138
141
141
141
143
144
148
148
151
153
155
158
160
160
161
162
163
163
164
167
167
167
168
171
173
174
177
178
178
180
180
182
184
186
187
190
190
190
194
195
195
196
199
200
200
200
199
199
206
207
207
209
211
212
901
901
888
867
857
848
840
837
834
832
829
823
823
823
822
822
820
818
816
816
813
813
813
812
809
808
807
807
804
803
802
802
800
799
798
797
794
791
792
791
791
789
788
788
788
786
786
786
784
784
783
782
782
781
781
780
779
779
779
781
779
779
779
778
97
97
108
117
119
123
124
130
131
143
143
143
143
147
149
152
154
154
156
156
157
156
160
162
164
164
164
168
170
170
172
172
172
178
177
178
179
182
182
182
182
186
186
188
188
189
190
192
193
193
196
197
201
202
202
204
205
207
207
208
211
212
212
214
902
902
886
871
859
850
845
841
838
833
830
829
826
824
823
819
818
818
815
815
815
815
808
808
808
805
803
802
801
800
799
798
796
794
793
793
791
791
788
788
788
788
787
783
783
782
781
781
782
782
779
779
777
777
777
775
774
775
774
775
775
775
775
774
97
97
107
112
120
125
131
131
134
137
141
143
144
145
150
151
151
157
158
158
160
163
163
165
167
167
168
170
172
173
173
174
177
177
179
179
180
180
183
185
185
187
187
188
191
196
196
196
196
197
202
202
203
203
206
208
209
210
210
212
214
215
215
218
902
902
886
872
860
856
844
840
836
833
831
829
827
823
823
818
819
815
815
812
810
810
806
805
806
805
801
799
799
796
795
794
793
792
790
788
787
787
787
784
783
783
781
781
780
779
779
779
777
776
775
775
775
774
774
774
774
776
776
772
772
770
770
769
97
97
108
114
120
128
132
132
135
136
141
143
148
149
149
151
153
153
156
159
162
162
162
163
169
169
169
178
180
179
179
176
176
177
178
181
183
183
184
184
183
183
187
190
191
192
195
196
196
198
201
204
204
204
207
209
209
209
211
212
215
217
217
219
834
834
829
819
816
805
799
792
786
782
777
774
772
771
769
768
766
766
763
763
762
760
759
757
756
751
751
749
745
745
742
740
740
736
734
732
730
730
730
728
728
727
726
726
724
723
721
719
719
719
719
719
717
717
717
716
716
716
715
715
715
714
713
713
104
104
113
124
127
128
131
143
143
147
147
155
155
160
162
163
164
166
171
173
173
176
176
176
180
183
192
187
187
187
190
191
193
194
194
197
194
197
197
200
200
201
204
207
208
212
215
219
223
226
231
237
239
241
245
247
249
249
253
255
256
264
270
270
902
902
879
853
838
833
831
831
828
825
821
820
820
817
812
807
803
799
796
792
790
787
784
781
780
776
775
771
770
769
766
766
764
760
757
756
755
753
748
746
744
739
731
730
727
725
724
721
717
717
717
716
715
714
714
714
714
712
711
711
711
712
712
710
100
100
103
113
125
126
131
136
142
144
151
152
160
160
160
165
166
169
172
173
175
177
181
182
182
183
189
190
190
191
191
191
193
194
195
195
195
199
203
206
206
209
213
216
221
225
229
239
241
247
248
249
253
254
255
258
259
265
265
264
264
265
267
267
906
906
884
851
846
841
837
834
834
831
828
824
821
819
814
810
805
802
798
795
788
788
788
781
780
775
775
773
771
770
768
764
763
759
758
757
754
751
749
745
738
734
730
726
725
721
718
718
718
717
716
714
714
714
713
712
712
712
712
711
710
711
711
711
91
91
107
112
120
125
135
136
144
149
153
153
155
157
167
167
167
169
171
171
176
176
178
182
184
184
186
187
189
190
191
191
193
194
197
200
200
202
203
205
209
212
216
225
231
231
242
246
249
249
253
259
261
260
261
264
265
265
265
266
267
268
268
269
907
907
884
867
847
840
839
837
835
832
829
826
821
818
816
811
806
802
800
793
789
787
783
781
778
776
776
772
771
767
765
763
761
759
759
756
752
747
743
743
737
733
728
724
723
721
718
717
715
714
712
712
712
711
706
710
710
710
710
709
709
708
708
708
98
98
105
112
123
128
128
136
142
146
150
155
159
161
163
167
169
170
173
175
176
181
181
181
184
185
188
188
195
195
192
192
194
194
187
187
207
207
207
208
214
217
223
230
237
241
247
247
254
257
259
259
261
264
265
265
265
267
268
268
268
270
270
271
903
903
883
864
848
844
840
837
835
831
828
825
822
817
814
812
800
799
796
792
788
785
783
780
776
773
773
770
767
763
763
763
761
760
754
753
749
747
744
739
734
728
723
722
722
716
715
715
714
713
713
712
712
712
710
710
710
709
709
709
707
707
707
706
99
99
107
111
118
119
128
134
146
149
150
155
162
163
165
168
168
169
176
177
177
178
181
184
186
186
186
189
194
194
193
193
195
196
200
200
200
203
204
208
214
220
225
232
236
248
249
260
260
263
264
264
264
266
267
269
269
270
270
271
272
272
273
272
836
836
823
807
791
780
768
761
753
735
721
715
711
709
707
705
703
703
702
702
702
701
701
700
700
701
701
701
701
702
702
702
703
704
704
704
703
703
703
704
704
704
704
703
703
703
704
704
704
704
704
704
704
704
704
704
703
703
703
702
702
701
701
701
90
90
106
115
123
132
144
147
151
151
152
159
165
167
171
175
187
187
187
192
194
198
199
206
206
206
207
207
212
214
215
217
221
223
236
244
252
258
262
264
267
270
272
279
279
277
277
277
280
280
280
282
283
284
285
288
289
289
289
290
293
293
295
295
891
891
864
846
840
839
828
824
823
816
807
801
798
794
790
786
781
781
780
776
772
767
767
762
758
751
742
733
727
723
718
712
711
707
706
706
701
700
700
700
701
701
698
698
698
697
697
697
695
695
694
694
694
693
693
693
692
691
691
691
691
689
689
690
91
91
104
111
120
125
131
135
140
146
151
157
163
168
168
173
179
184
186
189
191
193
195
195
199
200
201
202
203
206
208
211
215
217
227
235
243
249
251
263
266
263
267
267
267
271
271
273
274
282
282
280
280
283
283
283
285
286
288
289
289
289
289
290
894
894
863
848
836
834
830
830
820
819
814
810
808
801
796
794
788
784
778
782
777
776
772
768
763
758
752
746
737
732
728
726
718
714
711
708
707
703
703
700
699
698
697
697
696
695
695
695
694
693
693
693
693
692
692
692
692
690
690
691
691
691
689
688
88
88
99
108
120
128
128
131
135
144
149
156
161
169
172
178
182
186
189
193
193
196
197
197
198
200
200
200
205
205
205
207
215
216
226
229
238
246
251
258
260
261
263
263
266
269
269
270
271
273
274
275
276
278
279
282
282
282
285
285
286
287
288
288
895
895
865
857
844
842
837
833
832
829
819
816
805
805
799
797
792
791
787
786
782
780
778
774
769
767
761
756
750
746
741
731
726
722
718
714
710
708
704
703
701
701
699
699
699
698
698
697
698
697
696
695
688
688
693
693
693
692
692
691
690
688
688
688
83
83
94
104
111
117
122
129
133
135
148
154
159
163
170
175
179
183
184
187
187
194
195
196
198
199
202
202
202
204
205
209
209
215
223
225
234
242
248
254
258
259
259
264
264
263
263
267
275
271
271
271
273
274
275
275
275
280
282
283
285
285
285
287
898
898
871
857
854
848
841
836
832
823
822
819
814
808
804
800
798
795
792
791
787
783
781
779
775
772
770
766
759
754
744
740
739
729
720
718
718
714
710
710
702
702
703
703
703
702
703
702
702
701
700
700
700
698
698
698
697
696
696
695
693
693
693
692
83
83
86
95
107
113
125
127
127
137
143
151
156
164
170
174
177
182
185
189
190
190
192
195
197
198
199
201
203
203
207
208
209
214
217
224
231
237
246
252
256
260
263
263
263
264
266
266
268
268
268
270
271
272
274
275
276
278
280
280
283
284
285
285
