480
481
481
480
480
479
480
480
480
480
480
480
478
480
480
480
480
480
480
480
480
479
479
479
480
480
480
480
480
480
480
480
480
480
480
480
480
480
480
480
480
480
480
480
480
480
480
479
479
480
480
480
480
480
480
480
480
482
480
488
480
480
480
480
637
637
631
627
627
625
623
621
620
619
618
617
616
616
614
614
614
612
612
611
611
611
611
612
609
609
608
609
608
608
608
608
606
606
605
605
605
605
605
605
605
605
605
606
605
605
605
605
605
604
604
605
605
605
605
605
605
605
605
605
605
605
605
605
160
160
175
185
195
210
225
243
252
262
270
275
283
284
290
293
294
296
298
299
300
303
305
307
307
307
311
311
311
313
313
314
316
316
316
315
316
315
316
316
317
317
318
319
322
321
321
320
319
319
319
321
321
321
321
322
323
323
330
323
324
323
324
325
785
785
785
785
778
768
755
747
747
746
735
729
726
718
716
716
714
709
706
702
700
698
694
692
686
683
683
683
681
676
671
670
666
664
662
660
658
656
656
654
654
654
652
651
650
650
650
647
650
647
650
648
648
648
648
647
647
647
647
647
647
646
646
646
152
152
167
183
193
206
212
217
223
228
234
238
246
249
250
253
258
258
261
265
266
267
269
271
273
275
275
275
279
281
283
283
285
287
289
291
291
291
297
300
302
303
307
308
307
303
303
316
318
319
319
321
322
323
323
323
325
324
331
331
331
327
326
327
785
785
785
785
785
785
782
776
770
765
758
754
749
745
741
740
734
732
725
722
722
721
719
716
714
711
711
705
705
704
703
700
698
697
695
694
691
691
689
684
682
681
679
674
671
665
665
665
661
656
655
656
655
652
651
650
650
650
649
648
648
648
648
646
146
146
159
171
181
190
197
205
211
214
219
219
224
232
236
240
243
246
246
249
256
259
259
259
263
264
266
267
268
270
272
274
275
276
277
279
280
282
283
285
287
288
290
291
295
296
296
301
304
307
310
313
316
319
320
323
325
326
328
328
329
330
330
332
786
786
786
786
785
785
786
786
779
774
768
768
755
755
752
746
730
730
733
733
731
729
727
724
722
719
718
716
716
716
712
709
707
703
703
703
700
696
696
695
694
691
689
689
685
683
679
677
675
671
669
665
662
658
656
654
652
651
651
651
648
642
642
646
143
143
154
165
167
183
191
198
203
208
208
213
203
221
231
237
239
239
240
243
246
251
254
256
256
259
262
264
266
267
267
268
270
271
271
274
275
279
279
280
283
283
283
284
287
289
289
292
296
297
300
300
309
309
314
317
321
324
327
328
330
331
331
332
780
785
785
785
785
786
788
786
785
779
775
770
765
761
757
753
750
745
742
740
736
736
732
732
731
731
723
720
719
717
716
713
712
710
707
704
704
698
700
698
698
697
697
694
690
689
686
664
680
676
676
673
670
667
663
662
656
645
645
648
648
648
647
646
140
140
140
152
171
187
191
192
199
212
212
213
218
221
225
228
228
237
223
234
234
246
251
254
255
255
255
259
260
263
264
265
265
267
272
272
272
273
276
276
276
276
282
282
284
287
288
288
290
295
298
300
301
303
306
310
314
318
318
323
327
331
332
333
755
755
732
703
688
688
665
651
643
641
640
639
637
636
635
634
633
631
631
630
628
628
627
626
626
625
625
624
624
623
623
623
626
623
621
621
621
621
621
621
620
620
620
620
620
617
617
619
619
619
619
619
617
617
617
618
618
618
618
618
617
617
617
617
162
162
182
199
215
229
235
244
251
257
263
268
278
280
284
292
297
304
306
313
315
319
326
326
333
340
343
344
346
348
349
350
351
354
358
357
357
357
357
358
359
360
361
362
363
363
363
364
364
364
365
366
367
367
367
367
367
367
368
368
368
368
368
368
786
786
785
784
773
760
751
745
738
732
728
721
720
717
714
711
706
703
703
700
697
694
691
689
686
686
683
680
677
672
670
665
661
656
650
648
638
634
634
627
627
626
624
624
623
623
623
623
622
622
622
622
621
621
621
621
621
621
620
621
620
620
620
620
159
159
170
192
204
217
229
236
236
248
248
256
256
260
262
265
268
272
274
277
280
286
288
288
293
296
297
299
305
308
311
314
314
319
329
332
346
352
352
360
360
360
361
361
361
363
364
364
364
365
365
365
365
366
366
366
366
366
366
366
367
367
367
367
786
786
786
785
780
760
754
754
746
736
731
727
713
721
718
718
712
711
709
705
703
697
693
693
691
687
685
682
678
676
673
669
666
663
661
651
645
641
634
633
632
630
630
629
627
626
625
624
624
624
624
624
623
623
623
622
622
622
622
622
622
622
622
621
157
157
172
186
199
221
227
224
227
239
248
248
248
256
258
259
264
264
266
268
271
278
281
284
288
291
294
298
302
307
308
312
312
315
324
330
338
345
350
354
355
358
360
360
362
362
363
363
363
363
363
364
364
364
365
365
365
365
365
366
366
366
365
366
785
785
785
785
783
775
764
755
747
744
743
733
729
726
723
717
716
716
715
708
706
701
700
695
691
688
685
683
679
676
673
666
665
655
649
649
643
641
635
634
632
630
629
627
627
626
626
625
625
625
624
624
624
624
624
623
620
620
623
623
624
624
623
623
157
157
172
198
203
209
218
233
236
238
252
252
252
253
253
258
261
264
267
271
273
276
280
283
283
287
293
297
300
303
306
314
314
318
323
328
335
342
347
351
354
354
359
361
360
361
361
362
362
364
363
363
363
363
364
364
364
364
364
364
365
365
365
365
778
785
785
786
785
775
767
758
751
744
740
736
732
729
727
722
720
717
716
709
705
698
695
695
695
688
687
680
680
676
672
668
662
660
655
643
640
640
636
634
634
632
630
630
628
628
628
627
626
624
624
625
625
624
624
624
624
624
624
624
623
624
623
623
142
142
173
184
197
210
221
226
234
238
246
249
249
252
252
254
262
263
266
272
275
275
279
283
285
289
294
297
304
306
311
312
312
315
325
332
339
345
349
352
355
356
358
359
360
361
361
361
361
361
361
361
357
363
363
363
363
364
364
364
364
364
364
364
760
760
736
722
708
697
695
666
644
628
627
627
625
625
624
623
623
623
623
620
622
622
622
622
622
621
620
620
621
621
621
621
623
623
621
621
621
621
621
621
620
619
607
607
621
621
621
620
623
620
625
620
620
620
620
620
621
621
620
620
620
620
620
619
199
199
215
242
246
246
252
260
267
267
273
280
286
294
300
305
318
318
323
334
348
358
359
358
359
361
362
363
363
363
365
365
365
366
365
366
366
366
366
366
366
366
366
367
366
367
367
367
367
367
365
367
365
367
367
367
367
367
367
368
368
368
368
368
785
785
763
745
735
729
724
721
717
714
710
706
700
694
689
683
678
672
665
659
649
638
633
631
629
627
627
627
627
626
626
626
626
625
625
625
625
625
624
624
624
624
624
624
623
623
623
623
624
623
623
623
623
623
622
622
622
622
622
622
622
622
623
623
187
187
216
227
239
239
251
255
262
270
270
271
276
283
291
299
301
308
314
320
328
342
354
354
354
356
357
356
357
359
359
359
360
360
360
360
361
361
361
362
362
362
362
362
363
363
363
364
364
364
364
364
364
364
364
364
364
363
364
364
365
365
365
365
785
785
773
757
746
740
730
727
723
715
710
710
706
700
693
688
682
677
671
663
654
643
636
631
630
630
629
628
628
628
628
628
627
627
626
626
626
626
625
625
624
624
624
624
624
624
624
624
624
624
624
623
623
623
623
623
619
619
622
623
623
623
623
621
206
206
210
224
233
240
243
246
255
260
265
272
275
280
288
295
301
306
313
319
330
340
347
347
353
354
355
355
356
356
358
358
358
359
359
359
359
359
360
360
360
360
361
361
361
362
364
364
362
362
362
362
362
362
362
363
363
363
363
366
366
363
363
363
785
785
778
767
744
737
736
732
727
722
717
713
710
701
695
690
684
678
671
664
654
650
637
634
632
632
630
630
630
629
628
628
627
627
627
626
626
626
626
626
625
625
626
626
625
624
625
625
625
625
623
623
624
624
624
623
623
623
623
623
623
623
623
623
186
186
216
220
230
231
249
253
253
259
260
269
274
280
286
294
300
303
312
318
328
332
347
350
352
354
354
358
359
359
360
359
359
358
358
358
358
359
359
359
359
359
360
360
360
361
361
361
361
361
362
362
361
358
358
361
362
361
361
361
362
362
362
362
780
782
782
770
769
752
743
737
731
725
720
714
714
709
702
699
678
674
672
655
648
644
638
635
632
632
632
629
629
629
628
628
629
629
632
628
628
627
627
628
628
626
626
625
625
625
627
625
625
625
625
625
624
624
624
624
624
624
624
624
624
624
623
623
179
178
179
217
229
234
239
247
251
256
261
267
276
279
286
293
297
308
309
319
330
340
341
345
350
351
354
354
354
355
355
353
353
356
359
359
358
358
358
359
359
361
360
360
358
358
360
360
360
360
361
361
361
361
361
362
362
362
361
362
354
362
362
362
740
740
716
698
664
642
631
629
628
626
625
625
625
625
626
625
624
623
623
623
623
623
623
623
622
622
622
622
622
623
623
622
621
621
623
623
623
623
623
624
624
625
625
625
626
626
627
626
627
627
627
627
627
627
627
628
628
628
628
628
628
628
628
628
217
217
228
237
245
252
259
266
269
278
291
301
312
335
342
346
351
352
352
353
355
356
357
357
357
358
359
359
359
359
359
359
360
360
360
360
360
360
360
360
360
360
359
359
359
359
358
358
358
357
357
360
360
357
357
354
354
356
356
356
356
356
355
355
767
767
747
736
731
725
725
719
708
698
683
656
649
649
636
636
636
632
630
630
630
630
629
629
628
628
628
628
628
628
627
627
628
628
628
629
629
629
629
629
630
630
630
631
631
631
631
630
631
631
631
631
631
631
631
632
631
631
631
631
631
631
631
631
214
214
228
237
249
252
257
262
271
275
275
286
292
298
327
340
345
347
349
350
353
353
354
353
353
353
354
354
354
355
355
356
356
356
356
356
356
357
356
356
356
356
356
355
356
355
356
355
356
355
355
355
355
355
355
355
355
354
354
354
354
357
354
357
776
776
754
747
739
726
726
726
717
711
690
690
678
663
648
641
637
635
635
631
631
631
632
631
631
631
631
631
630
629
629
629
629
629
628
628
628
629
628
628
628
628
625
628
629
629
630
629
629
629
634
634
630
630
630
630
631
631
631
631
631
632
632
632
209
209
221
233
241
248
253
259
264
272
281
281
297
304
320
336
336
341
346
347
347
347
350
351
352
352
353
353
353
353
353
354
354
354
354
354
354
354
355
355
355
354
354
355
355
355
355
354
355
355
355
355
355
353
347
347
355
355
355
354
354
354
354
353
783
783
769
756
752
739
733
728
721
715
711
677
676
672
657
646
641
639
637
636
635
635
635
634
634
633
632
632
632
631
631
629
629
631
631
630
625
625
631
631
630
630
630
630
629
630
630
630
630
630
630
630
631
630
630
630
630
630
630
631
631
631
631
631
208
208
215
226
235
240
251
252
260
263
268
273
284
297
309
324
341
342
344
346
347
347
347
349
350
350
351
351
351
351
352
352
352
352
352
352
353
353
353
354
354
354
354
354
354
354
354
355
355
355
354
355
354
355
353
345
345
345
353
354
353
354
353
353
775
775
761
752
743
737
731
719
707
707
699
686
673
659
643
643
640
638
637
637
635
635
635
635
634
634
633
633
633
632
632
632
632
631
631
631
632
631
631
630
631
630
630
630
630
630
630
630
629
630
629
630
629
630
630
630
634
634
636
633
630
630
630
630
206
206
217
223
234
241
248
253
261
266
267
277
290
299
302
317
337
341
342
343
345
346
346
348
348
349
349
349
349
349
350
350
352
352
351
351
349
343
343
352
352
352
352
356
353
356
354
354
353
353
354
356
356
354
354
354
354
354
354
354
354
354
354
354
