480
480
480
480
479
479
480
480
480
480
480
480
480
480
480
480
480
480
480
480
480
480
480
480
480
480
480
480
480
480
480
480
479
479
479
481
481
480
480
480
480
480
480
480
480
480
480
480
480
480
480
480
480
480
480
480
480
480
480
480
480
480
480
480
613
613
611
609
609
609
609
610
610
611
611
612
612
612
598
613
613
613
614
614
614
614
614
614
614
614
613
613
613
614
614
613
613
613
613
612
613
612
612
606
606
612
612
612
612
612
611
611
611
611
611
611
611
610
610
611
611
611
610
611
610
610
610
610
171
171
184
199
213
225
237
249
259
271
279
286
292
296
300
300
303
312
312
312
316
317
318
322
323
324
326
328
328
329
332
334
334
337
338
340
341
341
344
346
345
346
348
348
350
351
351
352
353
354
356
356
356
357
357
358
358
359
360
360
361
362
362
362
784
786
786
786
774
773
761
752
744
743
736
735
726
715
713
712
708
705
704
701
699
697
694
691
688
685
682
679
671
667
667
659
650
648
647
642
638
635
632
631
629
628
627
626
626
625
625
625
624
624
613
613
621
622
622
622
622
622
621
621
621
621
621
619
154
154
168
181
193
206
217
222
225
228
247
250
250
255
259
263
269
271
269
272
276
276
277
281
283
285
288
289
288
295
296
299
302
305
313
315
315
322
328
334
346
350
350
355
357
357
358
359
360
361
362
367
363
364
363
364
364
364
364
364
365
366
366
366
786
786
786
786
786
786
778
772
763
756
754
745
740
737
732
727
724
720
719
716
714
714
710
708
706
704
703
703
700
698
696
694
693
687
686
681
678
674
670
666
663
656
650
650
644
635
632
629
627
626
625
624
624
624
623
622
622
622
622
622
621
620
620
620
149
149
162
179
183
194
199
211
218
224
229
235
239
243
248
252
255
258
258
264
266
268
271
273
275
276
277
280
282
283
286
287
288
291
294
296
298
301
304
307
314
314
315
322
328
344
349
350
354
357
360
361
363
364
365
365
365
366
366
366
366
365
367
366
779
786
786
786
786
786
786
779
773
768
760
754
749
744
740
732
729
729
727
724
723
719
719
713
711
711
710
710
710
706
703
701
699
697
697
694
694
692
685
682
678
675
672
666
662
651
644
644
639
635
630
626
624
624
623
623
622
621
622
622
622
620
620
621
141
141
158
169
179
188
197
203
210
217
222
224
232
236
240
243
251
251
254
257
258
264
266
267
267
271
271
274
280
280
281
281
281
281
286
286
288
292
296
296
298
303
306
309
313
318
322
328
336
343
349
356
359
361
363
363
364
365
366
366
365
365
367
367
779
785
786
786
786
786
785
785
784
771
764
761
755
751
746
742
739
735
732
731
730
725
722
720
718
716
714
711
709
709
707
707
706
702
700
698
697
691
689
689
686
684
680
674
669
669
668
657
652
645
639
631
628
628
625
625
625
622
621
621
620
620
620
620
145
145
159
166
177
184
199
199
207
207
212
226
231
231
236
243
247
250
250
253
256
260
263
265
265
267
270
273
274
273
278
280
281
280
281
285
293
295
297
295
295
295
301
306
306
313
314
317
318
335
336
342
349
349
361
363
363
365
365
366
366
366
366
366
746
746
723
710
694
665
625
618
617
617
616
616
615
615
614
613
613
613
613
613
617
617
611
611
611
611
611
610
610
610
610
610
610
610
610
610
610
610
610
610
609
609
609
609
609
609
609
609
609
609
609
609
609
608
608
608
608
608
608
608
608
608
608
608
178
178
202
231
242
254
263
268
273
277
282
286
300
307
307
318
320
332
350
352
352
362
363
365
365
365
365
365
367
367
367
367
368
368
369
369
369
369
370
370
370
370
370
370
370
371
371
371
371
371
372
372
372
372
372
372
372
372
372
373
373
372
370
370
786
786
786
767
752
738
730
720
716
716
714
706
702
702
698
692
688
681
681
676
665
658
647
637
631
626
624
622
621
621
620
620
618
618
618
617
617
617
617
616
617
616
616
615
615
615
615
615
614
618
614
613
613
613
613
613
613
613
615
615
612
612
612
612
171
171
191
211
243
251
251
254
265
270
272
272
277
281
283
284
294
299
299
308
309
314
323
332
343
352
357
360
363
364
364
364
364
365
365
365
366
366
366
367
367
367
367
368
368
368
368
369
369
369
369
369
369
369
370
370
372
370
372
370
370
370
370
370
786
786
786
774
762
746
738
731
727
726
716
712
712
709
705
702
698
692
686
681
676
671
659
651
651
642
635
630
627
625
624
624
624
623
622
621
621
620
620
620
619
619
619
618
617
617
617
616
616
616
616
616
615
616
615
615
615
615
615
615
615
614
614
614
167
167
173
211
228
241
250
255
260
263
266
271
271
276
276
278
285
293
298
303
308
312
317
322
329
345
350
353
356
358
361
361
361
362
362
364
364
364
365
365
366
366
366
366
367
367
367
367
367
368
368
368
368
368
368
369
369
369
369
369
370
370
369
369
784
786
786
767
761
735
735
733
728
724
721
718
714
711
708
704
704
694
689
678
673
673
668
662
655
646
638
634
628
627
627
626
625
624
623
623
622
622
621
620
611
620
620
623
623
619
618
618
618
618
617
617
617
617
617
617
616
616
615
616
615
615
615
615
168
168
190
208
226
238
247
250
258
260
264
267
270
273
277
282
284
288
299
304
305
310
314
319
326
333
342
348
353
356
356
358
360
361
362
362
362
363
363
364
364
365
365
365
365
366
366
366
357
367
367
368
368
368
368
368
368
368
368
368
368
368
369
369
785
785
782
780
763
751
742
735
731
725
722
719
712
712
709
705
701
698
698
690
676
670
669
663
647
642
642
635
632
629
626
626
625
626
626
626
623
623
623
622
622
622
626
622
621
620
619
619
619
619
619
619
618
618
618
618
618
618
618
617
617
617
616
616
167
167
188
206
213
221
243
251
258
260
263
266
269
273
275
283
287
287
292
304
304
304
314
317
329
332
348
348
352
355
357
360
360
361
361
361
361
362
363
363
363
364
364
364
365
366
370
370
366
366
366
366
367
367
367
367
367
367
367
367
367
367
367
368
737
737
720
705
686
665
637
628
625
622
620
620
619
619
618
617
617
616
616
615
614
615
615
615
614
614
614
614
614
614
614
614
614
614
614
614
614
614
614
613
613
613
613
614
614
615
615
614
613
613
583
613
613
613
613
613
613
613
613
613
613
617
613
613
204
204
223
249
250
264
269
276
284
292
301
312
313
334
347
353
360
360
359
359
360
361
361
361
361
362
362
362
363
363
364
362
363
354
363
365
365
365
365
365
369
366
366
366
366
366
366
366
366
366
366
366
366
367
367
367
368
367
367
367
367
367
367
367
784
784
765
747
731
721
714
707
701
691
687
672
662
651
640
634
629
629
629
628
626
626
626
625
625
624
623
623
623
622
622
622
621
622
621
621
620
620
619
619
619
619
619
619
619
619
618
618
618
618
617
617
617
617
617
617
617
618
621
621
617
616
616
616
191
191
209
227
242
261
263
269
275
286
290
295
310
314
324
336
346
346
351
355
356
357
360
358
359
359
359
359
360
360
360
360
361
361
362
362
362
362
363
363
363
363
363
364
364
364
367
367
365
365
364
365
365
365
365
366
366
371
371
366
366
366
366
366
781
781
772
756
741
730
721
709
707
707
694
683
665
665
655
646
637
634
632
628
628
628
627
626
625
625
625
625
624
624
624
623
623
623
623
622
606
606
621
621
620
620
620
619
619
619
619
619
618
618
618
618
618
618
623
623
618
618
617
617
617
617
616
616
191
191
209
220
234
245
258
264
270
276
282
298
299
307
307
316
346
350
346
350
353
355
355
356
357
358
357
358
359
359
359
359
360
360
360
361
361
361
361
361
361
361
361
362
362
363
364
364
363
363
357
364
363
364
364
364
364
366
366
365
365
365
365
365
786
786
777
776
749
736
726
726
719
706
699
690
679
671
661
651
645
637
634
632
632
630
641
628
626
626
626
626
624
624
624
624
624
623
623
624
624
622
621
621
621
621
621
620
620
620
620
620
619
606
606
618
618
618
618
618
618
622
633
622
617
617
617
617
189
189
208
218
228
228
249
258
265
271
278
285
292
302
311
321
332
347
352
352
352
353
354
356
356
356
357
357
357
358
358
358
358
359
359
359
359
360
360
360
361
361
361
361
361
362
362
362
362
363
362
363
369
369
363
363
361
364
364
365
365
364
364
364
786
786
780
769
755
747
731
725
717
710
704
693
685
677
666
656
647
639
639
636
631
630
628
628
628
627
626
626
625
624
624
624
624
625
623
623
622
622
622
622
622
622
621
621
620
620
620
620
620
619
619
619
619
619
619
619
618
618
618
618
617
618
631
631
194
194
206
212
221
235
251
256
262
269
275
282
289
298
308
318
328
339
348
350
348
350
353
354
355
355
356
356
356
357
357
357
358
358
358
358
358
359
359
359
353
359
360
360
360
360
361
362
362
363
362
365
362
363
363
363
362
362
364
364
365
363
364
364
726
726
698
660
635
629
626
624
623
623
623
620
619
619
618
617
616
615
615
618
618
608
608
617
617
617
617
617
618
617
618
617
618
619
619
620
620
620
620
620
621
621
621
621
621
621
621
622
624
627
624
622
622
622
622
622
622
622
622
623
623
623
623
620
216
216
234
248
259
266
271
275
283
292
305
318
328
336
350
350
350
353
355
356
356
356
356
357
357
357
358
358
358
359
360
359
360
359
359
359
360
360
360
360
360
360
360
360
360
360
360
360
360
359
360
360
360
360
360
359
359
360
360
360
360
360
360
360
775
775
756
728
718
718
708
700
683
667
650
640
636
633
631
629
629
628
628
628
626
622
622
621
623
623
624
624
623
623
623
623
623
622
622
622
624
624
624
625
625
625
625
624
624
626
630
626
626
626
626
626
627
627
626
626
627
627
627
627
627
627
627
627
209
209
227
247
256
262
265
271
271
278
283
293
301
319
334
340
346
350
351
351
352
352
352
353
353
353
354
355
355
356
356
356
356
356
357
357
357
357
357
357
358
358
358
358
358
358
358
359
359
359
359
359
359
359
359
359
359
359
359
359
359
359
359
359
784
784
765
743
740
736
726
720
709
700
687
672
656
645
639
638
637
633
633
632
630
630
629
629
628
628
628
628
626
626
626
625
625
624
624
624
623
624
624
624
624
624
624
624
627
627
620
620
624
624
625
625
626
626
626
629
629
639
627
627
627
627
627
627
207
207
220
240
252
259
264
269
272
274
278
283
293
307
334
335
341
344
348
349
349
350
350
351
352
352
352
352
353
353
354
355
355
356
356
356
357
357
357
357
358
358
377
358
358
358
359
359
359
359
359
359
359
359
359
359
359
359
360
360
360
360
360
360
786
786
780
769
753
741
733
727
707
701
701
698
675
660
649
639
639
637
637
634
633
633
633
632
631
631
630
630
629
629
629
628
628
627
626
626
625
625
625
626
625
625
624
624
624
624
624
624
624
623
623
623
623
624
624
624
624
624
624
624
624
625
625
626
200
200
201
222
225
252
257
264
269
277
277
277
293
296
305
331
331
339
343
349
349
349
349
350
350
351
351
351
352
353
353
355
355
355
355
356
356
356
357
357
357
355
355
358
359
359
359
359
359
359
359
359
358
358
359
360
360
360
360
360
360
360
359
359
786
786
781
775
764
748
747
745
728
720
712
690
688
676
665
646
646
644
636
636
636
635
634
633
634
633
631
631
631
629
629
629
628
628
627
627
626
626
626
626
625
624
624
625
625
625
625
624
624
624
627
627
624
624
624
624
624
624
625
625
624
624
625
625
197
197
209
217
234
245
251
258
263
272
277
278
286
299
300
308
321
333
334
344
345
347
348
348
349
350
350
350
351
351
353
353
353
353
353
354
355
355
355
356
356
356
356
356
357
357
358
358
358
358
358
358
358
351
358
359
359
359
359
359
359
359
359
359
