164
191
205
214
223
226
237
240
246
252
254
252
255
257
260
260
263
264
264
264
264
264
265
264
264
264
265
265
265
265
265
268
265
265
265
264
265
265
265
265
265
265
265
266
266
266
266
266
266
266
266
266
266
266
266
266
266
266
267
267
267
267
267
267
970
970
936
917
903
877
876
864
854
848
835
834
821
815
810
802
798
797
789
786
786
783
780
778
774
769
771
769
769
767
766
765
764
761
760
760
759
759
757
755
755
754
754
750
750
751
751
751
749
749
748
747
747
747
747
746
745
744
744
744
744
743
743
742
30
30
57
63
96
107
124
127
131
132
144
150
155
159
166
178
181
183
189
198
201
201
205
209
212
214
217
222
222
222
224
224
225
229
229
229
231
232
232
232
232
235
236
237
237
238
240
241
241
241
241
242
243
244
244
244
244
245
245
245
246
246
246
248
972
972
939
920
903
891
880
874
868
862
860
850
845
840
838
823
822
822
814
812
809
805
798
793
790
789
784
781
777
774
771
765
763
761
758
758
755
751
751
751
750
746
746
746
746
745
744
744
742
742
742
742
742
738
738
739
739
739
741
738
740
737
740
738
15
15
52
71
89
96
97
106
113
115
129
130
136
141
151
157
157
161
172
177
177
181
186
189
191
197
199
202
207
212
220
217
217
217
221
223
224
225
229
229
229
231
234
233
233
233
235
237
235
239
241
242
243
244
244
245
246
246
247
247
247
248
248
249
968
968
940
915
899
890
882
880
870
865
855
854
850
846
841
837
836
829
825
823
818
815
811
806
803
798
795
792
786
784
781
773
773
773
769
765
760
759
758
756
751
750
750
748
746
745
742
738
740
739
739
738
737
736
736
735
734
733
733
733
733
732
732
731
19
19
52
67
77
88
95
100
107
113
117
124
130
139
139
144
149
151
158
163
166
175
179
180
184
188
190
193
198
203
205
205
209
216
216
216
218
220
221
224
225
224
225
223
228
230
232
232
233
235
236
238
238
238
239
240
242
243
243
244
245
245
245
246
968
968
937
918
902
892
887
878
872
868
863
860
854
849
845
839
837
837
834
827
824
820
819
813
808
801
798
798
794
781
781
781
780
777
776
772
767
759
759
759
760
753
753
750
749
748
745
744
743
741
740
738
738
738
736
736
736
735
734
734
732
731
731
731
18
18
47
64
79
84
89
96
108
113
113
117
123
128
132
138
142
147
147
154
158
164
168
173
177
179
181
191
192
192
197
200
202
202
205
211
211
211
215
215
215
220
223
224
224
225
226
227
229
231
231
231
234
236
236
237
237
237
240
241
241
242
242
242
966
966
938
920
905
899
896
891
877
876
865
862
856
853
845
842
842
840
835
834
829
824
821
814
812
810
808
807
804
796
796
788
785
784
777
771
769
769
764
763
757
755
753
753
752
747
745
745
743
741
741
741
739
736
737
736
736
735
734
733
733
733
733
731
17
17
47
62
68
71
91
92
98
104
108
111
118
123
126
131
135
138
140
149
151
153
162
167
175
178
182
182
189
190
190
195
199
202
205
205
206
211
221
213
215
215
218
219
220
222
223
230
230
229
229
229
232
233
233
233
234
233
235
235
243
243
241
241
849
849
824
794
766
748
740
734
730
728
725
724
724
724
723
723
722
721
721
721
721
721
721
720
720
720
720
720
720
720
718
718
717
718
718
718
718
718
717
717
717
717
717
717
717
717
717
717
717
717
716
716
716
716
716
715
715
709
715
720
720
717
715
715
65
65
77
84
91
96
102
107
111
116
120
125
130
135
135
148
154
163
174
184
193
200
206
210
213
215
219
219
219
224
226
226
230
231
232
234
235
237
237
238
240
240
240
241
241
242
242
242
244
244
245
245
246
246
247
247
247
247
247
248
248
248
249
249
916
916
912
899
894
890
887
880
876
872
866
859
854
848
840
832
822
805
799
787
770
766
762
762
754
751
751
749
748
746
743
742
741
740
740
735
735
735
730
730
734
734
734
731
732
732
732
731
731
731
731
731
730
730
729
729
728
728
728
728
727
727
727
727
52
52
59
67
72
72
78
80
89
94
101
111
119
119
133
137
147
157
170
171
177
184
197
197
202
199
202
214
218
218
220
224
225
228
229
233
234
236
237
238
240
240
241
241
243
243
250
239
246
246
247
247
248
247
249
249
249
249
247
250
249
251
251
251
925
925
910
901
899
894
890
886
882
879
878
873
867
865
864
861
852
845
838
832
821
812
803
794
788
784
777
771
766
763
760
760
757
752
751
749
748
745
745
743
743
742
741
741
740
739
738
733
735
735
736
736
736
736
735
735
735
734
733
733
732
732
732
732
46
46
55
58
59
66
74
79
79
82
88
93
98
104
104
110
123
130
139
147
155
162
171
180
183
187
192
199
201
206
211
214
216
220
222
225
229
230
229
230
233
235
235
236
236
239
241
245
245
244
244
244
245
246
246
245
245
248
248
248
248
249
249
249
924
924
912
904
903
897
896
891
888
885
884
878
876
874
871
867
863
860
856
848
836
835
828
820
804
802
800
791
784
778
773
771
767
760
760
760
755
752
751
751
748
747
745
741
741
742
742
742
742
742
740
739
739
739
737
730
730
735
737
737
737
736
735
735
44
44
51
55
58
63
64
69
75
86
86
86
89
100
105
105
110
120
123
131
135
145
154
161
167
175
179
187
199
202
203
208
212
215
217
221
223
223
225
229
231
232
234
235
236
242
242
241
241
241
243
243
244
244
245
245
246
247
247
247
249
248
249
249
923
923
912
905
904
903
897
893
893
885
888
884
881
878
876
873
872
867
866
864
855
847
843
838
832
821
811
808
794
790
787
780
776
771
765
765
761
758
756
752
750
750
749
749
748
747
744
743
743
742
741
740
739
739
739
739
739
738
737
736
736
736
736
736
42
42
47
54
57
61
63
63
63
71
78
81
86
95
95
95
104
108
114
114
121
135
137
149
157
163
171
178
184
185
197
201
208
211
215
218
221
223
223
224
227
231
231
234
235
236
237
240
240
239
239
246
246
244
244
245
246
246
255
257
258
257
253
253
896
896
886
863
852
851
809
796
772
758
750
745
740
736
736
736
734
734
733
732
732
732
731
730
718
718
728
728
728
728
728
728
727
727
727
727
727
725
725
725
724
724
724
724
723
723
723
723
723
723
723
723
722
722
722
722
721
720
720
716
716
719
719
720
52
52
59
65
70
73
78
84
86
89
94
101
108
118
127
138
149
165
172
185
202
208
209
212
217
220
224
229
230
231
234
234
234
236
237
238
237
240
241
241
243
243
244
245
246
246
246
248
260
260
249
249
249
247
247
250
252
252
252
252
252
253
253
254
916
916
908
908
895
895
894
888
887
887
883
880
876
872
865
862
851
841
827
818
805
795
783
775
769
762
756
754
752
747
744
744
744
744
742
739
738
737
736
735
733
733
733
732
731
730
730
730
729
729
729
728
728
727
727
727
727
726
726
726
725
725
725
723
46
46
50
51
60
60
61
67
70
74
77
79
79
88
94
99
109
119
128
138
146
155
164
175
187
195
205
221
221
221
225
228
230
232
235
236
238
239
241
242
243
243
240
240
246
247
248
249
249
249
250
251
251
251
252
255
255
254
254
254
253
253
247
254
915
915
911
910
904
901
900
897
894
891
886
886
884
882
879
872
871
868
864
854
844
833
822
811
801
794
782
775
769
763
757
754
751
749
747
744
742
739
739
738
736
735
735
734
733
733
733
733
732
731
730
729
729
729
728
728
728
728
727
726
726
726
725
723
41
41
49
52
58
58
59
63
68
70
73
79
81
81
90
97
99
106
106
114
119
138
140
150
152
155
169
181
192
202
209
215
220
223
227
230
232
234
235
236
239
241
241
243
244
245
246
247
248
248
250
250
250
251
251
252
252
253
253
253
254
254
257
256
920
920
915
911
906
904
904
902
899
897
894
894
891
888
888
884
881
880
878
872
865
859
850
844
835
827
820
810
807
789
780
772
767
761
759
754
749
748
748
745
743
742
739
738
736
735
735
734
732
732
732
731
730
731
730
729
729
729
727
727
727
727
727
727
41
41
45
49
51
54
55
60
63
65
69
72
73
77
80
83
87
92
96
101
108
113
119
135
137
142
153
156
165
177
189
197
207
214
223
233
230
232
230
230
230
237
239
241
242
245
246
246
246
247
249
250
249
250
251
251
251
256
256
254
254
254
255
255
923
923
917
913
908
907
907
904
902
897
897
897
891
888
888
886
881
879
880
879
872
868
863
858
851
844
835
825
817
810
801
790
784
774
766
763
763
753
751
746
743
742
742
739
739
739
740
740
735
734
728
728
731
731
730
730
729
729
729
729
727
727
727
728
39
39
45
47
50
53
53
56
62
64
64
68
72
77
80
80
83
87
88
94
98
104
114
115
122
129
136
139
150
159
170
181
193
201
208
215
220
224
229
233
233
236
237
240
240
243
243
244
246
248
251
248
250
250
251
252
252
252
251
253
251
254
255
255
907
907
898
892
874
863
842
812
773
753
744
737
734
730
729
726
726
726
722
722
722
722
722
721
720
720
717
717
718
718
718
717
717
718
718
716
716
716
716
716
714
711
714
712
714
712
714
715
715
711
711
711
711
709
709
710
710
712
712
712
712
710
709
710
49
49
55
62
67
69
80
86
87
87
90
96
100
109
112
122
133
143
149
159
176
190
204
215
216
228
233
236
240
241
244
247
249
249
251
251
252
253
254
254
254
254
257
257
257
257
258
258
259
259
259
259
259
260
260
260
260
261
261
261
260
260
261
261
919
919
915
908
905
905
901
900
894
891
887
882
878
863
858
858
851
834
828
815
802
792
784
777
758
754
751
746
741
738
736
733
732
731
729
727
725
721
722
722
722
722
721
716
716
714
718
718
718
718
718
718
718
716
718
715
715
715
715
715
715
714
714
713
33
33
45
48
55
65
64
67
67
70
73
76
81
91
95
100
100
105
105
112
121
127
147
151
167
179
192
202
211
221
228
235
235
237
241
241
241
244
246
247
248
248
250
252
252
252
252
255
255
256
256
256
257
256
257
257
258
260
260
259
259
259
259
259
925
925
921
915
914
912
910
906
902
898
893
892
885
877
875
875
872
871
864
861
857
852
847
838
822
810
792
783
778
767
761
752
748
741
735
732
732
730
730
728
726
725
724
724
723
723
720
720
720
720
719
718
718
718
718
717
716
716
716
715
715
715
714
714
40
39
39
47
50
55
59
66
67
67
71
73
81
84
84
84
95
96
96
99
107
110
110
114
129
133
144
156
174
185
196
205
211
222
232
234
234
239
241
242
244
246
247
248
248
251
252
252
253
255
256
256
256
255
256
257
257
257
257
258
258
258
259
258
927
927
921
918
915
912
908
905
902
897
893
890
887
885
882
882
880
877
873
871
866
862
866
862
855
852
848
843
827
820
798
787
778
769
765
760
754
745
739
734
732
730
728
717
717
724
724
722
722
721
708
708
718
718
718
717
717
717
716
716
716
716
715
715
38
38
43
46
46
50
55
62
63
66
69
70
77
80
80
83
83
90
92
95
96
97
104
108
111
115
118
123
132
146
159
177
189
199
205
207
219
225
232
236
239
242
244
246
247
249
250
250
251
251
252
254
254
254
256
256
256
256
257
260
260
259
259
259
927
927
922
917
914
911
908
904
898
898
893
893
891
887
885
883
881
878
878
875
874
872
869
867
864
859
857
852
849
843
836
824
807
791
783
774
766
762
756
749
738
737
732
728
728
728
726
723
721
721
721
721
720
719
719
718
718
717
717
717
716
715
715
715
35
35
42
45
55
55
55
62
62
64
68
70
72
77
80
84
84
90
90
96
97
98
99
103
104
111
111
114
119
126
133
144
162
177
189
198
203
210
217
224
230
235
240
244
245
247
248
250
260
260
256
253
253
253
256
255
256
256
257
257
258
258
258
258
