163
190
201
209
221
225
230
234
236
240
244
245
245
249
254
252
252
252
253
253
255
255
255
255
255
249
257
255
258
258
259
259
259
259
259
261
261
262
262
262
262
262
262
262
262
263
264
264
264
264
264
264
264
264
265
265
265
266
266
266
266
266
266
266
965
965
943
926
925
903
887
887
873
871
864
861
846
838
831
823
817
809
803
798
784
778
778
773
762
760
758
753
750
746
743
738
736
736
733
731
726
726
726
725
723
723
721
720
719
719
719
718
717
717
717
716
716
716
716
715
714
713
713
713
713
713
713
712
18
18
47
71
92
102
114
123
133
140
147
154
161
167
174
181
187
193
199
205
207
211
215
218
222
223
223
227
228
229
232
235
235
235
237
238
240
241
241
241
243
243
243
243
246
246
247
247
247
248
249
253
253
252
249
249
250
250
250
251
251
251
251
252
987
987
962
932
926
924
913
901
893
889
880
870
860
851
844
834
822
819
811
806
800
792
785
779
772
767
765
761
751
749
748
744
743
740
737
735
732
730
727
726
725
723
722
720
720
712
712
715
716
715
713
713
713
712
712
712
712
712
711
709
709
709
709
709
11
11
39
62
75
87
100
107
112
127
135
142
149
156
156
161
174
176
181
191
192
195
198
202
205
208
209
212
216
217
218
219
221
222
224
225
226
228
230
230
230
231
232
232
233
234
234
235
236
237
237
237
237
239
239
239
240
241
240
241
241
242
242
244
980
980
958
945
934
921
902
900
887
877
870
860
855
848
840
833
829
823
817
814
807
804
796
793
788
785
781
774
770
768
766
762
755
752
752
748
745
743
738
738
734
734
729
728
726
723
721
721
720
719
718
714
714
715
715
714
714
712
713
712
710
710
710
710
8
8
39
54
70
80
92
104
116
127
129
135
146
158
157
158
163
169
170
176
179
184
185
189
193
197
197
202
206
208
208
211
212
213
217
220
220
220
222
222
223
223
225
226
227
227
227
230
230
231
231
231
233
233
235
235
235
235
236
236
236
236
237
240
970
970
956
931
924
908
897
888
880
871
863
859
853
849
842
838
833
825
820
820
819
810
807
800
797
796
795
789
785
778
775
775
772
770
765
765
762
755
751
749
743
742
740
738
736
733
731
730
727
726
724
721
721
721
719
719
717
717
715
714
714
714
714
714
17
17
36
53
67
82
92
101
118
118
121
131
139
142
147
155
159
159
163
166
166
175
179
179
184
187
193
193
197
198
201
204
209
209
211
212
214
217
217
217
217
220
220
223
223
223
223
225
227
227
228
229
229
230
230
233
233
233
233
233
235
238
237
237
974
974
948
932
916
896
896
882
879
872
865
865
856
846
841
841
835
833
830
826
819
815
815
812
808
805
800
797
794
791
787
784
780
778
772
771
764
764
762
759
756
752
744
743
742
742
740
738
735
733
731
728
728
728
725
722
722
722
721
721
719
719
719
719
11
11
43
47
69
81
92
101
106
122
123
131
133
139
141
144
150
153
156
162
164
168
170
173
176
179
184
184
187
191
194
196
197
200
204
204
204
207
209
209
212
214
216
218
218
219
221
221
223
223
224
224
225
226
228
229
228
228
228
230
232
232
233
233
844
844
818
793
768
744
725
723
723
716
716
715
715
716
718
717
717
717
716
717
717
717
718
718
718
717
716
716
718
718
718
719
719
719
719
719
719
719
717
719
720
720
720
720
720
720
720
720
720
721
720
721
720
721
721
721
719
719
721
721
721
721
721
721
66
66
79
98
99
105
107
116
120
120
129
132
135
140
140
146
150
151
160
167
173
177
177
181
186
192
195
205
211
212
215
219
221
221
223
226
228
227
231
229
231
233
233
233
235
235
236
238
238
238
240
240
241
242
243
243
243
237
237
246
248
248
249
249
930
930
914
901
900
891
883
879
878
870
868
864
863
857
854
852
848
844
842
835
832
825
821
812
806
797
791
783
778
777
769
760
757
757
757
757
753
749
748
748
744
744
744
744
743
742
742
742
741
740
739
739
739
739
739
738
738
739
739
737
737
737
737
737
64
64
72
79
83
83
88
93
102
102
106
111
111
113
121
125
126
131
136
137
146
153
157
165
172
177
189
191
196
196
207
210
212
217
221
223
226
226
227
228
229
232
233
233
233
235
236
238
238
240
241
241
241
242
243
245
245
245
246
248
248
248
248
248
926
926
914
900
897
896
887
884
878
877
877
875
874
869
867
864
859
858
858
854
848
848
842
841
836
831
823
819
811
806
797
789
782
777
770
766
764
760
757
756
752
750
747
747
746
745
744
744
743
741
741
741
740
739
738
738
738
737
737
737
739
739
739
735
67
67
71
78
83
89
91
91
93
98
99
103
106
107
108
112
116
117
122
124
127
131
134
140
142
143
152
157
167
169
177
185
189
196
201
208
212
215
220
220
220
223
226
228
228
228
230
230
232
232
233
233
237
238
238
240
240
240
241
243
244
244
244
245
924
924
912
904
896
892
891
886
884
880
880
876
875
873
869
869
867
865
861
858
857
855
854
850
846
838
836
834
827
817
815
812
805
797
792
784
777
776
772
770
764
760
759
757
756
751
751
749
748
748
747
746
746
745
744
743
741
741
741
741
741
740
739
739
60
60
69
74
80
81
86
89
92
94
95
99
101
101
104
106
111
114
115
119
124
124
126
129
133
135
139
143
151
154
159
165
172
181
183
192
197
203
207
207
214
218
220
223
224
225
225
226
227
229
229
231
232
234
234
236
239
240
239
239
239
241
243
245
925
925
909
897
896
891
891
887
883
882
879
877
876
874
873
872
869
868
865
860
859
859
857
853
851
848
846
840
836
833
829
824
818
814
807
800
796
790
785
775
774
771
768
764
761
758
758
754
753
751
750
749
749
747
746
745
745
745
743
743
743
742
742
740
60
60
66
72
80
83
80
83
89
93
93
93
98
99
99
104
99
104
110
112
116
116
121
123
125
128
131
135
140
143
151
155
156
160
169
175
181
188
194
201
205
212
215
220
221
221
223
224
224
225
226
229
228
229
229
232
235
239
239
239
239
240
241
242
887
887
875
873
864
853
845
823
809
787
771
757
749
746
742
742
742
740
739
740
738
738
735
736
736
736
735
734
734
733
733
733
732
732
731
731
730
730
730
728
730
728
728
728
728
725
726
725
725
724
724
723
722
722
722
722
722
720
720
720
720
719
720
720
62
62
74
79
80
89
89
93
97
99
101
104
108
112
113
116
117
121
127
130
130
131
152
158
164
175
187
197
201
208
213
215
223
227
227
231
233
235
238
238
240
240
248
245
246
246
247
247
249
249
249
248
249
251
251
251
251
253
253
254
253
254
254
254
908
908
901
896
894
894
892
877
877
871
871
871
867
862
857
852
847
841
835
828
820
814
801
787
786
779
774
769
768
764
756
755
753
749
748
746
744
743
739
736
736
732
732
732
731
731
729
729
730
730
727
727
727
727
727
726
727
725
725
724
724
725
726
725
61
61
71
72
75
75
81
83
87
91
92
96
98
106
108
111
111
114
116
116
116
122
124
129
133
133
141
149
170
173
182
197
198
204
207
213
218
224
226
227
234
237
240
242
242
243
243
248
248
248
249
249
250
250
250
252
252
253
253
254
254
255
255
254
907
907
901
896
892
889
887
883
880
878
873
872
862
858
849
838
836
824
813
808
801
798
791
784
777
768
768
759
757
751
747
741
739
737
736
734
733
730
730
730
730
729
728
726
726
725
724
724
724
724
724
723
723
720
720
722
722
722
722
722
722
721
721
721
63
63
73
77
79
84
87
88
93
99
99
101
104
107
110
111
112
114
114
116
119
119
123
123
127
133
140
147
159
175
181
190
195
200
207
212
215
220
224
232
233
236
239
241
242
246
246
246
249
249
250
251
251
252
252
253
254
255
255
255
255
255
255
257
910
910
899
894
890
889
887
886
884
881
877
869
868
859
856
852
851
848
840
836
831
828
820
816
811
803
796
792
782
774
767
760
755
751
747
743
740
737
736
732
731
729
727
727
726
725
724
724
723
723
722
722
722
721
721
721
721
720
720
719
717
717
717
720
62
62
69
72
76
82
84
84
87
87
92
95
98
101
104
107
108
112
114
114
118
118
118
121
122
124
125
128
129
139
152
165
181
186
190
196
202
207
212
216
219
223
225
231
231
237
239
241
243
245
245
248
248
249
250
251
252
252
252
253
255
272
255
255
910
910
907
901
897
896
892
890
886
879
877
877
877
876
871
866
862
859
854
850
846
843
840
838
837
825
824
824
817
812
806
798
791
783
773
766
761
756
752
748
740
738
738
735
734
732
729
728
728
725
725
725
723
723
722
722
722
720
720
720
721
720
720
720
74
65
65
67
73
75
78
80
83
84
85
88
88
97
100
101
103
104
108
110
110
112
113
115
115
119
120
123
125
129
133
142
154
166
177
185
191
196
201
207
211
214
218
221
224
231
232
234
237
241
243
243
244
244
246
248
250
252
252
252
252
253
253
253
890
890
874
866
851
841
821
803
771
748
735
727
724
719
718
718
718
718
718
719
718
717
717
717
717
717
715
715
716
716
716
716
716
716
716
716
716
716
716
716
716
716
716
716
716
717
717
716
716
716
715
715
715
715
714
714
715
715
714
714
713
713
713
713
69
69
74
82
87
88
95
104
107
108
109
112
112
117
117
120
123
131
169
172
176
185
195
202
208
216
225
229
235
238
240
242
244
245
248
248
251
251
251
252
254
254
253
253
256
257
257
257
257
257
264
264
259
259
259
261
261
261
260
260
262
262
262
262
904
904
896
889
884
876
870
864
858
856
851
849
848
842
842
842
837
830
824
812
804
788
780
766
761
751
750
743
738
734
731
728
727
725
722
720
721
720
719
718
718
718
716
714
714
714
714
714
713
713
713
713
711
711
711
711
711
710
711
711
711
711
710
710
60
60
66
70
75
80
82
82
86
95
103
110
107
108
108
111
111
109
109
114
116
119
122
124
124
135
142
155
169
182
190
196
201
208
213
221
226
227
233
238
239
241
247
248
251
251
251
253
256
256
256
256
259
259
259
260
260
261
262
262
262
263
263
263
903
903
892
888
886
879
874
871
868
863
861
861
858
853
851
850
849
846
844
842
839
824
823
822
814
799
788
780
770
762
757
754
752
751
748
748
738
734
732
727
725
721
719
719
716
716
716
713
713
713
712
712
711
710
710
710
710
710
710
710
709
709
708
708
61
61
64
70
77
78
79
85
87
93
96
100
103
104
106
107
108
111
115
115
115
119
121
124
127
127
133
139
148
153
169
184
187
195
201
206
209
218
219
225
226
231
236
243
246
252
255
255
255
256
257
262
265
265
259
259
259
259
261
262
262
262
262
262
908
911
908
892
888
881
880
874
874
873
869
865
865
863
858
856
855
853
841
841
846
846
845
840
840
832
829
824
817
805
789
783
775
768
768
763
756
756
753
749
746
743
739
734
729
726
722
719
717
716
714
713
712
712
712
711
710
711
710
709
708
708
708
708
53
53
62
70
70
71
79
84
87
92
92
97
99
99
103
104
107
107
107
111
113
115
118
121
122
126
129
138
143
149
151
156
165
177
187
192
199
202
208
211
215
220
222
228
232
237
242
248
251
253
255
257
258
258
259
260
261
260
261
261
262
262
262
262
917
917
899
893
885
885
878
877
877
869
867
867
865
863
862
861
859
857
855
854
851
849
848
845
842
839
835
831
826
815
808
800
787
780
772
766
761
760
757
757
750
750
746
743
740
735
726
720
719
719
717
715
713
712
711
711
711
710
709
709
709
709
710
708
52
52
61
64
72
74
81
81
83
92
92
94
101
101
101
103
103
103
106
109
110
110
104
104
122
122
126
130
131
138
150
151
155
162
173
183
191
195
199
203
207
207
216
219
222
222
226
226
241
247
250
253
254
256
256
257
258
258
259
259
259
260
260
260
