156
189
207
218
226
232
238
243
245
248
253
256
259
260
263
264
266
267
267
268
270
270
270
272
273
273
273
273
273
273
273
271
273
275
276
276
276
277
274
276
276
277
277
278
283
283
278
278
272
279
275
279
279
280
280
280
280
280
281
281
281
281
281
281
954
954
917
895
875
868
857
849
839
832
817
816
808
800
794
784
783
777
771
763
763
760
756
748
747
745
742
742
741
737
736
734
733
732
730
728
727
726
726
726
724
722
722
721
720
719
718
718
717
717
716
710
710
715
715
714
714
714
714
712
712
712
712
711
15
15
49
71
90
106
119
131
142
149
156
162
167
173
179
187
192
196
202
205
211
213
218
230
230
236
236
237
241
239
242
245
249
251
251
252
254
256
257
257
260
262
263
263
264
265
266
268
268
268
269
270
270
270
270
271
271
272
272
273
273
273
273
271
984
984
939
918
911
900
892
881
873
864
856
842
836
836
824
817
810
801
791
787
781
770
766
764
760
755
751
751
748
741
734
734
733
731
727
725
725
725
720
720
720
720
717
716
716
715
714
714
713
712
711
710
709
709
708
709
708
706
706
706
706
706
705
705
13
13
41
63
80
96
110
122
127
141
148
156
160
168
174
179
184
189
193
197
199
201
213
214
218
218
222
226
230
231
231
234
236
238
238
241
245
247
249
255
255
255
256
259
259
259
260
264
267
265
268
268
268
268
270
270
270
270
270
270
271
272
272
272
970
970
948
928
914
904
893
886
877
872
861
853
846
831
828
822
817
808
799
794
788
780
776
770
766
760
758
754
750
744
743
743
743
735
733
730
728
725
724
724
722
721
720
719
716
714
714
714
712
711
710
709
709
707
706
706
706
709
704
704
704
703
703
703
10
10
40
59
77
93
107
125
130
135
148
155
162
168
174
178
181
187
191
192
195
203
203
207
211
216
219
221
224
224
231
231
231
233
238
239
245
245
245
247
248
251
254
254
264
259
261
260
261
264
264
264
266
266
268
269
271
270
271
271
271
272
272
272
972
972
943
918
915
903
895
886
877
868
860
852
843
834
827
818
809
796
791
790
785
780
774
769
765
761
757
754
752
752
747
742
736
727
728
728
728
728
723
721
721
719
718
717
715
715
711
711
711
708
707
707
707
706
706
705
705
704
703
704
702
701
701
699
8
8
38
58
76
92
106
120
129
139
148
158
162
163
173
179
189
193
193
198
200
204
205
213
213
213
218
221
223
226
228
230
230
234
234
240
241
241
244
245
251
251
251
252
254
256
257
258
259
261
262
262
263
264
264
266
267
267
269
269
270
270
271
271
972
972
939
928
915
899
893
884
876
868
859
850
842
836
822
817
810
802
790
790
784
778
774
769
765
761
760
753
748
748
744
742
739
737
737
736
730
726
726
723
722
719
716
719
716
714
711
710
710
708
707
707
706
705
704
704
703
703
702
701
701
701
700
700
6
6
37
64
76
92
107
120
130
140
147
151
163
168
175
181
185
185
191
195
202
202
206
206
210
216
216
219
220
223
224
225
229
231
231
235
235
238
240
241
243
248
249
249
251
252
255
256
256
258
260
260
263
263
265
265
265
265
267
268
272
272
271
271
817
817
769
743
725
711
705
696
694
694
694
694
694
694
693
693
694
694
694
693
693
694
694
694
694
694
695
695
695
695
695
695
697
697
697
698
698
698
699
699
699
700
700
700
700
700
700
701
701
701
701
701
702
702
702
702
703
702
703
702
703
703
703
703
80
80
110
126
138
154
158
165
169
179
183
188
191
197
205
205
207
213
217
220
223
229
232
236
239
246
246
248
252
253
257
259
261
263
265
268
270
270
270
271
272
274
276
276
277
279
281
281
281
282
282
282
283
284
285
285
285
286
285
286
286
287
287
287
901
901
894
884
875
865
853
843
832
815
814
807
800
785
782
776
770
764
759
754
748
746
743
739
736
733
731
728
727
722
721
718
714
713
714
713
709
708
707
706
705
703
703
702
701
701
702
702
698
697
695
696
696
696
696
696
695
695
694
694
694
694
694
693
84
84
103
118
127
141
148
156
162
172
174
176
178
187
190
196
197
200
203
207
212
213
216
219
221
223
232
232
238
240
240
244
249
258
258
259
263
264
266
267
270
272
277
277
277
277
279
279
280
282
282
283
284
284
285
285
285
287
287
288
288
288
288
290
898
898
890
884
875
863
854
841
831
822
814
807
800
794
788
784
778
773
768
764
764
754
751
751
750
747
739
732
735
735
735
730
729
728
724
724
720
717
717
713
713
710
709
709
708
706
706
705
704
703
700
700
700
700
699
697
696
696
695
695
694
694
694
694
87
87
105
131
132
140
148
155
160
165
175
176
179
185
187
190
196
198
198
199
204
206
208
211
215
217
218
220
222
224
224
228
234
235
240
244
248
252
254
259
259
264
267
269
269
270
273
273
275
279
280
280
281
281
281
282
284
284
284
295
295
287
287
287
899
899
896
882
875
859
856
842
821
812
809
807
805
795
790
785
782
773
770
769
766
762
758
753
753
752
748
734
734
737
737
736
736
732
729
727
725
721
719
719
718
716
714
713
711
708
708
706
706
705
703
702
700
696
698
697
697
697
696
695
695
695
694
693
87
87
109
122
130
141
143
154
158
165
169
172
176
181
184
187
190
193
196
198
199
201
204
207
208
211
211
216
221
222
222
228
229
229
235
235
238
241
244
248
254
256
258
261
265
266
268
270
273
273
275
275
276
277
280
280
281
281
281
279
283
283
284
284
898
898
887
876
873
861
855
843
831
821
815
807
802
797
787
786
779
778
776
768
768
765
761
758
757
754
749
748
746
744
740
739
738
736
734
730
728
727
728
724
720
717
716
716
711
709
709
709
709
706
705
703
701
700
699
699
699
696
696
696
694
694
694
693
88
88
105
119
126
138
143
145
158
169
176
176
178
180
182
190
190
191
192
196
200
202
205
210
210
212
213
215
215
216
220
222
223
225
229
231
232
233
238
242
246
248
251
254
255
263
263
264
266
268
270
272
273
276
276
276
279
279
279
281
282
282
282
283
844
844
804
791
778
761
752
741
731
726
718
710
703
699
695
693
691
686
689
689
689
688
688
688
688
687
688
687
687
687
687
687
687
687
687
687
688
688
688
688
688
688
689
693
689
688
688
688
688
689
689
689
688
688
688
689
689
689
689
689
689
689
689
690
98
98
117
129
135
147
151
159
167
176
176
179
185
186
188
192
194
198
203
203
208
209
212
212
220
220
222
226
226
233
237
239
245
251
253
254
258
260
263
264
264
266
269
270
271
273
273
274
276
276
277
277
277
279
279
279
280
281
281
282
282
283
283
283
895
895
876
861
852
844
838
832
827
821
818
810
804
800
795
789
785
782
777
771
771
763
757
752
747
742
737
733
730
726
721
718
716
712
709
707
704
703
700
700
699
698
697
696
696
696
694
693
694
693
693
692
692
692
692
690
690
690
689
689
690
690
689
688
85
85
95
103
112
120
128
137
143
148
154
158
164
166
173
178
178
180
184
188
189
192
195
196
203
209
210
211
219
220
222
227
229
235
238
243
247
251
253
256
261
264
266
266
267
270
271
270
271
272
272
272
275
275
276
277
277
278
277
278
280
280
280
280
895
895
885
868
862
856
855
844
838
838
831
828
821
812
808
808
802
796
791
785
784
778
773
769
769
760
760
750
746
741
735
734
730
726
723
721
717
713
712
709
706
706
704
702
701
699
698
697
695
695
695
694
692
692
691
691
691
690
689
689
688
688
688
688
78
78
85
95
104
111
117
124
136
138
143
149
154
162
166
166
169
172
180
180
181
183
190
190
193
199
206
207
207
212
214
218
224
227
231
236
239
243
248
254
256
259
259
262
263
263
264
267
268
270
270
270
272
272
272
273
274
275
275
275
276
276
277
277
899
899
883
876
862
861
861
846
844
842
838
835
830
826
821
816
812
807
800
794
793
788
783
780
777
769
765
760
755
741
741
739
737
734
730
727
724
718
715
716
715
710
706
704
704
703
702
702
700
700
697
694
694
694
694
692
692
692
692
690
690
689
688
688
83
83
84
91
97
103
103
115
121
130
135
141
145
151
155
159
163
169
169
172
179
187
190
190
195
195
201
204
206
210
212
214
219
222
222
234
234
237
239
244
247
253
261
257
258
258
261
262
264
264
264
262
262
268
268
269
271
271
271
272
272
272
273
273
899
899
885
877
872
867
862
852
848
848
845
842
838
828
824
822
818
813
812
805
799
796
794
782
776
773
773
770
764
754
752
747
745
742
733
731
729
728
722
719
715
711
711
709
707
706
704
700
700
700
698
697
697
696
695
696
693
692
691
691
691
690
689
688
71
71
79
87
95
100
105
110
126
128
134
134
141
146
153
154
159
163
166
170
175
177
181
185
192
196
196
204
206
206
208
212
218
218
219
225
228
234
238
240
242
244
247
251
252
255
257
258
259
261
262
263
263
265
265
267
267
267
267
267
270
270
270
270
862
862
844
825
812
793
775
756
740
724
714
705
697
695
691
691
688
686
685
684
684
684
684
682
681
680
680
680
680
680
680
680
681
680
681
681
681
681
681
682
682
683
683
683
683
684
684
684
680
685
685
685
688
688
688
688
688
688
688
688
689
690
691
692
77
77
90
102
111
115
129
129
129
139
145
151
159
165
177
185
187
191
191
191
200
208
208
213
226
232
233
235
241
244
248
250
252
252
255
257
259
260
260
263
263
264
267
268
268
269
270
270
272
273
273
275
277
277
277
279
280
280
280
280
281
281
281
283
895
895
881
872
861
851
845
840
832
829
823
817
816
807
806
798
795
792
782
774
766
751
748
742
737
732
730
727
719
713
713
712
710
710
707
703
701
701
699
698
698
696
693
692
691
691
691
688
688
688
688
688
687
687
687
687
688
687
688
688
688
688
689
689
78
78
79
88
95
101
106
113
120
126
132
137
142
162
162
162
163
173
176
184
184
184
184
193
193
193
208
209
216
225
236
240
242
243
246
246
247
250
251
253
254
254
257
258
258
259
259
261
261
264
264
265
266
267
273
273
272
272
272
273
273
273
275
276
898
898
889
880
869
865
858
844
842
833
830
830
824
823
821
819
814
812
810
807
800
797
797
787
783
781
773
772
756
748
742
738
733
730
721
720
716
713
711
707
705
704
703
700
697
697
696
692
692
692
692
690
690
690
690
690
690
690
690
690
691
691
691
691
66
66
74
81
88
91
98
104
106
117
122
130
135
142
145
150
154
159
164
167
172
176
180
186
188
192
195
192
195
200
213
216
220
228
234
234
238
241
247
249
249
252
253
256
260
260
259
259
262
263
265
267
265
267
268
269
269
271
272
276
272
273
273
274
904
904
895
893
879
871
866
860
852
848
845
833
829
826
823
821
820
818
817
816
815
811
809
805
802
797
793
788
782
774
759
753
750
746
742
736
732
728
724
720
719
716
711
710
706
706
703
698
698
698
696
695
694
692
691
690
690
690
689
689
689
689
690
690
62
62
63
79
90
96
96
101
107
111
126
127
135
142
144
148
154
158
161
166
167
171
175
179
180
184
189
193
196
196
200
211
214
219
223
225
229
233
237
240
244
248
252
256
253
256
259
260
261
262
264
265
266
266
267
268
268
270
271
271
271
271
272
272
906
906
904
891
883
876
874
859
854
852
840
836
829
829
827
825
822
820
820
819
818
816
814
811
809
805
802
801
792
785
780
773
769
760
752
744
732
731
728
728
722
720
720
718
713
707
699
703
703
703
702
698
696
695
692
692
692
694
691
696
692
696
694
694
65
65
67
73
80
81
91
98
106
113
120
127
132
140
142
146
148
151
151
159
162
164
169
173
180
180
185
190
192
195
202
203
207
233
233
226
226
229
231
234
238
241
244
246
251
253
254
255
257
260
261
262
265
265
265
265
266
266
267
267
267
267
268
269
