480
480
480
491
491
480
480
480
480
480
479
480
479
480
480
480
480
480
480
480
480
484
484
484
479
480
479
480
480
480
480
479
479
479
480
480
480
480
479
479
479
480
480
480
480
480
480
480
480
480
480
480
480
480
480
479
480
480
480
480
480
480
479
479
620
622
623
623
623
623
622
622
622
622
621
621
621
630
620
620
620
620
619
619
619
619
619
619
621
621
617
612
617
617
617
617
617
617
617
616
608
608
616
616
617
617
617
615
615
615
615
614
614
614
614
613
613
613
613
613
613
613
613
613
613
612
612
612
163
163
177
202
214
237
258
272
280
286
286
291
299
302
306
312
313
313
317
324
324
323
323
325
328
328
329
329
332
334
334
334
334
338
338
338
340
341
342
344
344
344
345
347
347
347
349
349
350
351
352
352
352
354
354
354
355
355
357
357
357
358
359
360
785
785
785
782
779
766
760
760
754
740
738
735
729
724
722
717
716
711
708
708
707
705
704
699
696
695
694
694
691
689
685
683
682
682
670
664
660
653
623
623
625
626
625
623
623
623
623
621
621
620
620
620
620
619
619
619
618
618
618
617
617
616
616
615
151
151
164
177
189
198
207
214
223
223
223
236
244
248
248
251
255
260
262
263
265
266
270
271
273
275
275
276
278
279
279
281
283
281
288
293
297
300
304
308
322
322
322
326
336
346
347
355
355
355
355
356
357
358
358
358
359
359
360
361
365
362
362
362
785
785
785
785
785
785
785
780
776
767
766
757
751
741
740
736
731
728
726
721
721
715
715
715
712
712
709
708
703
703
703
701
698
696
695
691
690
687
684
681
673
669
670
669
665
651
641
639
638
624
621
618
618
618
618
618
618
618
617
617
617
616
616
615
132
132
153
165
175
186
194
199
207
213
228
228
228
231
233
238
241
245
247
251
253
255
256
259
259
261
265
266
267
268
270
271
272
275
279
290
282
284
284
287
292
297
298
298
307
307
313
316
321
326
336
347
347
358
358
359
360
360
361
361
362
362
362
363
785
785
785
785
784
785
785
785
785
779
773
769
763
758
753
752
744
740
735
732
726
726
726
722
720
718
716
715
715
713
710
710
710
704
702
699
695
693
693
690
688
686
682
666
666
667
667
666
656
652
638
630
624
621
619
618
618
617
617
617
617
615
615
615
140
140
151
153
161
182
195
202
210
213
213
218
225
226
226
233
240
240
240
252
252
253
253
255
257
259
260
262
263
265
265
269
269
271
273
273
275
277
280
280
281
283
288
290
294
295
303
305
312
315
320
325
334
353
353
359
360
362
362
363
364
365
365
365
785
785
785
785
785
785
786
786
785
785
779
776
769
763
760
750
745
745
744
737
735
730
729
726
723
721
721
719
716
716
713
711
700
706
705
706
705
700
698
696
691
682
685
684
684
679
675
666
661
661
655
645
637
631
626
624
622
620
619
618
619
618
618
618
137
137
149
156
174
183
183
190
196
202
206
217
220
220
224
225
230
233
237
239
242
245
247
248
251
257
257
256
256
257
257
264
264
264
264
264
271
272
272
272
274
280
280
282
282
287
290
293
293
303
303
307
312
316
321
328
335
341
345
349
352
354
356
357
752
752
736
718
703
672
639
619
617
615
612
612
612
612
611
611
611
610
610
610
610
609
609
609
609
609
609
609
609
610
610
610
609
609
610
610
611
612
612
611
609
610
610
610
611
610
610
609
609
609
608
608
609
609
609
610
609
610
609
609
609
609
609
610
179
179
202
219
231
241
256
256
256
260
266
270
273
274
283
293
298
305
311
314
321
334
348
360
361
363
363
365
365
366
366
366
367
367
367
368
368
368
369
369
369
369
369
372
372
369
369
370
370
370
370
370
370
370
370
370
370
369
370
371
371
365
365
365
785
785
783
771
756
746
738
732
726
723
717
715
713
712
706
704
704
699
696
696
688
684
680
677
673
672
667
666
655
637
635
631
629
629
626
625
624
623
622
622
622
622
620
620
621
624
624
635
618
618
609
609
617
618
618
619
619
619
619
619
619
618
618
618
164
164
194
199
214
224
236
243
243
247
249
255
257
259
261
265
271
275
275
280
286
290
294
297
301
305
308
313
318
326
339
347
353
354
356
357
357
358
358
360
360
360
360
360
361
361
360
360
360
361
361
361
361
361
361
361
361
363
363
361
361
361
361
361
785
785
785
783
777
767
759
751
746
741
735
730
727
725
720
720
719
716
716
716
707
705
705
700
695
685
682
678
678
671
667
650
632
632
628
625
624
623
621
620
620
619
619
619
619
619
619
620
621
621
620
619
619
619
620
620
622
622
620
620
620
620
620
618
161
161
180
185
208
218
224
230
236
244
246
246
251
251
251
256
259
262
268
271
271
280
289
289
293
302
303
306
310
312
320
335
346
349
352
356
357
358
359
359
359
359
359
360
360
360
359
359
359
360
360
360
359
359
360
360
360
359
360
359
360
361
361
361
782
785
785
785
785
776
766
758
757
747
742
740
734
730
728
728
723
722
720
717
714
711
707
703
698
693
688
683
680
677
672
669
658
655
638
629
628
625
622
622
622
622
621
621
621
621
621
620
620
620
620
620
620
608
608
620
620
620
620
620
620
620
620
620
159
159
178
191
203
212
217
212
227
238
241
243
243
250
251
257
259
259
261
264
268
275
278
281
287
292
297
302
307
311
316
324
336
343
351
352
354
357
357
357
358
358
362
362
359
359
359
360
359
359
359
359
359
359
359
359
359
359
359
359
356
359
360
360
785
785
785
785
785
777
768
755
749
749
744
741
741
736
731
729
727
724
724
722
714
713
713
704
701
695
691
687
682
679
675
671
669
660
645
631
625
624
624
624
623
623
623
623
621
621
621
621
621
621
622
622
622
623
623
606
606
620
621
620
611
611
621
621
164
164
192
192
203
212
219
221
227
236
240
247
247
247
251
255
258
264
264
264
266
270
274
279
284
291
296
301
306
311
317
324
336
341
345
353
354
355
356
357
357
357
357
358
354
358
357
358
358
358
358
358
358
359
358
359
359
359
359
359
359
359
359
359
764
764
729
729
720
692
678
670
633
624
623
623
622
622
622
622
621
621
621
620
620
611
621
621
621
621
621
621
621
621
622
622
621
621
621
621
621
621
621
621
621
621
621
621
621
621
621
620
620
620
621
621
621
621
620
620
620
620
620
620
621
620
620
620
200
200
216
229
232
238
244
251
255
260
265
269
271
279
296
304
310
321
328
346
355
357
358
358
358
359
359
359
359
360
360
360
360
361
361
361
361
362
362
362
362
362
362
361
362
362
362
362
362
362
362
362
362
362
362
362
362
362
362
362
362
362
362
362
777
777
760
750
745
736
732
728
723
723
716
716
713
708
702
693
680
676
676
671
665
652
633
629
629
627
627
627
626
626
626
626
626
625
625
625
626
626
625
625
624
624
624
624
625
625
624
624
624
624
625
625
625
626
625
624
624
624
624
624
624
624
623
623
197
197
217
221
232
241
249
257
263
268
274
282
289
298
305
309
321
328
332
344
352
356
359
363
365
365
365
366
366
366
366
366
366
365
364
364
364
364
364
362
361
360
360
360
359
359
359
360
360
360
360
360
358
358
358
357
357
359
359
359
359
360
359
359
784
784
754
753
740
739
739
732
728
725
719
717
705
700
700
699
684
678
677
669
657
641
634
631
630
629
629
628
628
628
628
628
628
628
627
627
627
627
629
632
632
626
626
627
627
627
627
627
626
626
626
626
627
626
626
626
626
626
626
626
626
626
626
626
200
200
210
218
227
242
245
246
256
256
256
266
273
280
290
297
304
312
320
333
333
333
348
350
352
352
353
352
344
344
353
354
354
355
355
355
355
355
355
355
356
356
356
356
356
356
356
356
360
360
363
357
356
356
356
357
358
358
357
357
357
357
358
358
785
785
770
762
751
749
744
738
730
727
727
724
719
713
697
683
697
683
677
671
662
646
638
633
631
630
630
634
634
629
629
629
628
628
628
628
628
629
629
628
627
627
627
627
627
627
627
627
627
627
628
628
627
627
627
627
618
618
626
627
627
627
626
626
191
191
213
215
215
226
231
246
250
252
258
258
269
277
289
289
304
308
318
330
330
341
348
350
350
350
351
352
353
353
353
354
353
353
353
354
354
355
355
357
360
360
354
354
355
355
355
356
355
355
355
356
356
356
356
356
356
356
356
356
356
357
357
362
785
785
773
769
759
747
747
743
740
734
730
726
720
713
707
698
690
682
675
667
658
642
637
633
633
633
631
631
630
629
629
629
630
630
629
628
628
628
628
630
630
628
628
628
628
627
627
627
628
631
631
628
627
626
626
626
627
627
627
626
626
626
626
626
192
192
209
216
224
231
238
242
246
252
258
264
272
285
291
299
304
310
330
330
330
348
366
349
350
350
351
351
352
354
354
354
354
354
353
353
353
354
354
355
355
355
355
355
355
358
358
355
355
360
361
360
359
356
354
354
359
359
361
361
359
353
353
355
748
748
720
697
662
635
631
629
629
628
627
626
627
625
625
624
624
624
627
625
625
625
626
626
626
624
626
626
626
626
624
623
624
622
625
622
627
622
628
623
626
623
626
624
625
624
625
625
625
625
626
626
626
627
626
627
626
627
628
628
631
629
631
629
203
203
223
224
239
245
255
257
270
281
299
307
326
339
339
349
354
355
355
356
356
357
358
361
358
361
358
361
359
361
360
363
360
362
361
362
362
362
362
361
361
360
359
359
358
358
358
358
356
356
355
355
354
354
354
355
358
361
358
359
357
358
358
363
657
657
557
529
501
498
496
496
496
494
494
494
493
493
493
498
500
707
709
707
704
700
700
687
676
674
663
649
657
628
636
625
636
623
628
622
627
623
627
625
629
625
628
624
628
623
628
625
628
625
628
625
630
625
629
626
629
626
630
626
630
626
631
627
220
220
234
247
250
247
263
272
279
304
306
326
339
347
348
352
352
352
352
352
354
352
354
352
354
353
354
354
355
355
357
358
358
357
357
357
357
357
357
357
357
357
357
357
357
357
357
357
357
357
357
356
356
356
355
359
355
354
353
353
353
352
352
353
779
779
768
768
758
744
737
731
719
719
715
708
698
690
678
664
640
638
635
633
631
631
631
630
630
629
629
628
629
628
628
627
627
627
627
627
627
627
627
627
626
627
607
628
628
628
630
630
630
631
630
631
631
632
631
632
632
632
633
632
633
633
634
634
203
203
215
228
239
245
250
256
260
265
271
275
284
296
304
314
329
342
344
344
346
347
348
349
349
350
350
351
351
351
352
352
352
354
354
354
354
354
354
354
355
356
358
356
355
355
355
355
355
353
353
353
353
353
352
352
350
350
350
350
350
349
349
349
783
783
763
755
755
754
743
736
735
732
722
719
715
709
699
685
673
655
645
638
636
635
633
633
633
632
632
631
632
630
633
630
630
630
629
629
629
630
630
629
629
629
629
630
630
629
629
630
630
630
632
631
631
631
633
633
633
622
622
628
634
633
634
634
189
189
220
228
231
239
246
251
256
259
263
267
273
282
291
303
315
330
337
341
344
346
347
348
352
352
352
351
352
352
352
352
353
353
354
354
354
354
354
354
354
354
355
354
354
354
354
354
353
352
353
352
352
352
352
351
350
350
350
349
348
348
348
348
785
785
771
758
756
751
745
740
736
731
706
706
716
716
711
703
692
679
664
645
639
636
636
636
634
634
634
633
632
632
632
632
632
632
632
632
632
631
631
630
631
631
631
630
630
630
630
631
631
631
631
631
632
632
632
632
632
634
634
633
633
634
634
635
196
196
204
214
223
233
242
246
246
251
260
263
268
273
282
291
305
316
329
337
340
343
344
346
347
347
349
350
350
350
350
351
352
352
353
353
353
351
351
354
354
354
354
354
354
354
353
353
354
354
351
351
353
353
352
352
351
350
350
349
349
349
349
347
