480
480
480
480
480
480
481
480
477
477
480
480
480
479
480
479
480
479
480
479
480
480
480
480
480
481
480
480
479
480
479
480
480
480
482
480
481
480
480
480
480
480
480
480
480
480
480
480
480
480
480
479
480
480
480
480
471
471
479
480
480
480
479
480
612
612
612
612
609
609
609
608
608
609
609
609
609
610
610
611
614
611
611
610
610
611
611
611
609
609
607
607
608
608
607
607
607
608
607
606
604
603
603
602
604
604
604
604
603
602
602
602
600
599
600
599
598
598
599
599
599
599
599
595
595
598
598
598
216
216
230
237
261
270
282
303
308
319
324
328
334
339
341
346
350
353
355
358
363
364
364
368
368
368
372
374
375
375
377
377
378
379
380
380
380
382
383
383
383
382
383
384
384
384
384
383
385
384
385
385
385
385
386
386
386
386
386
386
386
387
386
387
781
781
762
749
733
721
711
703
695
688
683
678
675
669
668
665
664
662
659
654
650
647
643
641
638
633
631
627
624
623
620
618
617
615
613
613
619
619
613
612
612
611
610
610
610
609
608
607
608
608
608
608
607
608
607
607
606
605
606
605
606
606
606
605
215
209
215
232
249
258
264
275
279
286
290
296
301
303
307
310
312
321
321
321
326
330
331
336
338
343
345
350
353
355
360
360
364
370
372
373
376
379
380
380
382
382
383
383
383
384
384
385
385
385
387
387
387
387
387
387
387
387
387
388
388
388
388
388
781
781
760
748
734
726
714
707
700
693
684
684
684
676
673
670
665
662
659
655
653
650
648
645
645
641
635
633
629
625
624
624
624
616
616
616
616
609
606
605
604
604
603
603
603
603
602
602
602
599
598
598
600
600
599
599
599
599
599
600
600
600
600
600
189
189
227
237
250
261
270
281
283
291
291
291
302
302
305
312
315
317
322
323
324
326
326
333
339
343
343
349
352
354
358
361
362
366
371
372
372
376
377
378
380
380
382
385
385
385
385
385
384
384
385
385
385
385
385
386
386
386
385
385
378
380
380
388
780
780
766
753
742
732
720
715
710
705
700
692
686
679
679
675
675
670
670
669
660
656
654
648
646
643
640
639
638
633
633
626
626
626
624
619
616
615
616
611
616
611
609
608
608
608
608
608
608
606
605
605
605
604
604
604
604
605
604
605
604
604
603
602
202
202
229
231
242
252
260
267
273
281
281
287
291
293
297
303
305
306
310
315
317
319
323
325
325
329
334
337
342
344
347
350
352
356
361
362
363
366
370
371
373
377
378
379
380
381
383
383
383
384
386
386
387
387
387
388
388
388
388
388
381
381
388
390
780
780
768
752
740
731
721
713
706
700
696
690
686
681
678
675
668
665
665
660
660
656
653
653
646
644
640
637
635
634
631
627
624
619
617
617
614
613
612
610
609
596
596
605
605
604
603
602
602
601
601
601
601
600
600
600
600
600
600
600
600
600
600
600
208
208
223
239
248
256
265
273
276
276
286
292
299
303
304
308
310
312
315
318
321
322
329
335
338
338
341
345
345
347
353
355
358
360
363
367
369
371
373
376
377
377
396
380
383
383
383
384
383
386
386
386
388
388
388
388
388
388
389
389
389
389
389
389
678
678
653
629
611
605
604
602
602
602
601
600
600
599
598
597
598
597
597
596
596
596
596
596
597
597
597
595
595
597
597
597
597
597
598
597
599
600
600
599
598
591
596
596
596
598
596
598
598
598
595
595
595
595
595
598
595
595
595
594
594
594
593
595
246
246
269
288
294
299
308
312
318
324
330
335
337
349
360
371
375
381
381
385
387
389
389
389
390
391
391
392
392
392
391
391
391
391
391
390
391
390
389
389
388
389
388
390
389
390
389
391
392
392
392
391
391
390
392
389
392
396
396
399
399
399
394
393
743
743
726
720
707
692
688
669
663
663
658
651
646
644
637
626
621
617
611
609
611
609
608
606
603
603
601
601
600
601
601
601
601
601
601
601
601
600
601
600
601
600
601
600
600
600
600
600
600
600
598
598
598
597
599
599
599
599
599
598
598
598
599
599
239
239
279
282
287
294
301
306
312
315
322
324
331
336
341
348
355
364
368
371
375
378
379
382
382
382
386
381
386
386
388
391
391
388
388
388
388
388
388
388
403
394
394
393
393
393
388
388
388
388
389
390
390
390
389
389
389
389
391
388
391
391
391
391
748
748
735
724
713
703
690
685
673
667
667
662
656
654
645
643
634
625
617
616
616
613
612
612
608
608
607
607
607
606
604
604
603
603
602
602
602
602
602
602
607
601
601
601
602
602
603
603
603
602
602
602
601
602
603
604
603
604
603
603
603
600
601
600
235
235
258
275
288
291
305
316
320
324
326
330
330
332
336
345
350
354
359
363
369
369
375
375
376
377
379
379
380
382
383
384
384
386
385
388
387
387
387
389
389
389
389
389
388
385
384
384
383
385
383
383
383
383
384
385
384
385
382
385
385
386
387
390
736
736
721
714
703
689
681
672
657
657
652
649
648
648
645
645
646
646
643
634
625
622
622
620
620
614
614
611
611
609
609
605
604
604
604
606
602
601
600
600
598
599
596
598
598
598
599
600
603
605
605
605
606
604
605
605
605
604
604
604
605
604
604
604
250
250
264
273
282
305
315
315
328
332
339
347
347
350
348
348
348
345
345
345
359
363
368
369
372
373
375
376
378
379
378
380
381
383
385
388
390
393
398
398
399
399
400
399
399
398
392
390
386
385
384
382
381
381
381
380
380
379
378
379
377
380
379
382
751
751
730
714
701
689
683
667
667
664
655
645
644
638
637
635
632
628
627
624
624
624
629
629
625
622
620
620
625
625
624
620
618
615
609
595
602
602
602
599
596
595
594
594
593
594
558
594
594
594
595
598
600
601
601
603
604
604
606
608
612
613
613
611
221
221
236
243
278
292
308
317
319
325
335
342
342
357
367
373
375
380
382
382
382
384
382
374
373
371
368
359
359
372
373
375
377
379
379
384
384
383
383
384
385
386
387
387
388
388
391
391
389
385
385
389
389
391
392
392
385
384
383
382
381
380
380
380
694
694
657
631
623
617
617
614
614
609
603
598
587
598
604
607
607
604
604
595
595
599
601
602
607
607
604
598
598
598
599
600
603
606
606
603
601
600
600
602
605
605
606
606
594
594
600
602
607
607
606
606
604
604
603
605
606
606
612
612
606
604
598
598
257
257
277
291
309
326
327
327
332
340
366
370
375
379
382
379
379
378
379
381
384
384
384
380
380
383
383
383
383
383
383
384
380
380
380
382
384
384
384
384
385
385
383
382
383
383
384
384
384
382
382
382
382
383
382
376
376
382
384
383
383
380
380
384
742
742
730
710
689
684
677
666
664
657
648
642
639
623
614
614
614
613
611
611
612
612
609
609
609
609
609
610
610
610
610
610
609
609
609
609
608
608
608
608
608
608
607
607
608
608
608
609
612
609
607
607
607
607
609
607
607
607
607
607
607
606
607
606
240
240
255
274
287
296
305
311
321
329
334
341
361
364
367
372
373
373
374
368
374
377
378
377
365
365
371
378
378
378
378
379
379
379
378
378
380
380
380
380
380
379
379
379
380
380
381
381
378
372
378
380
380
380
381
381
381
380
380
380
380
380
380
382
747
747
735
725
712
701
692
681
669
665
660
655
650
640
631
621
615
615
615
614
613
613
612
611
611
611
612
612
610
610
611
611
606
606
608
610
610
609
609
612
612
608
608
608
608
608
608
607
604
607
607
607
607
608
608
608
605
605
607
607
607
606
606
606
234
234
245
259
270
278
290
301
303
319
329
331
343
353
359
362
368
368
374
372
375
374
375
374
375
374
375
377
377
375
375
377
377
377
379
379
378
378
378
378
378
379
379
379
378
378
379
379
378
378
379
380
380
371
371
380
380
380
380
380
380
381
381
380
752
752
744
733
716
707
700
694
685
670
667
664
656
646
640
632
626
622
617
615
614
614
613
613
613
611
611
611
608
608
606
608
606
605
605
610
610
608
607
607
608
608
609
609
609
609
609
608
608
608
608
608
606
606
608
608
607
605
605
607
607
607
607
606
227
227
238
248
258
275
283
302
306
314
319
328
335
345
353
358
363
368
370
370
370
373
373
374
373
375
376
376
376
375
375
375
377
377
375
375
378
378
376
376
376
371
378
378
378
378
378
378
378
377
377
380
380
379
378
378
379
379
379
379
380
380
380
378
753
753
747
737
726
706
700
698
677
674
667
667
661
647
646
638
630
626
621
617
616
616
615
611
611
612
612
611
610
610
611
611
610
609
609
610
610
609
609
609
610
609
610
609
609
608
608
608
607
607
608
608
608
607
607
607
607
607
607
607
607
607
606
606
228
228
235
240
244
265
274
286
295
304
313
320
328
336
347
355
361
365
368
369
370
371
371
374
374
374
374
374
376
376
376
376
376
376
376
376
376
378
377
378
377
377
377
377
377
377
378
379
379
378
378
380
380
379
379
379
379
379
379
378
378
378
380
380
703
703
673
645
618
615
614
609
608
608
606
606
607
607
607
605
606
606
606
605
605
604
604
605
605
605
605
603
603
605
605
605
605
605
600
600
606
606
606
606
608
611
611
608
607
608
610
610
610
609
609
609
610
610
611
610
609
609
610
610
610
610
610
610
237
237
251
265
277
287
295
295
308
317
324
338
353
362
369
372
374
377
377
377
377
376
375
376
378
378
378
377
377
378
378
379
379
379
379
379
378
378
375
378
377
378
377
377
376
376
376
376
376
375
375
375
375
376
376
374
373
374
374
374
375
374
374
374
752
752
736
721
711
700
700
698
684
676
669
656
645
631
624
618
617
612
611
611
610
611
610
612
604
607
607
610
610
609
608
608
609
609
613
613
613
612
610
609
609
609
609
610
612
612
612
610
610
610
611
611
611
611
611
611
613
614
613
611
611
611
611
612
232
232
239
255
270
282
286
297
303
303
303
308
324
334
348
361
368
372
372
373
373
373
374
374
374
374
375
376
376
376
374
376
376
377
377
376
376
376
376
377
377
376
375
376
379
379
376
375
375
375
375
375
375
376
376
375
375
375
374
373
372
372
372
373
752
752
741
735
720
709
704
697
689
683
677
669
665
654
642
632
624
620
616
616
613
613
613
613
612
612
612
610
610
610
611
577
610
609
609
607
607
609
609
609
608
610
610
610
610
608
608
610
610
611
611
611
611
611
611
611
612
611
612
612
612
613
613
613
229
229
237
253
261
269
276
282
290
297
304
307
312
321
332
357
361
360
361
368
371
371
371
371
372
373
374
374
374
374
374
375
376
375
372
372
376
376
376
376
375
376
375
375
375
375
376
376
377
377
377
376
375
375
376
376
376
375
375
375
375
374
374
374
753
753
743
736
728
707
706
706
693
686
680
674
667
660
651
641
634
629
620
618
616
615
615
614
614
612
612
612
612
612
612
612
612
612
612
612
612
610
610
609
610
608
610
608
610
611
611
611
610
609
610
611
611
610
610
610
610
611
611
612
612
613
613
613
230
230
238
241
252
265
265
273
281
284
300
306
314
318
324
332
345
357
363
366
367
369
370
371
371
371
371
372
373
373
373
373
372
370
370
375
375
374
374
376
378
378
376
375
375
377
378
377
381
375
379
377
377
377
377
377
376
376
376
377
375
377
375
374
752
752
750
734
726
713
713
695
693
687
680
672
665
660
651
644
635
623
620
620
620
617
615
615
615
615
614
613
613
612
612
612
612
611
610
610
610
610
610
610
610
610
611
611
611
610
610
609
609
611
611
611
611
612
611
611
611
610
610
610
610
612
612
612
231
228
231
245
251
263
266
275
281
295
309
309
309
318
327
335
346
355
359
365
366
369
370
370
373
373
373
373
373
373
373
374
374
374
375
375
375
376
376
376
376
376
374
374
378
378
375
375
375
376
375
377
375
375
375
375
376
377
377
376
376
376
376
376
