185
214
228
243
245
250
254
257
259
262
263
264
266
266
267
268
268
268
268
268
268
268
268
268
268
268
268
268
268
268
268
268
268
268
268
268
268
268
268
268
268
268
268
268
268
269
269
269
268
269
269
269
269
268
268
267
267
267
267
269
269
269
269
269
947
947
921
895
880
864
851
838
832
821
813
806
800
793
790
784
779
771
770
765
762
757
754
752
749
746
744
740
739
740
739
736
734
732
731
731
729
729
727
726
726
725
725
724
723
723
722
721
720
718
719
719
719
719
718
718
718
717
717
717
716
716
716
716
37
37
67
86
106
115
125
138
148
159
169
184
187
193
200
205
207
213
216
221
223
226
228
229
229
230
232
233
234
235
238
238
242
243
243
243
243
244
246
246
247
247
249
249
249
249
250
250
251
250
251
251
251
252
252
253
253
253
253
253
253
254
255
255
956
956
932
908
890
876
864
855
843
833
824
815
802
799
791
785
778
771
763
761
761
756
746
745
742
740
737
733
731
731
728
728
726
724
723
723
722
719
719
718
718
717
716
716
716
715
715
715
715
714
714
715
715
714
713
713
713
713
713
713
712
712
712
712
30
30
64
81
95
108
118
128
138
148
157
161
171
182
183
183
193
196
202
204
207
213
213
214
218
222
222
222
225
226
228
231
232
237
235
236
235
236
238
239
252
246
246
245
245
245
246
246
246
247
248
249
248
249
251
251
252
252
252
252
252
252
252
254
964
964
934
913
898
884
865
862
847
844
831
827
822
815
804
799
793
788
782
771
767
767
763
757
756
751
748
748
746
740
740
737
735
734
731
731
729
728
726
725
725
723
723
721
719
719
719
719
718
716
716
716
715
715
713
713
713
713
713
712
711
711
711
712
29
29
60
81
106
110
119
124
137
139
153
158
167
172
175
185
189
189
194
195
203
203
206
211
212
211
212
215
218
220
221
223
224
225
229
234
232
232
232
234
236
237
237
239
240
241
242
243
243
246
247
247
248
248
249
249
249
251
252
255
255
253
253
254
968
968
937
916
900
885
873
865
857
850
841
832
831
820
813
807
801
795
790
783
779
773
768
764
758
756
752
752
747
744
741
740
736
735
735
733
731
731
727
727
727
725
723
722
723
722
721
720
720
718
720
717
717
717
716
714
714
714
714
713
712
713
712
711
29
29
59
79
91
105
116
125
131
140
147
158
160
166
171
174
185
190
193
195
195
199
199
203
207
207
210
212
214
215
216
219
221
224
224
224
230
230
230
229
230
233
233
236
236
237
238
239
241
241
243
244
245
247
247
247
248
249
249
250
250
251
256
256
968
968
936
917
902
888
877
868
860
853
838
838
832
827
818
813
808
803
796
791
786
779
775
770
765
757
755
754
751
748
745
743
741
739
736
736
733
730
730
729
728
726
725
725
724
723
721
721
721
720
719
719
717
719
717
716
716
715
715
714
714
713
713
712
23
23
57
77
92
103
111
124
128
139
143
148
155
159
166
171
177
180
186
187
191
194
200
201
202
203
207
209
212
214
214
216
218
220
220
222
224
224
225
226
228
229
232
232
232
235
236
236
237
238
238
241
241
242
243
245
245
246
247
248
248
248
249
250
819
819
776
745
731
723
717
714
711
710
709
708
708
709
709
708
708
708
707
707
707
707
707
707
707
706
707
706
706
705
705
705
705
705
705
705
705
705
705
705
704
704
704
705
704
704
704
703
703
703
703
703
703
703
703
703
703
703
703
702
702
703
703
703
87
87
99
108
117
127
138
149
160
170
181
189
199
208
211
216
220
227
230
232
233
236
238
239
240
240
243
248
248
247
247
248
249
249
249
250
252
253
253
253
253
254
254
254
256
257
257
257
259
259
259
260
261
261
261
261
261
262
263
264
264
264
264
265
912
912
890
884
874
870
859
849
839
828
812
803
796
774
774
765
758
754
750
745
742
738
735
733
727
726
726
726
722
722
721
719
718
717
717
716
715
714
714
714
713
713
713
712
712
711
711
711
711
711
710
708
708
709
709
709
709
709
711
709
708
708
708
708
74
74
86
93
101
108
117
124
132
139
146
148
163
172
176
181
187
192
194
198
202
207
211
215
217
222
224
228
232
236
236
239
241
244
245
245
247
247
252
258
258
258
258
258
258
260
260
260
262
262
262
262
264
265
264
264
264
264
265
265
265
266
263
266
913
913
899
893
882
875
867
859
850
841
830
820
809
800
788
781
773
765
763
758
754
750
747
743
740
739
736
735
732
732
727
727
726
724
724
722
721
721
719
719
719
718
712
712
716
716
715
715
715
714
711
713
713
713
713
712
711
711
711
711
711
711
711
711
72
72
83
87
99
105
113
120
125
134
142
148
154
154
161
174
184
186
188
189
197
198
206
210
214
217
221
224
227
229
231
235
238
239
243
244
246
249
251
251
252
253
255
256
257
257
257
258
259
259
260
260
261
262
262
262
262
263
263
263
263
263
264
264
916
916
902
883
883
878
871
864
850
843
825
816
808
806
798
789
782
763
763
763
759
757
752
750
747
744
739
738
737
735
734
732
732
729
726
726
725
725
723
722
721
720
720
719
719
719
719
718
717
716
716
716
716
716
715
714
714
713
713
713
713
714
714
712
69
69
88
88
93
107
110
113
121
127
139
141
144
152
158
165
170
176
182
188
192
198
201
213
213
213
216
222
224
224
227
230
230
232
239
241
241
243
247
247
248
251
251
253
254
255
256
256
256
258
258
259
259
259
259
261
261
261
260
260
262
263
263
263
919
919
905
899
888
881
874
867
858
850
841
832
824
810
805
796
787
781
773
768
761
760
753
749
747
743
741
739
738
735
733
732
728
724
724
726
726
724
723
722
722
722
721
719
719
720
720
718
718
717
718
717
717
717
716
716
715
715
715
715
714
714
714
714
72
72
78
93
95
95
107
113
120
127
132
137
144
150
155
162
168
173
181
185
191
200
201
207
208
212
215
219
225
227
227
230
232
234
237
238
239
241
246
247
248
250
252
253
254
255
255
256
257
258
258
258
257
257
260
260
260
260
260
261
262
262
262
262
864
864
829
795
758
751
740
732
726
722
718
717
716
716
714
714
713
712
712
711
711
711
710
709
707
706
707
703
705
705
707
707
707
706
706
706
706
705
705
705
705
705
704
704
704
704
704
704
703
703
702
702
702
702
702
702
702
702
702
701
701
702
703
702
86
86
94
113
113
131
131
145
154
164
178
187
195
203
213
221
225
229
239
240
242
245
247
249
250
251
255
256
257
258
259
261
262
262
262
263
263
264
265
265
265
265
265
266
266
267
267
267
268
267
268
268
269
269
269
269
269
270
270
272
272
271
271
271
892
892
874
856
840
819
809
794
783
775
770
757
751
746
742
738
738
734
729
727
724
721
720
718
718
716
715
714
713
713
712
711
711
710
710
709
709
709
709
709
708
708
707
707
707
707
706
706
706
706
706
706
705
705
705
705
705
705
704
705
704
704
704
708
79
79
90
95
107
115
119
131
139
148
156
165
178
178
179
200
208
216
221
227
234
239
239
244
244
247
249
251
253
256
257
257
259
260
261
261
262
265
263
264
264
264
265
265
266
266
266
266
267
267
267
267
268
268
268
268
268
269
269
270
270
269
267
269
907
907
892
887
872
864
852
843
833
822
808
804
783
781
774
769
760
758
751
747
743
739
738
728
726
726
726
726
724
723
722
720
718
717
716
716
715
715
714
713
713
713
712
710
710
710
711
710
710
710
709
709
709
709
708
708
708
708
708
707
707
707
707
707
69
69
85
85
91
100
107
112
122
127
135
147
150
165
170
180
189
198
207
213
225
228
229
234
237
237
242
245
247
248
250
253
254
255
256
257
257
259
259
261
261
262
262
263
264
264
264
264
265
265
265
269
269
266
266
266
272
272
267
267
268
268
268
268
911
911
894
889
869
861
861
854
842
834
822
809
803
792
781
772
764
758
753
746
744
737
736
736
732
729
727
726
725
722
721
720
717
717
717
717
715
715
706
706
713
713
713
712
712
711
711
711
710
710
710
710
709
709
708
709
709
709
709
709
708
708
708
708
67
67
71
82
90
95
103
110
117
123
124
140
153
154
165
176
184
198
202
209
210
219
226
231
234
239
240
242
244
245
248
248
250
253
254
254
255
256
256
258
260
260
260
260
262
262
263
265
263
265
264
265
264
265
265
265
265
266
266
266
266
267
267
267
917
917
901
892
879
876
874
869
862
854
847
832
832
832
815
804
793
780
774
770
761
755
750
742
740
740
737
736
729
728
727
725
722
722
722
721
720
719
719
719
717
716
716
715
714
713
713
713
713
714
712
711
711
709
711
710
710
710
710
711
710
711
710
709
87
87
87
84
84
93
96
100
106
111
115
125
136
138
147
157
168
178
187
196
203
210
215
221
226
230
233
235
241
241
244
246
247
248
250
250
250
255
255
256
255
256
256
259
259
259
262
261
262
262
263
263
263
263
263
263
265
265
265
265
265
265
265
265
879
879
853
822
781
754
738
727
723
719
716
714
714
711
709
708
708
708
704
704
706
706
706
705
705
705
704
703
703
703
702
702
702
702
701
699
699
699
700
700
699
699
699
699
699
698
698
698
697
697
697
697
697
697
697
697
697
700
698
698
697
697
697
697
69
69
78
87
88
100
108
115
120
123
127
133
145
161
180
194
209
220
231
237
238
242
244
248
251
252
253
255
259
260
261
262
262
262
266
266
267
267
267
267
267
268
267
268
268
269
269
269
268
268
270
270
270
270
270
270
270
270
271
271
271
271
271
271
904
904
898
889
887
878
867
858
850
845
840
835
832
813
794
778
765
757
748
743
737
733
729
727
724
722
720
718
716
716
714
714
713
711
709
703
697
697
707
707
706
706
706
706
705
706
705
703
703
706
706
703
703
703
703
703
702
702
702
703
703
701
696
696
61
61
67
71
72
86
88
100
102
107
111
116
121
134
135
166
174
191
205
215
226
227
237
240
241
244
246
250
254
255
255
256
257
258
259
260
262
262
262
264
264
264
264
265
265
265
266
266
266
266
267
267
267
268
268
268
268
268
268
268
268
268
269
269
908
908
908
903
895
891
890
873
871
864
857
852
843
842
835
824
806
792
775
762
752
745
739
735
732
729
726
725
723
722
719
718
715
715
715
715
712
711
710
710
709
708
708
707
707
707
707
706
706
706
705
704
704
704
704
704
703
704
704
704
703
703
703
703
60
60
63
65
71
75
79
83
90
94
100
114
117
117
123
131
157
172
187
201
212
224
228
232
237
240
243
244
249
250
254
258
264
264
259
259
259
260
260
261
261
262
262
263
264
264
264
265
265
266
266
266
265
265
265
265
266
266
267
267
277
277
273
268
911
911
906
902
898
896
891
888
883
878
872
864
857
851
848
842
835
824
798
778
768
757
748
742
742
733
730
730
725
723
720
719
718
717
715
714
713
713
712
711
710
709
709
708
708
708
707
707
707
708
708
706
706
705
705
705
705
705
705
704
704
704
704
704
55
55
62
63
67
74
76
79
79
92
94
101
109
114
115
123
140
155
179
190
201
207
222
228
231
235
240
243
245
247
249
249
251
253
256
257
257
262
262
261
260
260
259
260
262
262
263
263
263
263
264
271
271
268
266
266
266
266
266
266
266
265
265
267
910
910
906
899
897
893
893
890
886
880
876
870
862
849
846
843
834
818
802
779
766
755
746
740
733
731
728
726
723
721
719
717
715
714
715
714
712
711
710
710
706
710
708
710
710
710
707
707
707
706
706
706
706
705
705
704
704
704
704
704
703
699
703
703
48
48
59
63
65
75
77
77
79
88
93
100
105
118
119
124
135
158
177
193
202
211
221
228
233
237
240
244
245
250
252
253
253
254
255
256
256
258
259
259
260
260
261
263
263
263
263
263
263
263
264
265
265
265
265
265
265
266
266
266
265
265
266
266
