475
480
480
480
480
480
479
480
480
480
480
480
480
480
480
480
480
480
480
480
480
480
480
480
480
480
480
480
480
480
480
480
480
480
480
481
481
480
480
480
480
480
479
478
477
477
480
480
480
479
479
479
480
480
480
480
480
480
480
480
480
480
480
480
597
597
601
604
606
606
606
611
608
611
611
612
612
613
614
614
613
613
615
616
616
614
614
615
615
615
615
615
615
614
614
614
614
614
614
614
614
614
614
614
614
614
613
613
613
613
613
612
612
612
613
613
613
613
613
612
612
612
612
612
612
612
612
611
152
152
178
209
243
271
282
291
299
306
311
316
319
324
326
329
333
336
336
337
338
340
341
344
344
345
346
345
346
346
349
349
350
351
351
351
352
352
353
353
355
355
356
359
359
357
357
357
357
358
358
359
359
359
359
360
360
360
360
361
361
361
363
363
785
785
784
784
771
762
754
746
741
736
730
725
721
717
715
709
708
707
707
707
703
702
700
698
695
691
686
685
682
681
681
673
667
661
651
638
628
626
626
624
624
624
624
624
622
623
623
623
622
621
621
620
621
621
621
620
620
619
619
617
610
610
617
617
172
168
172
181
203
204
217
220
224
226
233
240
241
253
257
260
262
264
267
268
273
274
274
276
278
280
282
284
286
289
293
296
300
304
308
308
312
321
334
349
350
353
353
354
354
354
355
356
356
356
356
357
357
357
357
357
358
358
358
358
359
359
359
360
785
785
785
784
784
780
780
776
767
764
755
750
744
739
735
732
725
725
725
723
718
718
716
711
709
708
706
705
704
701
695
695
693
692
688
687
684
684
683
674
672
663
660
652
637
629
625
623
622
621
620
620
620
620
620
620
620
618
618
618
623
618
616
616
137
137
154
170
178
187
193
196
193
209
214
226
231
237
244
249
249
252
254
256
258
262
262
263
267
269
271
271
272
274
276
280
282
283
283
287
290
294
296
297
300
303
306
309
314
318
324
335
348
350
353
359
359
359
359
359
360
361
361
362
362
362
361
362
785
785
785
785
785
785
785
784
780
774
768
763
757
752
748
743
739
736
732
728
726
725
723
721
720
716
715
712
709
707
707
705
699
696
699
696
690
690
688
685
681
681
678
675
671
667
661
655
621
621
624
624
622
620
619
619
619
618
618
617
618
618
618
616
138
138
149
160
170
181
188
195
204
212
217
218
223
227
235
237
240
244
247
247
252
254
255
259
260
261
263
267
267
269
272
274
274
278
281
282
284
282
284
288
290
292
294
300
310
313
313
313
315
325
330
342
349
359
360
360
361
361
362
362
362
362
363
363
784
784
784
784
784
784
784
785
785
784
774
771
767
760
756
751
747
743
739
738
733
731
729
726
721
723
721
718
716
713
712
706
703
703
702
702
696
696
690
690
685
684
684
681
677
673
669
668
656
656
652
648
632
626
622
620
620
619
618
617
617
617
617
617
134
134
147
155
165
177
182
191
202
207
207
212
215
220
226
231
234
234
238
244
249
251
249
251
254
257
260
261
263
263
267
268
270
271
273
275
280
281
281
284
285
287
290
292
297
300
297
303
307
309
315
321
329
350
356
356
360
362
362
363
363
363
363
364
757
757
746
714
695
671
626
617
615
614
613
614
613
612
612
605
611
611
611
611
611
611
611
611
610
610
609
609
609
610
610
609
609
609
609
608
608
608
608
608
608
608
609
609
609
608
608
608
609
609
608
608
608
608
608
608
608
607
608
608
608
608
607
607
189
189
213
236
242
252
258
264
268
269
273
279
282
287
297
300
306
311
317
325
350
360
362
362
362
364
365
366
366
366
366
367
368
368
368
369
369
369
370
370
370
370
370
370
369
369
372
372
372
372
372
372
372
372
373
373
373
373
373
373
373
373
373
373
784
784
772
756
744
735
727
724
719
717
714
712
708
706
704
702
698
694
690
685
684
681
672
665
659
648
639
631
626
623
621
621
618
618
618
617
617
617
616
616
616
622
622
615
615
615
615
614
614
614
614
614
614
618
618
614
613
614
614
614
613
613
613
613
186
186
204
221
234
243
256
259
259
263
266
270
274
285
294
296
296
295
295
301
304
306
312
315
322
329
332
350
357
358
362
362
362
362
363
364
364
364
364
364
364
365
365
365
365
365
364
364
364
364
357
364
365
366
366
366
366
366
366
366
366
367
369
367
784
784
783
769
758
747
740
734
729
725
723
719
719
716
716
708
704
701
701
693
692
684
680
679
671
666
660
650
641
635
629
627
624
624
623
621
621
620
619
618
618
618
618
618
618
617
617
617
617
617
617
616
616
616
617
616
616
616
616
616
616
616
616
617
176
176
197
213
227
236
244
248
254
257
257
260
265
270
274
277
277
281
290
297
300
305
309
311
311
315
336
343
344
349
353
356
358
359
361
361
361
362
362
364
365
365
363
363
363
363
363
363
364
364
364
364
364
364
364
364
364
364
364
365
365
364
364
365
784
785
784
778
765
755
748
741
735
731
727
727
724
718
718
716
710
706
702
698
694
690
686
680
678
674
669
664
657
648
646
630
629
629
626
624
623
622
622
621
621
620
620
620
618
618
618
618
618
618
617
618
618
618
618
618
618
617
617
617
617
617
617
617
169
169
191
207
220
231
242
249
249
250
256
259
262
270
271
275
276
284
286
289
294
298
302
307
311
316
321
327
341
354
352
354
352
354
357
359
360
360
361
361
361
362
362
362
363
363
363
363
363
363
363
363
363
363
363
363
363
363
363
363
363
363
363
363
784
786
786
782
771
761
753
746
740
736
730
727
725
721
719
717
713
710
705
699
699
695
691
690
680
679
673
668
663
657
650
643
638
633
627
626
611
623
623
623
621
621
621
621
623
623
619
619
619
619
620
620
625
619
619
619
619
618
618
619
619
620
619
619
167
167
186
200
215
227
235
242
247
249
249
256
259
265
266
271
272
278
282
290
294
295
299
303
307
311
318
324
340
343
343
348
351
353
357
358
357
358
360
360
360
361
361
361
362
362
361
361
361
362
362
362
362
362
362
362
362
362
362
361
362
363
363
363
751
751
729
718
707
695
672
650
631
623
623
621
620
620
619
624
618
618
618
619
619
618
617
617
617
617
617
617
616
616
616
616
616
616
616
616
616
616
616
616
616
615
615
615
615
615
615
615
615
615
615
615
615
615
615
615
615
615
615
616
615
615
615
615
188
188
215
226
236
250
255
255
265
265
273
280
286
294
301
309
318
328
339
349
352
353
358
359
359
359
360
360
360
360
360
360
361
361
362
362
362
362
363
363
363
363
363
364
364
364
364
364
364
365
365
365
365
365
365
365
365
365
365
366
366
366
366
366
770
770
769
752
737
733
727
723
719
718
709
703
702
691
685
678
673
667
665
650
641
635
634
628
625
624
623
623
622
622
622
622
621
621
621
621
621
621
621
621
621
620
620
620
620
620
619
619
619
619
620
619
619
619
619
619
619
619
619
618
619
619
619
619
190
190
211
221
228
241
248
254
258
262
275
279
282
292
297
302
310
317
327
337
344
353
353
354
357
358
358
358
358
359
359
359
359
360
360
360
360
360
360
360
361
361
361
360
360
361
361
362
353
362
362
362
362
362
362
364
366
366
363
362
363
363
363
364
780
780
773
756
750
743
736
733
728
726
718
713
709
704
700
687
682
682
675
669
666
656
646
641
639
628
628
626
625
625
623
623
623
622
622
621
621
621
625
625
625
620
620
619
619
619
619
619
619
619
619
619
618
618
618
618
618
618
618
618
618
618
618
618
192
192
200
229
229
239
243
254
254
254
268
268
273
274
274
287
303
309
317
326
342
343
348
351
351
352
356
356
356
358
358
358
358
358
358
358
359
359
359
360
359
360
359
360
360
360
360
359
359
360
360
360
360
360
361
361
361
361
361
362
362
362
361
362
784
784
768
765
756
748
748
744
733
728
724
719
714
712
709
709
692
686
680
675
673
661
646
644
635
631
631
629
629
627
626
624
624
623
622
622
621
621
621
621
620
620
620
620
619
619
619
619
619
619
619
618
618
618
618
616
618
618
618
618
618
617
617
618
169
169
205
208
223
233
239
245
246
249
257
264
270
278
278
284
299
310
312
320
327
340
348
350
350
353
353
354
356
356
357
358
358
358
359
358
358
358
358
359
359
359
359
359
359
359
359
360
360
360
359
359
359
359
360
360
360
360
360
360
360
360
360
361
784
784
770
763
757
752
740
738
735
731
726
722
716
712
708
700
695
689
683
676
671
667
656
649
642
636
632
629
628
628
625
624
623
623
621
621
621
621
621
621
620
619
619
619
619
619
619
619
618
618
618
617
617
617
618
607
617
617
617
617
617
617
616
616
187
187
195
219
225
236
246
245
246
253
256
263
267
274
286
288
301
301
302
320
327
334
341
346
348
351
353
354
355
355
355
356
357
357
357
358
358
358
358
358
357
357
359
359
359
359
359
359
359
359
359
357
359
359
359
359
359
359
359
359
360
360
380
360
743
743
701
701
678
650
628
627
622
621
619
618
618
618
618
616
616
616
616
616
615
615
615
616
616
617
618
618
618
618
619
620
622
622
622
624
624
625
626
626
626
625
625
627
627
627
628
628
628
627
627
627
627
627
628
627
627
627
627
627
627
627
628
628
197
197
214
222
229
248
257
258
261
268
269
274
281
293
319
323
342
347
350
351
353
353
354
355
358
358
368
356
357
357
357
357
358
358
358
358
358
358
358
358
359
359
359
358
358
357
357
357
357
356
356
356
356
356
355
356
355
357
354
354
354
353
353
353
765
765
753
741
735
729
719
701
706
701
699
682
672
661
645
636
630
628
625
624
622
622
623
624
623
623
623
623
625
625
625
629
629
632
632
632
633
633
635
634
634
633
633
633
633
633
633
633
633
633
632
632
632
632
631
633
633
633
633
633
632
632
632
636
210
210
228
242
249
249
252
258
261
263
266
269
273
281
292
302
313
337
343
348
350
350
346
346
352
352
352
352
353
353
354
353
354
356
356
354
354
354
354
353
353
353
353
352
352
352
352
352
352
352
352
352
352
352
351
362
351
351
351
351
351
351
351
351
771
771
758
751
746
728
724
724
721
716
712
711
698
682
668
645
635
635
631
631
628
627
626
625
625
625
624
625
625
625
624
624
625
626
627
627
627
630
630
633
633
633
633
634
634
634
634
634
633
630
633
634
634
634
634
634
634
634
634
633
633
633
634
634
211
211
229
239
243
251
254
256
258
259
262
265
268
273
276
290
298
307
325
337
342
344
348
349
349
349
351
351
351
353
353
353
353
352
352
353
353
353
353
354
356
356
354
354
354
354
354
358
354
354
354
354
354
354
355
354
354
353
353
352
352
352
352
352
779
779
769
756
747
738
735
729
725
721
716
713
703
690
679
668
651
643
638
635
635
632
631
629
629
629
629
629
627
627
627
626
627
626
627
627
627
627
627
627
627
627
628
630
630
630
631
633
633
632
632
635
635
635
634
634
633
635
635
635
635
635
634
634
208
208
223
238
246
246
249
255
258
260
264
264
264
270
275
283
293
301
308
322
336
340
343
346
347
348
351
351
350
350
348
348
351
351
352
352
352
352
352
352
352
352
335
352
352
353
353
353
353
353
353
358
363
363
354
354
354
354
354
354
353
353
353
353
779
779
771
763
747
739
739
733
729
726
719
714
708
693
675
670
657
643
639
639
637
636
635
634
634
634
633
631
631
635
635
631
630
630
629
629
628
628
628
628
629
629
628
628
628
628
628
628
629
629
630
630
631
631
631
631
632
632
633
622
633
634
634
634
206
206
216
227
241
248
254
256
256
260
260
260
264
270
277
285
295
301
310
321
333
340
341
344
345
346
347
347
348
348
349
350
350
351
351
351
351
352
352
349
349
344
351
352
354
352
353
352
353
353
353
353
353
353
353
353
353
354
354
354
354
354
353
353
