65
73
77
77
80
82
83
83
84
85
86
86
86
86
87
88
88
88
89
90
97
97
92
91
92
91
91
91
92
92
92
93
93
93
93
94
94
94
95
95
95
96
95
95
95
96
96
95
95
100
100
97
97
97
95
95
95
97
98
98
99
98
96
96
954
954
944
937
932
927
922
918
915
912
909
906
901
900
897
897
894
892
892
896
896
886
886
886
882
881
880
879
877
876
874
873
872
872
872
869
867
867
865
864
864
862
861
861
861
857
857
858
858
854
853
853
852
850
841
848
842
848
846
846
844
843
842
841
3
3
19
29
37
45
46
51
55
58
60
63
65
69
69
69
72
73
75
76
76
79
79
80
81
81
83
83
83
83
85
86
87
87
87
87
89
89
90
90
90
90
90
91
92
92
92
92
94
94
94
94
94
94
95
95
95
96
96
96
96
95
95
97
956
956
940
936
932
921
918
916
916
912
909
907
902
900
897
895
891
890
890
890
886
884
883
882
881
880
877
876
874
874
872
871
872
870
867
863
863
863
862
860
860
860
859
858
856
855
850
849
849
850
850
848
847
846
845
843
841
841
841
840
839
837
835
835
0
0
14
33
34
38
49
49
51
55
61
66
63
66
67
68
70
71
71
72
76
77
78
78
79
80
83
83
83
83
84
85
95
88
89
88
89
89
89
89
90
90
90
89
91
91
91
93
93
93
93
93
94
95
94
95
95
95
96
95
96
97
99
99
952
952
940
935
935
924
923
920
908
906
906
903
901
898
896
894
891
890
890
885
878
883
878
883
878
878
878
871
871
867
870
870
870
869
868
868
866
864
862
862
860
858
857
855
855
855
854
852
850
846
846
846
846
845
844
844
844
839
839
837
835
835
834
834
0
0
14
19
32
35
39
45
51
54
57
61
63
64
66
68
69
70
72
75
75
75
78
78
84
84
82
82
83
84
84
84
83
85
87
87
87
88
88
89
90
91
91
91
91
92
95
93
93
93
94
94
94
94
95
95
95
95
95
96
95
96
96
97
946
946
940
934
928
923
919
913
911
909
906
899
898
898
896
894
893
890
888
888
885
881
881
881
880
880
879
875
874
872
871
870
869
868
866
866
865
860
855
859
857
857
855
853
853
853
851
850
849
848
846
845
845
845
843
847
840
839
838
837
835
835
835
834
0
0
17
27
34
37
42
55
55
55
56
61
63
64
64
67
69
70
72
73
74
76
77
79
80
80
80
82
83
83
84
86
86
86
88
88
88
88
88
90
90
91
91
91
91
83
91
91
93
93
94
94
94
94
95
96
96
96
96
96
97
97
97
98
952
952
942
934
928
924
919
915
911
908
905
900
897
897
895
894
890
887
888
887
885
881
881
881
879
877
876
874
876
874
871
870
870
870
870
869
865
863
862
861
858
858
857
854
854
854
851
850
849
847
847
844
844
844
841
841
841
839
838
836
834
834
834
834
0
0
11
22
30
42
45
45
47
52
55
58
63
63
63
69
69
71
72
73
73
76
78
78
80
82
82
82
82
83
83
83
87
87
88
88
89
89
90
90
90
92
92
92
92
93
93
94
94
95
95
94
93
93
95
96
95
97
97
97
97
97
97
98
894
894
873
870
860
850
838
833
826
821
817
815
807
803
800
795
793
789
789
784
781
778
777
775
772
772
770
765
765
763
762
762
760
759
757
757
755
754
753
753
751
751
751
748
748
749
749
748
747
746
746
746
746
746
744
744
744
744
743
742
742
742
742
741
3
3
24
34
47
54
59
70
74
74
75
79
81
83
84
86
88
89
89
92
92
93
95
96
96
98
99
99
100
101
102
103
104
104
104
107
109
109
109
109
109
110
110
111
111
111
113
113
115
111
115
116
116
117
117
117
116
116
119
119
119
119
119
122
929
929
918
903
902
899
898
890
885
883
881
876
871
871
867
866
863
861
859
856
855
851
850
848
843
840
830
830
830
827
823
820
816
810
808
801
800
797
796
792
788
786
781
778
776
774
771
770
766
764
761
758
758
758
756
755
753
753
749
749
747
748
748
748
0
0
40
45
55
60
64
69
74
76
81
82
84
84
87
89
92
92
95
97
98
100
101
101
104
104
106
107
110
111
111
111
111
113
113
115
115
115
115
112
117
112
118
118
119
120
121
122
122
122
123
123
124
124
124
125
125
125
124
125
126
128
127
127
934
934
925
909
903
896
892
888
883
882
880
877
876
871
868
867
867
860
858
857
856
854
852
850
846
846
843
841
841
837
835
835
832
830
827
820
820
820
816
809
804
802
798
795
791
788
786
781
779
776
773
771
768
766
766
766
763
759
757
756
754
754
753
753
19
19
20
49
57
63
69
73
76
79
82
84
87
89
94
96
96
97
101
102
103
105
103
105
109
109
112
112
113
113
116
116
117
118
120
121
121
121
121
123
123
123
123
124
125
125
125
127
128
128
128
129
129
130
130
130
130
129
129
130
130
130
131
131
933
933
919
909
902
901
889
888
886
881
878
876
874
872
868
864
863
860
859
859
854
853
850
849
846
844
843
840
840
840
839
836
832
832
832
826
825
824
821
820
813
806
804
801
799
798
796
790
786
784
780
777
774
768
767
766
766
763
761
759
756
755
755
755
23
23
41
52
60
68
69
75
79
82
84
87
92
92
95
96
97
99
102
104
107
110
110
110
112
114
114
115
115
117
119
119
120
122
123
124
127
126
127
126
127
128
129
129
129
130
130
131
131
131
131
132
133
133
133
132
134
131
134
134
134
134
134
135
939
939
921
914
908
902
895
888
887
880
875
874
873
869
867
862
860
860
857
856
854
850
848
847
846
843
843
841
840
839
837
835
831
830
828
828
826
824
822
820
818
813
812
809
806
803
802
792
789
789
785
782
777
776
776
774
770
765
762
760
760
758
758
757
28
28
39
56
60
66
71
75
80
82
86
88
94
94
94
97
101
102
103
106
108
109
109
109
114
116
118
118
119
120
121
123
125
125
126
127
127
128
127
128
129
129
131
131
132
132
132
134
134
134
135
135
135
136
136
136
136
136
136
136
136
138
138
138
888
888
876
864
856
842
835
835
820
815
811
802
782
774
765
764
753
751
751
746
745
744
743
741
741
740
740
740
738
739
738
737
737
737
724
736
735
736
735
735
735
735
735
735
735
735
734
734
734
734
734
734
731
731
733
733
733
733
733
733
733
733
733
732
43
43
76
79
79
86
93
97
105
106
109
114
118
123
125
125
134
134
133
133
132
138
138
139
142
142
143
143
147
147
148
147
154
148
148
148
148
151
152
153
153
153
153
153
157
157
158
158
158
160
159
160
161
162
163
163
166
166
166
167
168
169
169
171
956
956
952
938
929
926
914
902
882
875
867
857
847
847
847
847
841
838
838
836
833
832
829
826
824
819
815
815
811
809
807
806
801
798
794
793
786
779
769
772
769
768
765
761
755
755
755
750
749
747
746
745
744
743
741
741
740
740
739
739
739
738
738
737
58
58
69
81
85
91
95
103
105
107
110
118
118
120
129
132
132
132
135
138
145
138
144
144
145
146
148
151
152
152
153
154
155
156
159
161
162
164
164
166
168
170
170
173
173
177
177
177
179
181
182
184
186
186
188
192
194
198
200
203
205
211
211
217
963
963
954
952
945
935
921
908
890
875
873
864
862
854
853
850
840
840
839
838
833
832
831
829
826
823
822
817
816
816
814
808
804
802
799
795
795
792
785
783
779
776
776
771
768
762
760
760
754
752
750
748
747
746
745
743
743
742
741
740
740
740
739
739
59
59
71
79
87
92
97
105
110
113
114
118
120
124
128
131
136
137
137
137
140
143
144
146
149
150
150
152
156
159
160
162
164
169
169
176
182
186
186
188
197
203
208
212
216
217
219
220
221
221
222
224
224
224
227
227
227
227
228
229
229
229
230
230
966
966
959
953
949
935
918
903
881
875
868
862
857
854
852
846
845
839
837
834
833
829
827
824
821
818
818
812
810
807
804
802
795
790
790
787
784
783
779
774
772
768
765
762
759
756
751
747
745
745
743
742
739
739
735
737
737
737
736
735
735
735
733
733
58
58
69
77
91
96
91
96
106
111
115
118
120
126
130
134
135
136
140
141
142
144
146
148
149
152
153
156
161
163
165
169
173
179
183
188
193
203
205
212
215
217
220
222
224
225
226
227
227
227
228
228
229
229
231
231
232
232
233
233
234
234
235
237
965
965
958
951
948
935
920
900
882
870
864
859
857
852
848
845
840
837
836
828
823
823
819
819
815
812
812
809
805
803
801
795
792
786
784
781
780
777
770
770
768
764
760
758
757
755
748
745
743
741
728
728
736
736
736
735
734
734
733
733
733
733
732
732
55
55
71
81
91
97
100
103
113
113
113
120
120
126
128
132
138
138
138
144
145
145
148
150
152
154
157
160
163
169
170
179
180
186
191
195
203
208
214
219
219
221
224
224
228
228
228
229
229
231
231
233
233
233
233
233
235
235
235
235
237
237
237
237
902
902
859
842
831
815
808
794
782
769
757
743
736
735
733
732
731
731
730
730
730
729
729
729
729
728
728
728
728
727
727
727
727
727
727
727
726
722
722
726
727
726
727
726
726
726
726
728
726
725
725
725
725
724
724
724
724
723
723
723
721
722
722
722
67
67
81
88
102
106
106
118
119
129
131
135
135
144
149
157
163
167
181
195
205
210
215
218
219
222
229
229
228
228
228
230
232
233
234
234
235
236
235
236
238
238
239
236
239
240
241
241
241
241
243
243
243
243
243
243
244
244
244
244
244
244
244
244
955
955
947
936
915
898
881
876
867
860
854
848
840
837
834
831
828
823
818
813
810
806
801
796
790
784
777
767
756
756
738
738
738
735
732
732
732
729
726
726
726
723
723
723
723
722
722
722
722
722
723
723
723
723
723
723
723
723
723
723
723
723
723
723
64
64
74
83
87
95
100
107
113
120
125
130
136
139
143
145
152
152
153
163
173
179
189
199
206
211
215
221
224
224
229
231
231
232
233
233
237
237
237
238
239
243
252
243
244
244
244
244
244
245
245
245
245
244
244
244
245
244
245
245
245
245
245
244
953
953
946
933
913
896
882
877
865
862
857
854
849
844
840
836
829
824
823
820
817
815
810
808
804
799
793
786
784
774
760
759
754
745
741
734
732
730
730
728
728
726
726
725
724
724
723
723
723
723
724
724
723
723
723
723
723
723
723
723
723
723
723
723
52
52
65
77
82
82
89
101
106
114
123
124
129
132
138
141
143
150
155
155
155
162
165
171
174
177
182
191
204
211
213
215
219
219
230
233
233
239
239
238
238
240
241
242
242
242
245
245
245
253
253
246
246
248
248
247
247
247
248
248
248
248
249
249
959
959
947
937
915
903
892
880
879
869
858
858
853
849
842
839
837
833
830
827
821
819
819
816
815
810
809
801
796
787
782
776
768
760
752
748
740
739
735
734
732
731
730
728
727
727
727
726
726
726
726
726
725
726
725
726
726
726
725
725
724
724
724
724
36
36
67
76
82
88
91
100
103
111
116
125
128
134
137
138
140
144
147
153
156
153
157
162
165
168
174
179
186
199
212
213
217
221
224
229
231
234
237
239
245
244
244
243
243
243
244
245
245
245
248
248
249
246
247
246
247
248
248
247
247
248
248
248
959
959
948
930
924
903
888
880
877
866
861
856
856
854
847
843
840
836
834
831
827
825
823
820
818
813
810
806
801
793
780
774
774
768
758
750
746
741
735
735
735
732
731
730
729
729
728
727
728
727
728
727
727
727
726
726
726
726
725
724
724
726
726
726
50
50
66
75
80
85
90
96
101
106
117
118
122
126
130
131
137
140
143
145
149
152
155
157
160
163
166
172
174
177
181
189
201
207
218
225
226
227
235
236
236
237
239
241
242
243
243
245
245
245
246
246
246
246
247
247
247
246
245
245
247
247
246
246
