160
184
200
210
220
220
230
235
239
241
244
246
248
250
250
252
252
253
253
252
252
252
252
252
251
251
251
250
250
250
249
249
249
249
248
248
248
248
248
248
248
247
247
247
247
247
247
246
246
246
246
250
250
248
246
246
246
246
246
246
246
246
246
245
970
970
943
923
909
893
880
872
855
842
839
831
825
816
813
804
802
794
792
790
787
784
783
779
778
777
776
775
772
771
770
769
767
767
766
765
764
763
763
760
760
757
757
757
757
756
756
755
753
753
753
754
754
753
752
751
751
751
751
746
746
747
749
749
23
23
48
56
81
92
103
111
119
126
131
135
143
144
151
161
161
168
176
181
184
189
192
202
202
201
201
201
201
203
206
207
208
210
211
211
213
214
214
215
215
215
216
217
217
218
219
220
220
220
221
221
221
221
236
223
224
224
224
224
224
224
225
225
971
971
944
926
911
898
889
883
874
867
866
857
856
845
840
833
829
824
815
815
812
810
799
797
792
790
786
783
780
779
774
770
764
764
762
762
760
759
757
756
755
754
753
751
751
751
750
749
749
748
747
747
746
746
745
745
745
745
744
744
744
744
744
743
13
13
45
59
73
79
96
98
108
115
122
127
141
141
143
144
153
159
164
168
173
175
180
183
186
188
192
196
197
197
199
201
203
204
205
207
207
208
210
212
213
212
213
214
215
216
217
218
218
219
219
220
221
222
222
223
224
224
224
224
225
225
225
226
976
976
949
931
916
905
903
886
881
873
868
864
859
856
849
843
839
834
831
827
823
817
808
803
802
801
795
791
782
780
780
780
777
773
768
765
763
761
761
760
756
752
751
751
749
748
747
746
745
743
743
742
741
740
740
739
738
737
737
737
737
736
736
736
7
7
35
47
59
73
94
96
103
111
117
124
129
131
140
144
148
154
158
162
168
169
172
176
176
182
177
183
188
188
193
193
193
193
199
200
202
203
205
206
207
209
209
212
213
213
213
214
216
218
218
218
220
220
221
222
222
239
226
226
224
224
224
225
967
967
952
934
919
908
899
892
887
873
870
870
861
859
855
850
847
844
841
837
832
827
820
815
812
801
797
797
792
789
785
781
778
774
771
766
764
764
761
759
757
755
754
752
750
750
746
744
744
743
742
741
741
740
739
738
734
738
735
735
734
733
733
733
11
11
31
61
63
83
87
93
101
108
118
120
124
130
135
141
145
148
151
152
159
160
169
174
175
176
178
183
186
186
187
187
192
192
195
196
198
199
200
204
204
204
206
208
208
209
211
212
213
214
215
217
218
218
220
221
221
222
223
223
224
224
225
225
980
980
954
936
923
911
902
895
882
878
876
871
867
863
858
856
851
846
842
838
825
825
825
819
816
812
807
802
798
794
789
785
783
779
775
773
767
764
764
760
757
757
755
755
752
746
746
746
746
740
740
742
742
740
738
737
737
737
736
735
735
734
733
733
0
0
35
52
63
74
83
94
102
109
110
116
119
123
131
137
140
147
149
154
158
160
167
167
167
173
178
179
180
181
184
185
188
190
193
194
194
195
197
200
200
202
204
204
205
205
206
209
210
211
212
213
215
216
217
218
218
219
221
221
221
223
223
223
858
858
817
786
766
750
740
735
731
729
729
729
727
728
726
726
724
724
723
722
721
721
720
719
719
716
716
716
702
702
713
713
713
713
713
712
711
711
711
710
710
709
709
709
709
708
708
708
708
707
707
707
707
706
706
703
703
705
705
705
705
704
704
704
64
64
80
81
91
98
106
113
120
127
133
142
150
157
166
170
176
182
189
191
195
195
195
203
209
211
213
216
220
219
219
219
216
222
224
225
226
228
231
231
232
233
235
235
235
238
240
240
240
241
242
243
243
245
245
243
243
247
248
248
249
250
250
250
938
938
924
909
902
895
886
877
872
864
855
847
836
825
816
806
795
786
779
772
766
760
755
752
751
742
739
739
738
738
732
730
730
730
729
727
726
723
723
723
722
721
721
721
720
719
719
718
718
718
718
718
717
717
717
716
716
715
715
715
715
715
715
714
43
43
51
64
73
79
94
118
107
115
115
126
134
142
151
155
156
166
171
176
180
181
186
191
195
200
205
212
220
219
221
222
224
227
231
235
235
235
236
236
236
239
240
240
242
243
243
244
244
246
246
246
247
248
248
248
248
250
250
250
250
251
252
252
940
940
927
915
907
898
891
884
877
872
863
856
852
844
833
823
814
805
792
788
781
769
765
761
759
752
750
747
742
742
742
740
739
730
728
730
731
731
730
729
727
727
726
726
724
723
722
722
721
720
720
720
720
719
718
717
717
717
717
717
717
716
715
715
39
39
51
57
68
75
79
95
100
100
103
113
119
128
135
141
149
156
160
164
171
179
183
188
193
198
202
206
209
214
216
218
221
223
224
228
230
232
234
234
237
237
239
240
240
243
243
243
243
243
244
247
247
247
247
247
248
248
248
249
249
250
250
251
938
938
930
918
910
903
897
891
886
879
878
868
860
854
846
840
831
822
814
798
797
790
782
777
771
766
762
757
756
751
749
747
747
743
741
738
737
736
733
732
731
731
729
727
726
726
726
726
724
724
723
723
723
721
720
720
720
719
719
719
719
719
718
718
39
39
50
58
63
71
82
83
89
92
95
112
113
119
125
132
135
145
152
159
159
166
176
182
183
192
196
201
204
207
208
217
220
220
220
222
226
228
231
233
231
233
236
237
237
239
240
242
242
243
244
244
244
244
245
246
247
248
247
248
247
251
247
250
941
941
924
920
920
906
899
890
889
883
878
873
867
862
855
844
836
836
825
816
809
801
793
786
779
774
771
765
764
760
749
749
749
744
744
744
740
739
736
734
733
733
731
730
729
728
727
726
726
725
723
720
721
721
722
722
721
721
721
721
722
722
719
719
38
38
48
56
60
68
72
83
84
89
94
101
107
108
125
125
133
137
145
151
165
165
170
177
179
179
188
195
200
204
205
211
214
217
217
219
223
225
227
231
231
233
233
235
237
237
239
240
240
241
242
242
239
239
245
245
246
246
250
247
252
247
248
248
898
898
877
857
826
794
770
757
745
737
732
730
723
721
721
720
719
718
717
716
715
715
714
714
713
713
713
712
711
711
711
710
710
709
709
709
708
708
708
707
707
707
707
706
706
701
701
705
705
705
705
705
705
705
705
705
704
704
704
704
703
703
703
703
53
53
60
62
80
87
95
106
115
119
134
151
151
151
172
191
194
198
204
204
210
218
222
225
231
233
233
235
235
236
239
239
241
245
246
247
247
248
248
251
252
261
261
253
253
253
253
253
254
255
257
257
257
257
257
257
258
258
258
258
258
258
259
258
893
910
898
898
897
892
885
879
862
857
852
842
833
823
812
791
788
783
774
768
761
754
752
748
744
741
736
736
735
731
730
728
726
726
725
722
720
720
720
718
717
715
716
715
715
715
714
713
713
713
712
712
712
712
711
707
710
710
710
712
710
709
708
709
49
49
55
67
75
75
82
88
95
103
112
116
126
133
141
148
159
166
178
187
194
203
206
210
215
219
222
223
228
231
233
235
237
237
236
236
242
245
245
246
247
247
248
250
250
251
251
252
253
254
255
255
255
255
255
256
256
256
257
257
257
257
258
258
922
922
916
911
899
896
891
888
881
877
870
863
856
848
839
832
823
814
805
792
783
781
768
756
754
754
748
745
740
738
736
733
731
728
728
728
722
722
721
721
720
720
720
720
719
717
717
717
715
715
714
714
714
713
713
713
713
713
712
712
712
711
712
712
47
44
47
59
70
75
70
75
83
91
98
103
110
118
124
132
138
148
156
169
178
194
196
200
206
209
219
222
222
225
227
230
238
238
238
238
239
242
243
243
243
244
247
247
249
249
250
250
250
252
252
252
252
253
253
253
254
255
255
254
254
256
256
256
925
925
914
909
904
904
897
892
888
884
879
874
862
862
859
855
839
836
835
816
805
795
784
776
768
762
756
751
748
744
741
738
736
733
731
728
727
728
727
724
722
721
712
719
719
719
719
717
717
717
716
715
715
715
715
702
702
713
713
712
712
712
712
712
46
46
52
58
62
66
71
75
79
84
89
95
102
108
113
120
128
134
142
153
163
178
182
189
196
201
209
218
220
220
223
227
230
232
234
236
237
239
240
242
243
245
245
245
245
248
249
250
250
250
253
253
253
256
256
253
253
253
253
254
254
256
256
256
925
925
915
910
907
899
899
892
889
889
886
881
877
867
861
861
854
848
841
833
814
811
802
777
776
772
767
759
755
750
746
746
744
737
734
731
730
730
726
724
726
724
722
721
721
720
719
719
719
718
717
717
716
716
715
715
715
714
714
713
713
713
713
713
39
39
40
60
60
68
71
72
76
79
80
81
92
100
105
117
121
124
131
150
153
161
172
187
188
200
201
207
211
216
223
224
226
229
229
231
235
237
238
239
242
243
243
244
244
245
246
248
249
251
251
251
251
253
253
253
253
253
253
252
251
251
255
255
898
898
886
870
841
807
772
749
736
729
723
720
718
716
714
713
713
711
711
709
711
709
708
708
708
707
706
706
705
705
705
705
704
704
704
704
703
704
702
702
702
702
702
702
702
702
701
701
702
702
701
699
697
697
699
700
700
700
700
700
700
699
699
699
51
51
59
69
73
75
85
92
101
114
114
116
121
133
140
151
170
187
206
212
219
223
230
234
235
240
244
247
247
247
256
256
254
254
254
255
256
256
256
257
258
258
258
258
259
260
260
260
260
265
261
261
261
261
261
261
260
261
261
262
262
262
262
262
903
911
908
908
899
898
888
888
888
874
867
859
857
845
840
831
822
808
795
777
765
755
746
740
738
738
733
727
725
721
717
717
717
716
716
715
713
712
712
711
711
711
710
709
709
708
708
707
695
695
701
701
701
706
706
706
705
705
705
705
705
705
705
704
45
45
51
55
56
62
68
71
76
84
97
97
106
111
114
117
120
129
132
162
191
192
199
219
220
226
231
234
237
240
242
244
246
249
250
250
250
252
253
254
254
255
255
256
257
257
258
258
258
258
258
258
259
260
260
260
260
259
259
259
260
261
261
261
921
921
916
912
909
905
902
902
898
887
886
880
869
869
862
855
849
845
838
831
812
795
779
769
760
750
744
738
734
732
730
726
724
722
719
719
719
718
716
716
716
716
713
713
712
712
712
711
711
711
710
709
709
709
708
709
708
708
707
707
707
706
706
706
66
47
47
49
49
54
59
64
68
75
75
82
82
97
97
104
112
115
122
128
140
155
175
196
199
209
217
224
228
233
236
238
240
243
244
246
248
248
248
248
247
247
252
254
255
255
256
256
256
257
257
257
258
258
258
258
258
257
255
255
259
260
260
260
923
923
920
920
915
910
908
904
900
898
893
890
886
881
879
877
874
863
855
848
841
835
819
801
785
775
766
757
752
743
737
732
732
732
728
726
720
718
718
719
719
718
717
716
715
714
714
714
712
712
712
712
711
711
711
711
710
709
709
709
709
709
710
708
41
41
43
48
52
57
60
60
63
67
71
75
79
83
87
92
97
105
107
113
120
130
144
160
179
196
200
205
209
223
228
231
235
238
240
242
244
247
258
249
249
249
251
252
253
253
253
254
254
254
255
256
257
256
257
257
257
258
258
259
259
259
259
259
923
923
920
918
913
912
908
908
908
904
897
895
893
892
885
879
873
871
867
867
859
847
842
830
809
796
778
773
766
758
750
743
739
736
732
730
728
726
725
725
722
722
720
719
718
717
717
717
715
714
714
713
712
711
711
710
710
710
710
710
710
710
709
709
41
41
41
48
49
51
52
60
61
63
68
70
71
79
84
86
87
92
106
118
115
118
126
139
158
175
187
195
208
212
218
224
231
235
235
238
239
241
243
243
247
247
247
249
250
251
252
252
252
254
254
254
255
255
255
256
257
257
257
257
257
257
258
258
