471
480
480
480
480
480
480
480
480
480
480
480
480
480
480
480
480
480
480
480
480
478
480
480
480
480
480
480
480
480
480
480
480
480
480
480
480
480
480
480
480
479
480
480
480
480
480
480
480
480
480
480
480
480
480
480
481
482
482
480
480
480
480
480
608
618
629
634
637
637
638
637
636
625
625
632
633
632
630
630
629
628
628
627
627
627
626
625
624
624
623
623
623
622
622
622
621
621
621
621
621
619
619
619
619
619
618
618
618
617
618
617
617
617
617
616
616
616
616
615
615
615
615
615
614
614
614
614
162
162
175
186
200
227
251
268
271
276
283
286
292
296
298
298
304
311
312
316
316
319
324
324
326
328
330
332
334
335
336
343
343
340
340
342
343
343
344
344
345
346
346
347
348
349
349
349
349
350
350
352
352
352
352
353
353
354
354
354
347
347
354
355
785
785
785
785
785
775
758
751
751
747
739
734
729
726
722
719
714
712
712
709
709
708
706
704
701
699
699
698
696
694
693
689
686
683
679
674
669
665
659
652
644
636
632
630
628
628
628
628
640
626
626
625
625
625
624
624
624
624
624
623
623
623
623
623
151
151
165
177
193
194
204
217
220
226
232
233
240
250
253
253
256
260
260
261
271
271
272
273
275
275
277
281
283
285
286
290
295
298
298
306
310
310
313
318
323
328
336
343
347
349
351
351
351
350
353
353
354
355
355
361
362
362
356
356
357
357
358
358
785
785
785
785
785
785
784
779
772
769
760
755
750
745
741
737
734
730
715
715
720
720
717
714
714
712
711
709
709
707
703
702
703
702
699
694
692
692
691
689
685
681
678
669
665
663
658
650
642
634
634
630
627
626
626
625
624
624
624
624
623
623
623
623
143
143
156
167
177
186
187
200
202
218
223
223
227
232
236
241
245
248
249
254
255
258
258
265
265
268
268
268
264
273
278
278
280
282
286
286
290
291
294
296
296
300
306
310
306
310
321
322
324
334
344
350
353
353
355
356
363
363
358
358
359
359
360
360
785
785
785
785
785
785
785
785
783
775
770
764
760
755
750
746
742
739
736
733
730
719
722
721
721
719
717
716
716
714
714
710
708
706
705
705
701
699
697
696
693
689
689
688
686
679
674
667
667
661
654
648
639
634
630
627
625
624
624
623
623
623
623
623
140
140
152
162
172
181
189
196
204
209
212
212
215
225
230
234
238
241
241
251
251
253
256
256
258
261
263
265
267
269
271
273
275
275
279
281
282
285
285
291
291
294
294
299
300
302
305
315
317
315
317
327
336
343
350
354
356
356
357
359
361
361
361
361
785
785
785
785
785
785
785
785
785
782
776
773
766
761
757
751
747
745
741
739
735
733
731
728
726
724
720
718
720
718
716
713
707
707
707
707
705
704
700
700
700
696
694
692
689
687
684
680
677
673
667
663
655
650
643
637
632
631
631
630
628
628
628
627
124
124
151
159
166
171
184
193
197
205
211
217
217
221
225
229
229
232
243
246
246
251
251
251
255
257
259
262
263
263
267
269
271
271
277
283
283
282
282
284
287
288
291
292
291
292
299
301
304
311
315
315
320
325
327
333
343
347
350
352
353
355
355
355
759
759
733
712
705
692
656
634
631
629
628
626
625
624
623
622
622
622
620
619
619
619
619
619
618
618
618
617
617
617
617
616
617
616
616
616
616
619
616
616
616
616
616
615
615
615
615
615
615
615
615
615
614
613
614
613
614
614
614
614
614
614
614
614
172
172
196
214
229
241
249
255
263
273
273
273
283
291
297
304
304
313
320
340
350
351
354
357
366
359
359
359
361
361
361
362
363
363
364
364
364
365
365
365
366
366
366
367
365
367
363
367
367
368
368
368
368
368
368
368
368
368
368
368
369
369
369
369
784
785
784
780
756
743
743
736
731
727
722
719
719
718
714
711
708
700
696
695
690
685
685
680
672
668
662
655
645
637
631
628
626
625
623
621
621
621
621
614
614
622
625
625
619
619
619
619
618
618
618
618
618
618
618
619
619
618
618
604
604
617
617
617
165
165
167
201
213
221
235
242
250
254
258
261
265
269
270
270
279
280
291
292
294
299
302
309
310
310
314
324
333
350
350
351
360
361
362
362
363
363
363
365
365
365
365
365
365
365
365
365
365
365
366
366
366
366
366
366
367
366
367
366
366
366
367
368
775
785
785
785
776
764
759
746
738
735
731
728
725
723
721
718
717
713
710
707
703
698
696
689
689
687
676
672
667
662
653
649
638
633
630
628
626
625
624
623
621
621
623
623
621
621
620
621
620
620
588
620
620
620
620
620
619
619
619
619
619
624
624
619
161
161
180
196
220
227
229
236
242
247
255
256
258
261
264
267
274
274
281
285
286
286
290
298
303
306
310
315
319
333
341
345
351
352
351
358
361
361
362
362
362
363
363
363
363
364
364
364
364
364
364
365
365
365
365
365
365
365
365
365
366
366
365
365
784
784
785
784
780
769
758
751
744
744
735
731
728
725
723
721
718
714
714
709
707
705
699
693
688
686
680
673
671
661
661
655
644
635
632
632
630
628
628
626
626
625
624
624
624
623
623
622
622
622
621
611
611
630
630
621
621
621
621
620
620
621
621
621
157
157
169
191
206
216
223
226
239
244
255
256
256
256
264
267
271
272
272
275
285
286
287
290
298
303
313
314
316
316
321
337
348
349
358
358
358
359
361
361
361
361
362
361
361
361
361
363
363
363
363
363
363
363
363
359
359
364
364
365
364
364
364
364
785
785
785
785
784
773
762
753
752
741
737
737
736
725
723
723
720
717
716
708
704
704
701
696
691
686
682
677
673
667
662
655
648
642
637
635
634
630
629
628
628
627
625
625
625
625
624
624
623
623
623
623
623
622
621
622
621
622
623
623
621
621
621
621
156
156
176
191
202
217
223
230
237
237
245
250
254
254
262
262
262
263
269
274
278
284
287
291
296
300
304
311
313
318
324
324
332
347
350
354
356
356
358
360
360
360
361
361
361
361
362
362
362
362
362
362
363
363
370
370
364
363
364
363
364
364
366
364
756
756
734
723
712
696
682
656
646
627
625
625
624
623
623
622
622
622
622
622
621
621
621
621
621
621
621
620
620
620
620
620
620
620
620
620
620
620
620
620
620
619
619
620
620
620
620
620
620
620
619
619
620
620
620
619
619
619
619
619
619
619
619
619
192
192
217
242
249
249
253
259
264
270
272
291
298
298
305
311
330
340
343
352
357
357
357
359
359
360
361
361
361
362
362
362
362
362
362
364
363
363
363
363
363
363
363
363
363
363
363
363
363
364
364
364
364
364
364
364
364
364
364
364
364
364
364
364
785
785
766
752
747
742
721
715
715
713
709
703
696
689
682
678
672
667
653
642
637
634
632
631
610
610
630
630
628
628
627
627
626
625
625
625
625
625
625
625
624
624
624
630
630
624
624
623
623
621
621
624
624
623
622
623
622
622
622
622
623
622
622
622
196
196
213
227
240
247
254
256
260
265
276
279
282
290
304
307
310
319
327
343
352
352
356
356
356
357
357
356
356
358
358
358
359
359
359
359
359
360
362
363
365
363
368
368
376
376
361
361
361
362
362
362
362
362
362
363
363
362
362
362
362
362
362
362
785
785
773
773
747
736
726
726
724
717
716
707
700
693
687
682
676
673
660
650
642
636
636
635
634
631
630
630
630
630
630
630
628
625
625
627
627
627
626
626
626
626
626
625
625
625
625
625
624
624
624
624
624
626
626
626
624
624
624
624
624
623
623
623
184
184
210
219
231
242
254
255
260
262
268
273
273
280
296
303
307
316
326
328
346
349
352
355
355
355
356
356
356
357
357
357
357
358
358
358
358
358
355
355
359
359
359
359
360
360
359
359
360
360
360
360
361
361
361
361
360
361
361
363
361
361
361
361
785
785
780
750
745
741
733
723
723
718
715
708
701
701
695
681
675
673
668
649
642
638
636
635
634
633
632
631
630
628
628
628
629
629
628
628
628
627
627
627
627
627
627
626
626
625
625
625
630
625
625
625
625
625
625
625
624
624
623
623
624
624
624
623
183
183
208
223
233
240
241
252
257
262
266
273
279
295
302
302
309
317
326
336
346
346
353
353
353
354
355
356
356
356
356
356
357
357
357
357
358
358
361
361
361
358
358
357
362
359
359
359
359
359
359
359
360
360
360
360
360
360
360
360
360
360
360
361
785
785
782
765
747
744
736
731
725
720
715
709
702
695
684
676
676
667
659
649
644
640
638
635
634
633
633
632
631
630
630
630
629
629
629
628
618
618
628
628
627
627
627
627
627
626
626
626
626
625
625
625
625
625
625
625
625
625
624
625
625
625
625
625
181
181
205
221
230
239
244
244
260
260
265
268
280
286
294
301
309
319
326
336
347
350
347
350
351
352
355
355
356
355
356
356
356
357
357
357
357
357
357
357
357
358
358
359
358
359
359
359
359
359
359
359
359
359
359
359
359
360
359
359
359
359
360
369
732
732
682
682
650
636
634
630
629
628
627
627
627
625
625
624
622
622
623
624
624
623
623
623
623
623
623
623
622
617
622
622
622
623
622
622
622
622
622
623
623
623
623
623
623
624
624
624
624
624
624
624
624
625
625
625
625
626
626
626
626
627
626
626
209
209
218
231
250
256
256
269
269
269
296
306
321
339
346
350
353
353
356
356
347
347
356
356
356
357
357
357
358
358
358
359
359
359
359
359
359
357
359
359
359
359
360
360
360
360
359
360
359
359
359
351
351
359
359
359
359
359
359
358
358
358
358
358
771
771
754
753
741
725
719
713
701
688
678
664
648
642
638
637
634
633
633
632
631
630
630
630
630
633
633
629
628
628
628
629
628
629
629
629
629
629
629
635
629
630
629
630
630
630
636
630
631
630
630
630
629
629
630
630
630
630
630
631
629
630
630
630
215
215
224
239
249
251
260
264
272
281
281
300
308
316
340
346
348
349
350
352
352
352
352
353
354
354
354
355
355
355
354
355
355
355
356
356
356
356
356
356
356
356
357
357
357
357
356
356
356
356
357
357
357
356
355
356
357
357
356
356
356
357
357
357
778
778
763
750
739
732
726
720
715
713
696
679
669
655
645
640
636
635
635
634
634
634
634
632
625
625
630
630
630
630
630
629
629
629
627
628
628
628
628
628
630
628
629
628
629
629
629
629
629
629
629
630
630
630
630
630
631
631
631
631
631
630
631
631
214
214
221
242
245
253
253
255
263
268
271
283
292
312
329
340
345
347
348
349
350
351
351
351
352
353
353
353
353
353
354
354
354
354
355
355
355
355
355
355
355
355
356
356
356
356
356
356
357
357
356
356
356
356
356
356
357
357
356
356
356
356
356
356
784
784
779
757
748
739
732
719
715
715
711
698
683
670
659
646
644
642
637
637
635
634
634
634
634
634
633
632
632
631
631
631
628
628
622
630
630
630
630
629
629
630
630
630
630
630
630
630
630
630
630
628
630
630
630
630
631
631
631
631
633
632
632
632
205
205
217
231
242
248
254
258
263
266
269
275
287
301
315
333
340
346
348
348
349
349
349
350
351
351
351
351
352
352
353
353
353
353
353
353
354
354
361
355
355
355
354
355
355
355
354
354
355
355
347
347
356
358
358
355
355
356
356
356
356
356
356
356
785
785
775
767
744
744
735
729
729
717
706
696
689
676
664
651
645
632
632
638
638
636
635
634
634
634
634
634
636
636
632
631
631
631
631
631
631
631
630
630
630
630
630
630
630
630
630
630
629
620
620
630
630
630
616
630
630
630
630
630
631
631
631
632
202
202
219
226
235
253
274
274
278
263
272
272
288
298
319
325
335
342
346
348
348
348
349
350
350
350
352
351
351
351
351
352
352
352
352
352
352
352
354
354
354
354
355
355
355
355
355
355
355
355
356
356
356
356
356
356
357
357
356
356
356
356
356
353
