127
148
162
174
182
196
226
204
208
208
211
213
216
219
222
222
222
226
236
228
228
228
228
230
231
232
233
233
233
233
235
236
236
237
237
239
239
239
239
240
240
253
240
253
241
242
242
244
244
243
243
243
243
243
244
243
244
244
251
245
247
245
246
246
958
958
922
900
882
868
858
851
842
835
830
824
819
815
809
809
809
805
801
799
797
796
793
790
789
787
787
786
786
785
782
780
780
779
777
776
776
775
775
773
772
772
772
772
770
770
776
776
767
761
766
766
766
764
764
764
764
763
764
763
763
762
760
760
6
6
31
51
65
76
84
92
98
105
111
117
126
128
132
137
137
142
151
156
165
167
172
184
188
189
192
192
196
200
204
206
209
209
215
215
218
222
224
226
229
230
231
231
234
236
236
236
238
238
238
241
241
241
241
241
241
243
244
244
244
244
244
245
976
976
924
907
889
877
870
861
851
848
845
824
823
816
818
816
814
811
808
807
804
802
799
798
798
795
791
787
786
786
785
782
781
781
780
775
775
775
775
774
773
773
772
770
770
769
768
767
767
767
766
765
765
764
764
763
763
764
764
762
762
762
762
761
4
4
30
49
63
71
81
91
98
103
110
116
121
126
131
141
144
144
147
159
160
162
164
169
173
176
179
186
191
191
193
199
208
205
208
208
210
216
217
217
220
223
226
228
230
235
236
236
236
237
237
238
240
240
241
241
242
241
243
244
244
245
245
246
971
971
934
909
894
872
871
864
854
849
841
833
833
825
825
819
818
816
815
810
807
804
801
800
799
796
795
794
791
791
788
786
783
782
782
779
779
778
776
775
776
775
776
773
772
770
770
769
769
768
768
766
766
766
765
765
765
765
765
764
763
763
763
763
5
5
29
50
64
72
91
97
97
104
111
116
122
127
132
136
143
147
147
150
156
160
164
169
169
174
178
180
183
184
189
192
194
200
201
203
204
208
210
211
215
218
223
225
227
229
232
232
235
236
237
238
240
240
241
242
243
244
245
245
245
246
246
246
974
974
936
912
893
892
872
869
858
851
845
839
835
830
824
820
820
817
811
804
805
798
804
800
800
798
798
796
792
791
789
787
784
783
783
782
780
779
779
777
775
775
775
773
772
771
770
769
768
767
768
767
767
757
757
762
764
764
764
764
764
763
763
762
3
3
31
48
62
62
83
92
97
106
111
117
121
127
131
136
136
141
146
151
156
160
162
163
171
173
179
182
182
185
185
190
193
196
199
201
204
207
212
221
218
221
221
223
226
228
230
232
234
235
237
237
239
241
249
243
243
243
242
242
245
246
246
246
973
973
936
911
894
888
869
865
857
852
846
841
835
832
828
820
819
818
814
812
812
808
804
802
800
799
795
794
793
791
787
786
786
786
783
782
781
779
777
777
776
775
772
772
771
771
771
770
769
767
767
767
766
764
764
764
764
763
763
763
763
761
761
761
2
2
23
48
72
78
91
97
97
97
110
117
123
127
134
137
140
145
152
152
156
159
163
170
173
173
175
179
183
185
190
190
192
195
198
198
200
206
208
211
214
217
221
225
225
225
231
232
231
233
235
238
239
240
241
241
243
243
243
244
245
246
246
246
825
825
801
787
777
772
768
760
759
758
755
754
753
753
752
752
752
752
751
751
751
752
752
752
752
752
751
750
750
750
750
750
749
749
749
749
749
748
748
747
746
746
746
747
747
742
742
747
747
744
744
744
744
743
743
743
743
742
740
740
741
741
741
741
81
81
89
92
102
106
112
113
117
121
126
130
136
140
145
151
151
163
170
170
170
178
185
195
198
205
214
218
224
229
229
232
238
240
242
242
243
243
245
246
245
246
247
247
248
248
248
248
248
248
250
250
250
250
250
249
250
251
252
252
252
252
253
257
879
879
868
859
852
845
840
835
831
826
824
815
814
809
806
802
798
795
792
789
786
784
780
778
774
772
769
768
767
764
761
759
759
759
757
755
755
755
754
753
753
753
751
750
750
751
751
748
747
747
746
746
744
744
743
742
742
741
740
738
737
737
736
734
77
77
87
92
96
102
106
113
117
124
131
135
136
148
151
159
159
169
175
180
183
188
194
196
199
201
206
209
210
231
231
224
224
226
227
228
232
233
235
236
239
242
242
242
243
244
244
245
246
246
246
248
248
248
248
248
248
245
245
242
250
251
251
251
883
883
870
862
854
850
844
839
833
830
827
820
817
813
806
805
802
799
796
794
792
786
779
777
777
774
772
771
766
765
764
764
764
760
759
757
756
755
754
754
754
751
751
751
750
749
749
748
746
746
745
744
744
742
741
740
738
735
735
734
734
732
732
732
80
80
88
92
96
100
107
111
112
122
126
133
140
145
156
156
160
165
170
173
183
183
187
191
196
198
201
202
204
208
211
213
216
218
219
220
224
227
229
229
233
234
237
237
239
240
241
242
243
244
244
246
246
246
262
262
248
248
248
249
249
249
250
250
884
884
871
862
857
849
844
840
830
829
824
821
817
809
804
804
803
797
795
793
789
783
782
782
778
775
770
770
770
766
764
764
764
761
760
759
759
758
755
754
754
752
751
751
750
748
748
747
747
747
744
744
743
743
740
739
738
738
736
734
733
731
729
729
79
79
79
89
96
101
106
108
111
113
127
128
137
141
149
154
158
159
170
175
179
179
184
190
191
194
197
197
203
205
208
209
212
214
216
218
220
222
226
227
227
228
231
232
236
238
238
238
238
240
241
242
243
243
244
245
245
246
247
248
249
249
249
249
884
884
871
863
852
851
848
839
834
826
826
825
818
811
807
804
802
798
795
779
779
784
784
769
769
768
772
764
768
766
766
764
763
762
762
758
758
755
755
754
753
752
752
750
750
750
748
746
745
746
745
743
741
741
739
738
736
735
733
732
730
728
728
728
84
84
89
89
93
101
106
112
116
121
124
127
130
142
148
152
161
161
166
169
172
177
182
183
189
193
196
198
198
201
206
209
209
212
215
215
217
227
227
225
225
227
227
229
232
233
234
236
237
239
239
241
243
243
243
244
244
246
246
246
247
248
248
249
840
840
819
803
791
781
772
765
759
755
750
744
735
735
729
723
719
719
714
713
713
712
710
709
707
706
705
704
704
704
704
703
703
703
703
702
702
702
702
701
701
701
701
701
701
701
701
700
702
700
700
700
702
702
701
701
701
701
701
701
702
702
701
701
75
75
82
92
104
105
112
120
131
136
136
142
154
155
161
173
173
179
189
191
191
198
205
212
207
212
217
222
225
225
230
234
236
238
239
242
244
244
247
249
249
256
256
252
252
252
253
253
254
254
255
255
256
256
257
257
257
257
257
258
258
258
258
259
879
879
868
864
853
846
840
824
818
818
813
809
804
799
793
788
783
779
771
768
768
765
760
756
756
754
751
748
750
749
749
747
746
744
743
741
738
737
736
736
729
728
726
724
723
721
716
716
716
709
708
706
704
703
703
700
700
700
705
705
696
695
696
695
79
79
86
102
110
115
129
138
145
151
157
159
168
172
183
183
185
188
193
198
200
202
206
206
210
210
215
215
219
219
225
225
225
230
230
233
238
238
247
247
247
249
250
250
250
252
252
252
252
252
255
255
260
260
259
259
259
261
262
262
262
262
263
264
860
860
843
830
823
818
806
803
803
796
790
786
784
776
773
768
766
760
759
755
753
752
750
748
746
744
743
740
738
736
736
734
730
730
728
725
724
724
715
715
713
708
707
704
703
702
700
700
699
697
695
695
694
693
692
692
691
691
691
690
689
689
688
688
73
73
101
112
120
131
141
151
156
159
162
178
183
189
189
193
198
202
205
208
210
213
216
218
219
223
223
226
228
230
233
236
238
238
241
247
247
247
249
251
251
256
256
257
257
258
260
260
261
261
261
261
263
264
264
264
264
264
263
265
265
265
265
267
869
869
855
840
832
821
821
813
807
807
799
794
794
786
781
781
779
775
768
765
765
762
759
755
751
751
750
750
750
746
746
744
739
736
736
735
732
730
727
725
722
720
717
715
712
710
701
701
701
702
700
697
696
695
693
693
692
691
690
690
687
687
688
688
83
83
96
103
109
118
125
136
142
148
161
166
166
171
171
179
180
187
191
193
199
202
204
209
210
210
213
215
215
217
222
222
226
228
228
232
235
237
237
239
243
245
245
247
253
253
258
254
255
255
256
256
257
258
258
260
261
261
261
262
262
263
263
264
875
875
858
851
836
832
826
821
816
813
809
805
802
794
794
792
792
784
780
778
773
771
767
765
763
759
758
754
754
751
748
745
745
742
739
737
733
732
727
724
721
718
715
712
709
709
705
702
702
698
695
696
696
696
696
694
694
694
691
691
691
690
689
690
80
80
91
99
107
115
123
131
139
143
157
159
166
168
172
175
176
183
184
193
198
200
201
205
207
210
210
215
215
216
218
220
221
224
225
227
227
228
231
233
239
242
242
242
243
246
250
250
250
250
251
259
259
255
255
257
257
258
259
259
260
260
261
261
828
828
811
810
784
763
760
754
743
730
716
707
702
695
694
692
684
684
686
686
686
685
684
682
682
681
678
678
678
680
679
679
679
677
678
678
678
678
678
678
678
679
679
679
679
679
679
679
679
679
680
680
680
681
681
682
682
683
683
684
685
685
685
686
81
81
92
103
114
120
127
133
139
143
152
157
164
170
172
176
193
201
207
213
218
221
221
227
235
237
240
240
244
248
251
253
254
258
261
261
261
261
263
265
266
265
266
266
271
271
269
269
269
270
270
270
270
270
272
272
272
271
272
272
273
273
273
273
880
880
866
852
840
833
827
819
813
807
804
798
793
790
787
786
782
780
774
771
768
763
759
756
747
740
736
730
726
722
722
713
709
708
708
701
698
696
694
692
691
689
688
687
685
684
683
683
682
682
681
681
680
679
679
678
678
678
678
678
678
678
677
677
70
70
79
88
104
104
104
113
121
123
131
135
144
150
160
165
165
170
176
181
193
197
205
210
217
220
223
224
226
232
235
236
239
242
245
249
252
253
256
259
259
259
259
263
263
263
263
267
270
268
270
269
272
271
271
270
270
272
272
271
271
271
272
270
900
900
867
861
848
839
831
823
818
813
804
801
799
795
791
788
788
784
781
778
776
775
770
766
761
756
747
747
740
736
734
727
725
721
720
716
710
706
704
701
700
695
694
694
692
691
688
688
687
684
683
682
681
681
680
680
679
679
679
679
678
678
678
678
60
60
76
77
91
98
111
112
122
122
137
143
149
153
153
161
163
167
172
176
182
183
184
195
201
204
211
215
218
225
228
230
233
233
235
239
243
246
247
251
251
251
251
260
260
261
262
264
264
266
269
269
269
270
270
270
270
271
271
272
272
273
272
272
896
896
879
865
842
840
834
828
822
817
811
807
800
800
798
791
790
787
784
783
779
777
776
772
769
765
759
754
748
743
738
732
726
722
720
718
715
714
712
707
704
703
702
702
700
698
696
696
694
692
691
691
688
687
686
685
684
682
682
682
682
681
681
680
55
55
72
79
95
101
103
112
115
124
133
140
146
154
160
168
171
171
175
175
182
183
190
195
199
200
205
207
211
216
222
225
229
233
235
239
242
244
245
248
252
252
255
257
259
259
260
263
264
264
266
268
268
270
271
273
272
273
273
273
273
274
274
275
894
894
880
857
855
847
840
832
827
821
812
809
805
804
802
796
793
791
787
785
783
778
776
775
774
770
761
754
752
741
739
735
729
729
719
719
717
710
708
708
705
704
700
700
699
697
695
694
693
691
690
689
690
690
690
688
687
687
687
686
686
686
686
686
61
61
63
71
98
101
106
113
120
127
136
140
145
152
155
164
168
172
175
175
179
182
184
187
190
194
199
200
208
214
219
223
226
231
234
239
241
241
246
247
249
252
255
257
259
262
262
262
265
265
268
276
276
272
272
272
272
272
273
273
273
273
273
273
