163
186
207
208
216
220
216
220
229
232
244
236
238
238
240
240
242
244
246
246
246
247
247
249
251
253
253
252
252
251
254
256
256
254
254
254
254
254
254
255
256
256
257
257
257
257
257
257
257
257
258
257
258
258
258
258
259
263
259
259
259
259
259
259
952
952
923
899
878
876
866
861
848
839
832
826
824
820
812
810
805
802
800
800
795
792
790
786
785
785
784
784
779
779
778
776
775
775
773
772
771
770
769
768
767
766
764
764
763
762
761
761
760
759
759
759
758
757
756
756
756
756
754
752
752
752
752
751
33
33
60
76
91
100
111
119
126
131
138
144
152
156
173
166
172
172
181
182
186
186
191
200
206
209
209
214
219
221
219
221
221
228
229
232
233
234
236
236
236
237
238
239
239
239
245
245
244
243
242
243
243
245
245
253
246
246
246
242
242
247
247
247
959
959
935
919
908
897
889
878
877
863
855
848
846
839
832
828
828
823
820
816
813
809
808
807
799
795
792
792
786
783
780
777
775
772
770
767
765
764
762
762
762
760
756
756
753
754
753
752
751
750
750
749
747
745
745
746
746
746
745
745
745
745
743
743
29
29
55
73
83
86
92
109
116
123
128
131
135
143
148
158
159
163
167
173
177
186
190
190
193
196
205
205
207
209
212
214
214
217
221
223
225
226
228
230
230
232
233
234
234
236
237
238
239
240
240
240
241
242
242
242
243
243
244
244
245
246
246
246
962
962
935
916
915
893
886
876
871
864
861
858
851
843
838
838
834
830
827
823
818
818
813
813
811
803
802
798
789
787
787
784
780
778
778
775
768
766
765
762
759
759
757
754
754
752
750
750
749
747
747
746
740
740
739
740
740
741
741
741
740
740
740
739
26
26
55
81
82
99
99
107
114
121
129
135
136
139
144
145
151
160
162
163
175
175
179
186
190
190
193
196
199
201
209
209
209
211
213
217
218
219
221
225
225
227
227
230
231
232
232
233
235
235
236
237
239
239
240
249
242
242
242
243
243
244
244
245
959
959
934
917
904
892
884
880
870
863
862
854
848
845
842
840
833
831
829
826
822
816
816
815
811
808
806
803
796
796
793
789
783
783
781
780
774
771
769
766
763
761
757
755
752
752
751
751
749
747
747
746
744
743
741
741
741
739
738
739
739
739
738
738
29
29
55
71
72
90
98
106
112
118
123
129
134
139
143
146
154
155
158
164
167
171
177
179
181
184
188
191
197
200
200
201
205
205
207
209
213
215
217
220
220
222
224
228
228
230
230
230
233
236
234
234
234
238
238
239
239
239
241
241
241
242
243
243
959
959
933
916
902
888
883
877
872
868
859
854
848
847
842
840
836
834
830
827
824
822
819
816
814
809
807
805
802
801
798
794
792
787
784
781
778
775
774
766
763
761
761
761
758
755
754
752
749
747
747
746
744
743
743
741
736
740
739
740
739
738
737
736
25
25
51
76
82
96
97
109
111
116
127
129
129
136
140
143
148
151
155
156
166
169
171
173
177
181
183
188
191
191
199
199
199
201
203
204
208
210
215
216
216
218
219
222
223
224
227
228
229
232
233
233
233
235
237
237
239
239
239
240
243
243
242
242
841
841
813
796
776
754
742
736
734
732
730
729
729
729
729
729
729
729
728
728
728
728
728
728
728
728
728
728
728
728
728
728
728
728
728
728
728
727
727
728
728
728
728
728
728
728
728
728
728
728
728
728
728
728
728
728
727
727
727
725
727
725
727
726
74
74
89
99
109
113
120
126
129
135
139
143
149
152
155
159
163
170
177
181
190
197
203
210
214
220
222
230
233
233
235
237
235
238
239
240
243
245
245
245
245
248
249
249
249
251
251
251
252
252
253
255
253
256
255
255
255
256
256
256
257
258
258
258
905
905
891
886
877
872
866
863
859
855
850
845
838
837
837
828
828
823
822
818
809
803
797
781
781
780
768
765
762
758
754
752
749
748
746
742
742
742
739
739
737
736
734
734
734
734
734
732
732
731
731
730
730
730
729
729
726
726
728
728
728
727
727
727
62
62
67
77
85
96
96
100
106
109
114
120
123
127
128
137
140
143
158
161
170
172
179
192
193
199
205
205
215
219
224
227
227
232
234
234
235
238
241
241
241
243
245
247
247
247
248
248
250
251
251
251
251
253
256
254
254
254
254
254
255
256
256
256
905
905
894
885
880
876
872
869
864
862
860
857
847
847
847
844
842
839
836
834
827
827
823
818
813
808
804
798
789
784
778
774
765
763
762
760
755
753
753
752
750
747
738
738
743
743
742
741
741
741
739
737
736
736
736
736
734
733
733
732
731
731
731
731
66
63
66
71
80
84
90
94
97
103
105
111
114
118
121
127
131
135
144
151
152
161
170
173
176
183
189
199
200
203
208
212
217
220
223
232
232
232
233
236
236
239
241
242
242
244
245
247
247
247
248
248
247
247
249
251
251
252
253
253
254
254
254
255
911
911
890
886
883
879
875
873
866
863
865
863
854
853
853
848
848
848
844
842
838
835
829
825
825
821
817
812
808
802
795
783
778
777
770
768
766
759
759
755
755
752
751
748
748
746
746
744
744
742
740
736
738
738
738
738
738
738
738
738
736
736
735
733
56
56
63
71
81
83
83
90
95
102
102
105
113
115
115
120
127
131
131
136
142
147
152
159
165
169
176
183
188
192
199
202
206
211
213
217
221
225
228
231
233
235
236
240
241
241
243
243
245
245
247
248
248
250
250
250
251
251
252
252
253
255
255
255
908
908
896
891
885
882
878
876
871
868
866
864
859
858
852
851
851
847
845
845
844
840
839
835
832
829
825
822
817
814
809
802
795
790
784
778
774
768
765
763
759
756
754
751
750
746
746
746
746
742
741
742
741
740
739
739
739
738
738
737
737
736
735
736
56
56
63
68
76
79
87
92
92
96
97
103
107
110
114
116
120
123
124
130
135
135
139
151
153
160
164
175
188
189
189
191
197
208
208
210
214
219
229
229
228
228
239
239
237
237
242
243
244
245
248
248
248
248
249
250
251
251
252
253
253
254
255
256
876
876
866
856
847
839
827
810
787
759
756
743
741
739
735
734
730
730
730
730
728
726
726
726
723
722
721
721
720
718
716
714
713
713
712
712
712
712
712
712
711
711
711
711
710
710
710
711
710
709
709
710
710
710
709
709
709
708
708
708
708
708
708
707
63
63
75
89
91
95
102
102
106
112
119
122
126
127
133
138
142
147
156
163
172
177
188
196
202
212
215
221
223
231
235
238
240
241
245
247
249
250
250
251
252
256
256
255
255
257
258
258
258
259
259
261
261
262
262
262
263
263
264
266
266
266
265
265
902
902
895
888
880
880
876
869
868
866
864
860
858
854
852
848
843
839
836
823
823
814
804
786
781
774
768
757
756
750
747
743
741
738
737
735
733
730
728
728
727
726
726
724
724
721
719
719
719
717
717
715
715
714
714
714
713
712
712
711
711
711
711
709
57
57
61
68
72
72
79
85
89
95
98
103
103
108
116
124
131
131
135
144
150
153
163
175
178
182
189
193
203
213
219
225
230
235
238
242
248
248
248
250
252
253
255
256
256
257
259
260
260
260
262
263
263
264
264
265
266
266
266
267
267
268
270
270
905
905
900
893
892
879
871
871
871
871
870
865
864
860
857
856
854
847
843
840
836
831
826
818
812
800
796
785
775
770
762
758
754
750
746
743
741
739
737
736
733
732
731
729
729
726
726
725
724
723
723
723
723
719
719
718
717
716
715
715
714
714
712
711
54
54
57
65
65
66
75
75
79
88
94
94
93
93
111
115
120
120
124
134
136
142
148
155
159
166
173
179
186
203
205
211
220
232
234
235
239
241
246
248
250
252
254
255
256
258
259
260
261
261
270
270
265
265
266
267
268
268
268
271
271
271
271
271
908
908
901
897
896
894
886
882
880
878
874
873
864
860
860
858
852
850
849
846
842
838
832
832
824
818
812
804
796
788
781
774
761
756
756
753
749
745
744
741
738
736
735
733
733
730
730
727
726
726
725
723
722
721
721
720
718
718
717
716
716
715
714
713
50
50
54
59
65
67
71
75
78
79
89
91
95
98
101
105
114
114
118
119
127
132
137
144
150
155
167
170
172
180
185
194
203
213
213
221
233
238
241
244
245
251
252
253
256
258
258
260
262
263
263
264
266
266
266
268
268
268
268
270
269
270
271
272
912
912
905
900
896
887
886
885
882
876
876
873
871
867
865
862
859
855
854
849
846
844
835
829
829
820
818
812
806
798
791
784
777
769
765
759
756
751
748
742
742
739
738
736
733
731
731
729
728
727
725
723
723
723
723
721
720
720
719
717
715
715
715
714
48
48
54
58
59
63
69
75
78
83
85
88
94
95
97
102
106
110
113
117
121
126
130
139
146
146
146
151
164
170
177
181
195
196
199
220
225
231
242
242
242
245
247
253
254
258
260
259
260
262
263
263
265
265
266
268
269
270
270
271
271
271
273
273
887
887
875
864
852
837
818
792
767
749
739
731
727
722
718
715
714
710
709
709
709
707
706
705
704
704
703
703
703
702
701
700
700
700
700
700
699
699
699
699
699
699
699
698
698
698
697
697
697
697
697
697
697
697
696
696
696
697
696
696
695
695
696
696
47
47
69
82
85
93
100
105
110
120
125
125
130
136
141
147
155
172
182
197
206
211
220
231
242
251
256
261
262
263
263
267
269
269
272
273
274
276
276
278
276
280
279
279
279
280
280
280
280
280
281
281
281
280
281
280
281
282
282
280
280
280
279
279
909
909
902
897
888
882
876
870
865
860
854
847
840
834
829
823
814
804
794
784
780
773
771
767
758
757
752
747
744
739
735
733
733
730
726
724
723
722
717
716
716
714
712
711
710
708
708
707
707
707
706
704
704
704
704
703
702
702
702
702
701
700
700
700
54
54
57
64
71
84
86
88
95
99
100
108
114
115
117
122
125
128
132
137
144
152
163
171
183
193
197
209
218
226
233
240
246
250
253
256
257
260
262
262
263
265
265
267
267
270
270
271
271
272
274
274
274
274
276
279
279
277
277
278
278
278
283
283
911
911
901
899
895
890
886
881
876
872
863
859
857
848
844
840
832
829
828
823
820
812
806
796
787
781
775
772
766
762
759
756
752
750
746
740
736
731
730
728
724
720
720
719
714
714
714
712
710
710
710
707
706
706
705
704
703
703
702
702
702
702
701
701
49
49
53
59
67
76
80
85
89
95
101
103
111
115
115
119
119
127
128
128
133
136
139
141
152
159
166
176
188
197
205
206
223
227
240
240
247
247
258
258
260
270
270
268
268
268
268
270
272
272
272
274
274
274
275
276
277
277
278
278
280
279
280
280
914
914
908
903
893
893
889
885
879
871
867
863
857
849
840
844
841
841
837
836
832
827
817
812
812
798
791
788
779
776
769
760
759
755
752
749
746
737
735
735
727
725
725
722
719
718
713
713
711
711
711
710
707
706
706
705
705
705
704
704
704
704
702
702
48
48
55
64
68
84
84
84
87
88
95
102
107
111
115
120
124
127
130
132
135
135
140
145
147
151
151
151
151
174
184
199
204
207
219
228
231
238
238
243
254
258
262
266
267
267
267
268
270
272
273
273
274
274
275
275
276
277
277
277
277
277
278
277
925
925
908
905
900
895
890
885
879
874
864
863
862
858
855
848
847
845
843
839
835
833
829
825
820
810
810
802
795
787
778
771
764
760
754
752
745
744
744
738
736
732
729
723
720
720
718
716
715
713
712
708
708
708
708
707
707
706
705
705
705
705
703
703
49
49
51
56
62
64
72
76
88
92
94
97
105
109
109
114
122
126
127
131
134
138
144
144
144
153
156
162
163
167
174
181
190
196
219
221
230
235
236
240
244
247
253
258
260
265
266
267
270
272
278
273
273
273
275
275
275
276
276
276
276
276
276
276
