124
143
151
164
170
176
181
185
185
192
193
195
199
200
202
203
205
206
208
209
210
211
213
213
214
215
216
217
217
218
218
219
220
221
220
221
222
223
223
224
224
224
226
226
226
226
227
228
228
228
229
230
233
230
231
231
231
231
232
231
232
231
232
232
1007
1007
979
963
948
938
925
920
902
887
876
859
856
848
841
836
831
825
819
818
813
810
806
803
800
798
794
792
787
786
786
784
782
780
780
777
776
776
774
771
770
770
768
762
766
765
765
765
764
762
762
762
761
760
758
758
758
757
757
756
755
755
754
753
0
0
27
49
59
75
90
100
107
125
130
136
137
137
143
145
152
155
159
168
172
172
177
182
183
189
192
196
199
200
202
204
207
209
209
210
214
216
216
218
218
219
219
220
220
222
224
224
224
224
225
225
227
227
227
227
227
228
229
229
229
230
230
230
1005
1005
979
957
947
936
923
911
901
892
876
876
868
854
853
844
840
838
832
827
823
819
807
806
806
802
800
796
792
790
786
786
780
776
774
772
766
770
770
770
765
763
761
760
759
758
758
757
755
754
752
752
751
750
750
748
748
748
748
748
747
746
746
745
0
0
21
43
59
72
83
92
101
110
116
121
128
133
137
143
145
152
156
159
161
163
172
177
177
183
186
190
192
194
197
200
203
204
206
207
209
212
215
215
217
218
220
220
221
222
223
223
224
225
226
227
227
227
229
230
229
229
229
231
231
231
232
232
1008
1008
983
963
950
940
928
914
903
894
887
881
871
863
858
849
839
838
833
831
824
821
815
811
810
804
798
795
795
791
786
785
783
781
778
775
771
765
765
762
764
760
761
759
759
759
756
753
753
753
752
751
751
748
747
747
747
747
745
744
743
742
741
740
0
0
21
43
47
70
81
87
102
109
111
127
129
132
138
141
145
147
150
163
164
165
168
172
176
178
182
185
187
191
193
193
195
201
203
206
207
211
211
212
216
218
218
219
220
220
221
223
225
229
229
229
227
227
229
229
229
228
230
231
231
231
231
232
1008
1008
982
960
951
938
927
920
903
888
887
872
871
865
858
856
845
839
836
830
825
816
814
812
808
804
801
796
795
788
787
786
780
778
778
773
773
772
769
767
766
764
761
760
758
757
754
754
752
750
748
748
747
746
745
744
743
742
742
741
738
738
737
736
0
0
22
42
57
70
81
87
98
105
113
119
126
131
131
135
143
143
147
151
160
164
169
169
176
178
182
185
183
185
190
194
197
198
201
203
207
209
209
211
215
215
215
216
217
219
222
223
223
223
225
226
226
227
228
228
228
229
229
230
230
232
232
232
1009
1009
984
964
952
939
927
913
897
895
888
880
872
865
852
850
841
838
835
827
826
821
816
813
808
804
798
797
796
794
787
782
777
779
774
774
773
770
767
764
764
762
761
760
757
755
754
751
751
751
750
747
746
744
744
742
741
741
740
739
737
737
737
736
0
0
15
39
59
78
79
88
98
107
111
124
125
130
134
138
142
147
150
154
158
161
168
168
168
174
179
183
183
187
191
193
193
196
201
201
201
205
209
209
210
211
214
216
218
218
219
221
221
223
225
225
225
226
227
228
228
228
230
231
231
231
232
233
855
855
812
785
766
748
742
736
731
730
730
725
728
728
728
728
729
729
730
730
730
730
730
731
731
731
731
732
730
733
733
733
733
734
734
734
734
734
734
734
735
736
736
735
735
735
735
735
735
737
737
736
736
736
737
737
736
736
736
736
737
737
736
736
64
64
84
96
109
116
123
130
136
140
146
147
154
158
164
168
168
173
177
181
183
189
194
199
204
209
213
219
222
226
230
233
231
233
235
235
236
237
239
239
239
241
245
244
244
244
246
246
246
247
248
248
247
247
250
250
250
251
251
252
252
251
251
251
980
980
963
953
940
921
904
899
871
868
855
853
848
840
835
826
819
813
810
804
799
795
791
788
784
781
778
777
773
772
770
768
766
766
764
761
760
760
757
756
757
756
754
753
753
751
753
751
749
748
748
747
747
746
744
744
743
742
742
740
740
740
738
738
47
47
67
75
87
94
99
106
112
118
118
122
132
135
142
146
152
156
160
163
169
175
178
187
189
190
196
204
211
215
218
218
221
227
229
227
229
234
235
238
239
239
241
243
244
246
246
248
248
248
249
249
249
251
251
251
252
252
252
252
252
251
254
253
977
977
968
957
941
927
904
897
883
878
871
863
856
850
843
838
833
832
823
817
813
809
805
801
800
790
790
790
790
785
783
782
778
777
774
772
772
768
764
763
763
761
759
759
759
759
760
760
755
754
754
752
752
752
751
751
750
750
750
749
749
749
748
748
47
47
56
70
80
87
94
101
103
110
113
117
122
124
129
131
135
139
139
143
149
151
155
164
167
167
171
183
183
191
196
201
207
207
210
214
218
220
223
227
227
232
234
236
238
239
240
241
243
244
245
246
246
247
250
250
252
252
254
254
251
251
251
252
979
979
968
964
948
931
912
904
888
881
875
874
863
855
855
845
841
835
831
824
822
817
812
806
797
802
797
797
792
790
790
786
783
780
778
777
773
770
770
768
768
763
763
761
757
757
758
758
756
755
755
755
755
754
754
751
751
750
750
749
749
749
749
749
44
44
58
75
79
85
88
95
99
104
114
116
118
119
123
126
129
132
134
135
140
144
147
152
155
160
165
169
174
178
182
186
186
197
201
202
206
210
214
216
222
223
225
228
229
231
235
236
240
242
242
243
243
244
247
248
248
248
248
248
250
250
250
251
980
980
971
958
949
935
918
906
893
883
868
867
862
862
854
850
847
840
835
833
831
824
818
814
811
807
804
801
798
794
792
791
788
782
779
777
775
773
773
770
769
768
765
764
763
760
759
758
757
756
755
755
754
753
753
753
751
751
750
750
752
752
750
749
42
42
56
67
76
84
86
93
95
100
107
110
112
117
122
123
125
129
131
133
134
142
143
146
148
151
156
163
168
168
174
177
184
189
189
190
195
200
203
206
209
213
217
220
224
226
229
232
234
246
247
246
242
242
243
245
246
247
247
247
249
249
249
250
905
905
863
853
835
818
803
792
783
774
767
759
755
752
751
749
748
747
746
745
745
744
744
743
742
741
740
738
738
738
738
737
736
736
733
732
732
731
731
731
730
728
728
727
727
727
727
727
726
726
725
725
725
725
726
725
725
725
725
725
726
725
725
724
63
63
77
87
95
102
102
112
118
124
126
127
132
135
137
140
145
148
151
151
159
160
168
169
175
179
184
193
200
200
207
214
221
228
235
235
243
246
251
249
251
251
252
252
252
253
254
254
255
255
255
255
255
255
255
255
256
256
258
258
258
258
258
258
975
975
966
956
936
908
891
879
871
866
864
853
846
840
835
828
824
817
813
802
802
798
798
796
792
789
789
788
780
775
771
766
762
759
755
755
752
752
752
748
747
746
746
745
743
743
742
742
741
740
739
739
738
737
737
736
736
736
736
736
736
736
736
736
55
55
67
76
82
87
94
95
97
103
112
115
120
122
131
140
140
139
139
143
146
147
152
156
164
165
168
174
176
180
185
190
199
204
211
225
226
233
237
242
244
245
249
251
251
251
252
252
253
253
253
253
253
254
254
254
256
256
256
256
257
258
259
259
978
978
967
958
936
909
892
883
877
871
865
860
856
849
844
840
835
823
812
815
812
812
809
808
804
801
800
798
793
790
786
783
775
772
768
765
760
759
757
756
754
753
750
748
748
747
746
745
743
743
741
741
740
740
740
739
739
738
738
737
737
736
736
736
51
51
63
71
72
84
87
98
98
103
105
114
116
117
120
124
127
129
135
142
142
147
147
151
154
157
161
164
167
173
174
177
182
189
196
203
212
220
227
231
238
244
244
244
246
248
248
248
250
251
251
251
251
251
252
253
253
254
254
255
256
257
257
258
983
983
976
958
936
908
893
886
874
872
869
865
857
855
851
848
840
833
829
824
821
817
814
812
803
803
801
801
800
800
793
791
782
776
776
772
768
765
763
760
757
755
753
751
751
750
750
746
743
745
743
743
742
739
741
739
741
740
740
738
738
738
737
737
50
50
60
68
69
83
88
89
98
98
103
110
112
113
118
122
125
127
134
134
135
138
143
147
147
150
158
159
166
171
167
171
173
181
183
204
205
213
220
225
240
240
241
243
245
247
248
247
248
248
250
250
250
250
250
252
252
253
255
255
255
256
258
258
974
974
972
958
934
909
889
888
888
879
869
869
864
858
852
846
841
835
832
824
820
820
816
811
811
807
800
804
799
798
797
793
789
786
782
776
773
759
756
756
759
759
754
752
752
752
752
748
748
747
746
745
744
744
744
743
742
742
741
741
739
739
737
733
48
48
59
63
65
75
76
87
91
95
102
103
108
115
115
115
122
125
128
131
135
140
143
143
147
147
156
156
156
159
165
169
174
181
184
191
195
206
215
226
230
233
235
240
243
244
244
247
247
248
248
249
249
250
250
251
251
253
253
254
254
255
256
257
890
890
871
848
835
807
806
796
779
758
752
744
740
740
740
740
738
738
738
737
730
730
735
735
733
733
732
732
732
736
736
731
731
731
731
729
725
725
726
729
729
728
728
728
727
727
727
727
727
726
726
727
729
729
730
729
729
729
729
730
729
730
731
732
55
55
70
80
88
89
95
105
105
112
118
120
126
131
139
139
152
153
157
164
168
173
180
193
201
213
214
219
227
231
238
240
241
241
242
242
242
242
243
244
244
245
245
250
251
256
258
258
261
262
263
264
267
267
267
268
268
269
270
270
271
271
270
270
959
959
924
906
893
889
879
873
865
859
859
853
847
841
835
830
828
822
818
813
811
808
803
801
797
792
785
782
775
769
763
760
758
755
754
751
749
749
748
744
743
743
743
741
740
740
738
737
737
736
735
735
734
734
733
732
732
732
732
732
731
731
732
732
45
45
56
64
74
79
83
90
97
101
104
107
111
112
121
125
127
132
135
140
144
146
147
148
156
158
163
166
169
174
182
189
200
210
214
225
231
237
239
239
241
244
244
245
245
247
248
250
252
252
251
251
259
260
263
263
267
267
269
270
270
275
275
274
974
974
947
915
908
889
888
884
878
872
863
862
857
854
848
844
839
833
829
825
821
818
813
809
809
806
802
800
794
778
774
771
761
758
754
753
751
750
750
742
742
744
744
737
736
736
736
736
736
736
735
735
734
734
733
732
732
732
731
731
730
730
730
730
44
44
58
59
74
80
87
90
91
94
99
107
107
110
116
119
124
128
132
132
139
143
145
146
149
154
155
157
164
167
169
173
178
183
187
202
213
220
225
230
231
239
240
241
244
244
247
248
248
249
249
251
255
257
257
260
262
264
265
268
269
269
270
271
976
976
944
915
907
905
890
884
879
876
870
864
859
855
852
848
846
840
838
835
834
825
824
824
819
812
808
808
804
795
787
782
775
769
765
762
758
751
749
749
746
744
742
742
740
738
736
736
735
735
735
734
734
734
734
734
734
740
740
731
730
730
730
729
43
43
55
63
73
77
86
86
90
94
97
98
105
111
114
118
119
126
128
131
135
139
140
143
146
149
151
154
158
160
163
167
171
176
182
205
214
214
220
226
230
232
233
236
240
241
241
243
245
246
247
247
248
250
252
252
253
259
259
259
262
264
264
266
975
975
934
915
906
900
893
885
880
873
871
867
867
856
854
854
847
845
842
840
838
834
833
828
825
823
818
816
812
805
799
793
784
774
772
768
764
760
757
754
753
750
748
747
742
740
738
736
734
734
734
734
732
732
731
730
730
730
731
730
730
729
728
728
62
52
62
62
66
77
79
84
88
95
99
99
103
107
113
117
120
124
125
127
133
137
141
141
144
149
156
155
156
159
166
168
169
169
173
180
183
209
211
218
224
228
228
232
232
235
238
240
242
242
244
244
246
246
248
250
250
253
253
254
256
259
260
261
