135
161
175
185
191
200
207
213
223
236
230
233
233
235
236
238
240
241
241
241
241
244
244
244
245
245
245
245
246
245
246
245
247
247
247
246
246
247
247
247
245
247
248
248
248
248
248
254
254
248
247
248
248
248
248
249
249
250
249
249
249
250
259
250
995
995
970
949
935
917
915
908
904
890
884
874
864
856
846
839
832
824
818
813
807
802
797
792
788
783
779
777
772
769
768
768
764
760
759
759
756
755
753
753
751
751
750
747
743
743
744
746
744
742
742
741
738
738
739
739
739
738
737
737
736
735
735
734
0
0
14
39
60
73
90
95
110
124
128
137
146
157
157
162
177
179
180
185
189
193
197
199
204
204
205
210
211
214
215
217
218
219
221
222
223
224
225
225
225
227
227
227
228
228
229
229
230
229
231
231
231
232
233
233
238
238
235
235
236
236
236
236
996
996
967
950
939
926
916
903
891
880
870
864
862
849
837
837
837
825
819
814
810
804
798
798
791
783
779
776
772
770
769
767
761
758
758
756
754
752
749
749
746
744
742
741
740
739
735
735
734
734
734
734
732
731
730
724
729
728
728
728
727
727
727
727
0
0
16
37
53
64
81
90
100
110
117
123
133
139
150
150
157
162
167
171
176
179
184
185
187
192
195
196
201
203
205
206
206
209
212
215
215
216
218
219
220
220
221
221
223
223
223
225
225
225
226
228
228
228
230
230
231
231
231
232
232
233
234
234
991
991
964
933
928
911
901
890
881
875
869
858
857
851
847
843
838
834
830
826
821
816
813
809
806
801
797
794
791
787
783
780
776
772
767
766
763
760
757
754
751
749
744
744
744
741
739
738
738
734
733
733
731
731
730
729
728
727
726
726
726
724
724
723
0
0
16
40
44
69
76
93
97
104
112
120
132
138
138
146
152
157
161
161
165
170
172
180
185
187
192
192
192
192
194
198
201
202
203
207
207
212
212
212
212
214
215
216
216
219
220
220
220
223
223
225
225
225
226
226
226
227
228
229
229
230
230
230
987
987
958
943
920
908
899
890
882
878
871
866
861
858
853
848
845
841
837
834
830
821
821
818
814
810
807
802
799
797
792
788
785
781
779
775
775
772
765
759
758
758
753
750
749
745
743
741
739
737
735
734
733
731
731
731
728
726
725
725
725
726
726
725
0
0
7
33
48
59
75
88
95
103
108
124
129
129
132
139
142
145
151
156
159
159
165
173
174
174
175
182
183
186
187
189
193
195
196
199
201
202
205
205
206
208
210
212
213
213
215
215
215
219
220
221
221
222
223
224
224
225
225
227
227
227
223
228
988
988
957
938
917
908
896
892
886
880
874
869
865
864
857
856
849
846
844
840
834
831
828
827
822
817
813
809
803
802
796
795
792
791
785
781
780
776
771
768
766
761
760
756
751
749
749
743
743
740
738
736
736
731
730
730
729
727
726
723
724
723
723
722
0
0
14
32
49
62
74
80
84
99
105
112
119
125
129
134
139
143
146
147
155
156
156
156
168
170
172
174
177
181
183
187
190
190
192
196
196
196
199
201
203
204
204
208
208
210
210
213
214
215
216
216
219
219
220
220
221
224
224
224
223
226
226
226
860
860
828
802
774
749
732
724
718
718
718
717
717
717
717
717
716
715
715
715
715
715
715
715
714
714
714
714
714
714
713
713
713
713
713
713
712
712
711
711
711
711
711
710
710
710
710
710
711
711
711
711
711
711
710
710
710
709
709
711
711
711
710
709
57
57
73
83
92
99
108
116
116
127
128
130
138
140
144
148
152
157
162
166
171
177
182
189
191
200
203
214
214
214
211
216
218
220
220
222
223
225
227
229
229
229
231
233
240
234
236
236
237
237
239
242
242
242
241
242
242
243
243
243
244
245
245
245
924
924
912
904
899
896
895
886
879
879
879
871
866
863
859
854
850
841
838
830
817
814
805
792
785
775
768
763
760
753
749
747
743
743
740
735
735
735
736
735
734
733
732
731
730
729
729
729
728
728
727
726
726
726
726
725
725
724
725
724
724
723
723
723
47
47
57
63
63
72
75
85
89
89
101
101
101
105
108
114
123
127
137
138
148
151
160
171
175
178
193
196
200
208
215
218
239
219
221
221
223
226
228
228
230
230
231
232
232
234
234
234
235
236
237
237
237
237
238
239
239
239
239
239
239
241
241
241
928
928
917
905
904
904
898
894
893
893
885
884
884
877
876
876
870
867
859
859
855
850
844
836
821
819
812
802
793
787
779
778
772
761
757
749
748
748
742
742
740
740
734
738
738
738
736
736
734
733
732
732
731
731
731
730
729
730
729
728
727
727
727
727
43
43
53
55
62
66
76
76
76
83
84
86
89
92
95
99
102
108
110
113
124
126
133
140
148
155
164
174
178
185
198
201
201
206
209
212
214
217
217
217
222
223
224
225
227
228
229
229
230
232
232
233
231
234
235
236
236
236
237
238
238
238
239
240
927
927
913
907
907
904
898
895
892
891
890
887
882
880
880
880
878
873
870
863
861
861
857
853
848
842
835
829
819
811
803
794
786
780
772
765
762
754
753
750
750
745
745
744
743
743
742
741
738
737
737
735
735
734
734
733
733
732
731
731
731
730
730
729
41
41
51
56
60
63
64
71
74
78
79
82
87
87
91
97
97
97
103
107
107
116
119
126
133
140
147
153
162
167
176
191
191
192
199
205
208
211
216
216
218
219
221
222
223
225
227
228
228
230
231
232
232
233
234
234
235
235
236
236
236
237
238
239
927
927
918
911
908
904
900
899
895
891
888
888
888
884
881
879
879
875
872
872
872
865
862
859
855
851
845
838
835
827
824
810
802
790
785
778
773
763
762
754
752
752
750
748
748
742
742
742
739
739
738
737
737
736
735
734
734
733
734
732
731
730
730
730
40
40
49
55
57
61
66
69
75
76
76
81
83
85
88
91
94
97
100
105
107
111
114
117
124
132
137
143
150
158
165
172
185
189
192
197
202
204
209
212
214
218
218
219
222
223
223
224
227
228
229
231
231
233
233
233
234
234
234
235
235
236
235
236
898
898
888
880
865
862
845
819
787
763
750
743
736
733
732
730
729
728
727
726
725
724
723
723
723
723
723
723
721
721
722
722
721
721
721
721
720
719
720
719
719
719
719
718
718
718
718
716
716
717
717
717
717
717
717
718
716
716
716
716
716
715
714
714
60
60
67
74
79
83
87
91
95
100
106
112
124
126
142
153
166
175
195
196
203
209
243
243
222
222
227
227
231
232
232
232
234
234
235
236
237
238
238
241
242
241
242
242
242
244
244
244
244
243
243
245
246
246
246
246
247
247
247
247
247
247
248
248
916
916
907
904
898
895
891
891
888
880
876
876
872
869
863
857
850
840
827
816
803
792
780
770
762
756
755
748
745
742
740
740
735
733
733
732
730
730
727
727
725
726
725
725
725
723
725
723
723
722
722
722
721
721
721
720
720
720
720
719
718
716
716
718
52
52
55
62
63
65
69
76
77
77
80
83
86
93
101
102
102
110
113
122
128
135
143
152
158
167
179
183
194
201
208
213
216
219
221
223
227
228
229
231
233
235
235
235
236
238
239
239
239
239
241
242
242
242
243
244
244
244
245
245
245
246
246
246
920
920
913
911
907
904
904
895
893
893
890
888
885
882
881
875
871
868
859
855
850
842
835
822
815
804
794
777
775
761
761
755
750
747
744
743
740
736
733
733
733
731
729
727
726
726
725
725
725
724
724
723
721
721
721
722
721
721
721
721
721
720
720
719
46
46
51
55
58
61
64
67
70
71
78
78
82
85
86
89
91
95
100
105
109
115
123
127
133
147
154
147
154
172
182
191
200
206
210
216
219
222
225
228
228
229
232
233
235
236
236
237
238
239
240
241
241
242
242
242
243
243
244
244
245
245
244
244
924
924
916
913
910
908
906
904
903
898
896
894
891
888
883
881
879
876
872
865
862
856
851
844
838
831
821
814
805
796
786
776
765
763
757
752
747
744
741
738
736
735
733
732
730
729
728
727
726
726
726
726
724
723
723
723
722
722
722
721
721
721
721
721
46
46
49
51
51
54
60
63
63
69
71
75
76
80
81
86
87
90
92
96
99
104
108
111
116
122
128
135
141
149
156
167
177
186
194
202
208
212
217
217
221
226
228
231
231
233
234
236
236
236
238
239
239
248
248
242
242
243
244
244
244
244
251
251
927
927
920
919
912
911
907
898
899
899
899
899
895
892
889
887
883
881
877
873
871
864
859
855
850
845
839
832
824
818
808
799
784
779
770
763
757
754
745
743
740
738
736
734
732
731
730
728
727
727
727
726
724
724
723
723
723
722
722
722
721
721
721
720
42
42
47
54
58
58
61
61
64
66
67
69
73
76
81
81
83
86
88
93
93
97
104
105
118
118
118
123
130
138
146
160
163
180
185
193
202
206
215
215
221
223
223
227
231
232
233
233
235
235
235
236
239
240
241
241
244
244
244
244
245
245
245
246
908
908
898
889
876
861
841
814
774
750
735
732
725
724
723
721
720
720
717
717
716
717
717
717
716
716
716
716
716
716
715
715
714
713
713
713
715
715
712
712
712
712
712
712
712
712
711
711
711
711
711
711
711
711
711
711
711
711
711
710
710
710
711
711
48
48
53
58
68
72
75
81
84
87
96
101
101
101
102
108
111
120
120
143
144
161
173
188
198
203
215
217
221
227
229
233
235
235
237
238
239
239
241
241
243
244
245
246
245
246
247
248
248
249
249
249
251
251
251
252
251
252
252
252
252
252
253
252
920
920
920
910
905
904
897
892
886
885
873
865
863
860
855
851
849
841
834
815
807
792
782
775
766
755
747
733
738
734
734
733
731
728
728
727
727
725
722
720
720
719
719
718
718
718
717
716
716
715
714
714
714
713
713
713
713
712
712
712
712
712
712
711
46
46
48
56
66
66
66
69
73
80
82
94
94
94
95
98
100
101
103
104
105
107
109
113
113
119
139
144
162
171
184
193
201
201
209
215
218
221
231
233
244
245
244
243
243
244
244
245
248
248
249
249
249
249
251
251
251
251
251
251
252
252
253
253
922
922
915
910
907
901
897
894
889
884
884
877
873
871
870
862
862
862
860
858
855
849
848
837
829
815
800
788
779
774
761
755
754
751
746
739
734
732
728
725
723
722
721
720
719
718
718
717
716
716
715
715
714
714
713
713
713
712
712
712
712
713
712
712
47
39
47
56
59
62
65
65
63
63
79
81
88
91
91
92
96
97
99
101
104
104
107
107
107
113
115
118
119
127
137
151
167
175
187
195
199
204
211
217
217
224
230
234
237
239
244
244
244
247
247
248
248
248
250
250
251
251
251
252
252
253
254
254
916
916
915
911
906
902
898
892
891
888
888
885
881
877
876
874
874
871
868
865
863
863
857
857
854
852
848
837
829
808
794
786
779
770
767
763
756
753
746
741
736
731
729
727
724
720
720
718
718
717
716
716
715
715
715
714
713
713
713
711
711
711
711
711
43
43
49
59
59
62
68
69
72
76
79
81
85
87
89
91
93
94
96
96
100
102
103
105
108
114
115
117
119
124
133
137
144
154
172
182
190
196
201
205
212
216
216
223
228
234
238
241
241
243
245
246
247
249
250
250
250
251
249
251
253
253
253
252
924
924
920
911
905
901
899
894
892
889
887
885
881
879
874
874
874
874
869
868
865
862
861
861
860
857
852
848
842
829
821
809
793
785
778
776
768
763
759
750
747
745
739
737
729
728
723
721
719
719
718
717
716
715
715
715
714
714
714
714
713
713
713
713
41
41
49
54
55
61
63
64
72
73
78
82
82
84
87
96
96
95
95
97
100
101
104
107
107
113
113
116
119
119
130
131
139
147
162
173
187
196
196
198
202
206
206
214
218
223
236
236
238
241
243
244
247
248
248
249
249
249
249
250
250
251
251
253
