480
480
480
480
480
480
480
480
479
479
480
480
480
480
480
481
481
480
480
483
483
480
479
479
480
480
480
480
480
480
480
480
480
480
480
480
480
480
480
480
480
480
480
480
480
480
480
480
480
480
479
479
479
479
479
479
479
480
480
486
486
480
479
480
608
619
625
630
633
634
634
634
634
634
633
633
633
633
632
631
631
631
631
631
630
630
629
629
629
629
632
632
628
628
627
627
627
627
626
626
625
625
625
625
625
625
625
624
624
624
624
625
624
629
624
624
624
624
624
634
623
623
623
622
622
622
622
622
179
179
194
205
229
252
272
283
283
290
301
309
310
313
317
323
325
325
327
329
329
335
335
336
337
337
337
343
353
345
350
348
348
348
349
350
350
350
352
352
352
353
354
354
354
354
355
356
356
356
357
357
357
357
358
364
364
359
359
359
360
360
360
360
785
785
785
785
785
776
760
759
752
746
739
739
734
730
724
719
713
713
712
710
708
707
706
703
703
703
699
696
691
691
691
687
683
678
672
669
664
662
652
644
638
633
632
632
636
636
630
630
630
630
631
631
629
629
628
628
627
628
627
627
627
627
620
626
168
168
170
181
192
199
218
225
225
230
236
242
249
251
254
259
262
264
264
272
272
273
276
276
277
275
281
288
289
290
293
298
298
299
301
305
310
313
317
321
325
333
341
348
352
355
355
356
357
358
359
359
359
360
360
361
361
362
362
362
362
363
363
363
778
785
784
785
785
785
781
779
774
768
764
755
750
745
740
737
732
729
727
723
723
722
718
716
714
711
709
709
708
707
706
704
704
703
699
697
692
691
692
691
686
683
679
670
665
665
660
657
646
637
635
631
630
629
628
628
627
615
627
626
626
626
626
626
150
150
157
168
179
187
189
205
210
216
221
222
237
239
241
245
250
253
256
256
259
263
266
269
271
271
273
275
277
281
282
281
282
286
288
289
291
294
299
302
302
304
307
310
313
317
322
336
350
350
355
355
358
360
361
361
361
362
363
363
363
363
363
364
785
785
786
786
786
786
784
785
784
777
770
765
762
755
752
742
738
738
734
731
729
729
730
730
726
719
716
714
714
713
711
709
709
707
706
706
703
701
700
698
695
692
690
688
687
685
681
676
676
666
656
646
646
644
633
630
629
628
627
626
626
626
625
625
141
141
147
162
167
180
187
197
203
212
214
220
223
233
233
233
242
252
252
255
255
257
260
260
266
267
267
269
271
273
275
276
277
280
282
282
286
288
289
292
294
296
298
301
303
308
309
311
315
320
328
332
347
347
352
359
362
362
363
364
364
364
364
364
785
785
785
785
785
785
786
786
785
783
773
771
765
761
755
752
746
739
738
736
734
731
729
726
725
722
722
720
718
718
714
713
712
712
711
708
706
705
701
700
700
699
696
694
692
690
687
685
682
678
677
669
656
649
649
641
635
631
628
627
625
625
625
625
145
145
154
159
170
177
183
194
199
206
210
218
220
224
231
233
237
245
245
245
246
254
256
258
261
262
264
266
267
269
272
273
273
276
278
280
282
284
286
287
297
297
294
294
298
300
303
306
308
312
316
320
325
330
337
345
351
356
359
360
361
363
364
364
759
759
724
716
704
690
654
627
623
621
620
618
617
616
616
616
616
616
615
604
604
614
614
616
616
612
612
612
612
612
612
611
612
612
612
612
612
611
611
611
611
610
610
611
611
611
610
610
611
615
615
610
610
610
610
610
610
609
610
610
610
610
610
610
186
186
208
225
235
250
259
266
272
277
283
288
293
298
304
314
314
319
328
333
350
359
359
361
364
364
365
366
367
368
368
368
368
369
369
369
370
370
370
371
370
370
370
371
371
371
371
371
371
372
371
371
371
371
371
371
371
371
371
371
371
371
371
372
785
785
783
769
743
734
734
729
726
720
719
717
711
708
708
706
704
701
697
694
689
687
686
673
671
669
666
662
661
654
641
632
627
623
621
617
616
616
615
615
614
614
614
613
613
613
613
611
613
613
613
613
613
614
614
612
612
613
613
613
613
613
612
601
184
184
198
215
229
229
242
256
263
271
274
274
280
283
287
288
291
288
296
305
308
308
311
318
321
326
326
332
349
349
354
361
364
365
365
366
364
367
367
368
368
368
369
369
369
368
368
369
369
369
360
360
368
369
369
369
369
369
369
369
369
369
369
370
785
785
781
778
764
754
745
737
734
728
724
722
719
716
715
712
709
708
704
703
698
695
691
683
679
679
674
672
669
662
660
655
647
639
635
629
625
623
622
619
617
619
617
616
616
615
615
614
614
614
614
614
614
614
614
614
614
614
614
614
613
614
614
614
172
172
186
208
223
234
244
257
258
262
266
271
271
278
287
287
291
299
302
302
305
311
311
314
320
323
332
340
340
345
355
355
358
360
361
361
363
365
365
365
366
367
367
367
366
366
367
367
368
367
368
368
368
368
368
368
368
368
368
368
368
373
368
369
785
786
786
781
768
759
748
742
736
730
728
726
725
724
718
713
711
709
706
703
699
697
692
689
687
687
682
674
670
667
662
657
646
638
638
634
629
628
628
624
621
620
613
613
615
617
617
617
616
616
616
615
616
616
616
616
615
615
615
615
614
614
614
614
170
170
189
205
222
231
240
248
256
260
265
269
272
273
279
282
289
289
293
302
304
308
312
316
321
324
330
334
340
346
351
355
358
360
360
361
361
361
361
361
363
363
371
363
365
365
365
366
366
366
366
366
366
367
368
368
368
368
368
368
368
368
368
368
782
785
782
781
777
757
750
737
733
733
729
725
723
722
720
715
712
712
705
704
699
694
683
683
680
680
675
672
665
665
662
656
652
645
639
634
630
627
627
625
623
622
621
620
620
620
620
620
618
618
617
617
617
617
616
616
607
607
615
615
615
615
614
615
171
171
189
205
221
238
241
249
255
261
263
268
272
276
280
283
289
291
296
300
303
307
311
313
319
324
335
335
335
346
351
351
355
359
361
361
362
364
364
364
364
365
367
365
365
365
365
365
365
365
365
365
365
366
366
366
366
366
366
366
366
366
366
366
740
740
724
715
703
689
673
661
632
623
622
620
617
617
617
616
615
615
615
615
616
616
616
615
615
615
619
619
616
616
615
615
615
615
615
615
615
615
615
615
615
615
615
614
614
614
614
615
615
615
615
615
614
614
614
615
615
615
615
615
614
614
614
615
197
197
235
248
255
261
267
268
272
291
300
300
306
313
320
327
327
345
352
360
361
361
361
361
362
363
363
363
364
364
364
364
364
364
364
365
365
365
365
365
365
365
365
365
365
366
366
366
365
365
365
365
365
365
365
365
366
366
366
367
365
365
365
365
768
768
751
741
733
726
715
710
710
706
701
695
689
687
678
673
667
662
654
645
639
626
626
624
624
623
623
622
621
621
621
620
620
620
620
620
620
620
620
619
619
619
619
619
619
619
618
619
619
619
619
619
620
619
619
618
618
619
619
618
618
618
618
618
201
201
225
238
249
253
262
265
271
278
286
293
304
306
311
321
330
337
352
354
354
356
359
359
359
359
359
359
360
360
360
361
361
361
361
361
361
361
362
362
362
363
362
363
363
363
363
363
363
361
365
362
375
362
363
363
363
363
363
363
363
363
363
363
777
777
759
749
744
733
726
720
712
705
705
699
694
687
686
680
670
656
653
653
637
632
629
627
626
625
624
624
624
624
623
623
623
623
623
622
622
622
622
621
621
622
622
621
621
621
621
621
621
620
620
620
621
620
620
620
620
620
620
620
620
619
619
619
194
194
216
234
242
250
257
269
275
282
282
288
299
303
309
312
331
339
345
348
353
355
356
358
361
361
360
360
359
359
359
361
362
362
362
362
361
360
360
361
361
363
363
362
360
361
360
361
361
363
364
364
364
362
362
361
362
359
365
364
364
364
362
362
778
778
774
748
738
732
728
725
722
712
712
705
683
681
681
674
668
658
650
641
634
630
629
629
627
626
625
625
625
625
625
624
624
624
624
623
623
620
620
621
622
623
622
622
622
622
621
621
621
621
622
622
622
621
621
619
619
621
621
621
621
621
617
617
195
195
218
232
234
251
258
263
273
282
285
299
305
305
313
321
331
341
346
353
354
355
356
359
359
359
359
358
357
358
359
359
359
359
361
361
361
360
360
360
361
362
362
362
361
360
360
361
361
361
362
362
362
361
361
361
361
360
360
362
363
363
361
361
779
779
774
757
743
733
733
720
719
714
706
700
691
686
682
676
670
663
654
645
642
633
633
625
628
628
628
626
625
624
625
625
625
625
625
626
626
623
623
623
623
623
623
623
623
625
622
631
623
623
622
622
621
621
621
622
622
622
622
622
622
622
622
620
187
187
214
228
238
248
256
256
262
275
281
288
296
308
309
318
328
335
341
350
351
353
355
357
358
358
360
360
360
358
358
360
360
360
360
360
359
359
359
360
360
365
365
361
360
360
360
360
361
361
361
362
362
361
361
361
361
361
362
362
362
362
362
361
726
726
702
679
644
631
628
626
626
624
623
623
623
623
622
622
622
621
621
621
621
621
621
620
620
620
620
620
620
620
620
620
620
621
621
620
619
620
620
620
620
620
620
620
620
620
620
619
621
621
621
621
621
622
622
622
622
622
621
622
621
622
622
623
210
210
220
236
244
247
255
266
272
272
283
309
323
344
344
350
355
356
356
357
358
359
359
359
359
359
360
360
363
363
361
361
361
361
361
361
340
340
361
361
362
362
362
363
363
362
362
362
362
363
362
362
362
362
362
362
362
362
363
363
361
361
362
362
764
764
752
744
737
730
721
713
705
693
682
672
660
646
636
635
632
630
629
628
628
628
627
627
627
627
627
627
626
626
630
630
625
625
625
625
626
626
626
626
626
627
626
626
626
625
625
625
626
626
626
626
626
625
625
626
626
626
626
626
626
627
626
625
209
209
224
234
241
247
258
264
276
276
276
293
301
315
332
340
350
351
352
352
353
354
355
355
356
356
356
356
356
356
357
357
357
357
357
359
358
358
358
358
358
358
358
358
359
359
359
360
360
360
360
359
359
359
359
359
359
359
359
360
359
360
359
360
771
771
766
753
745
745
731
724
713
692
681
678
669
654
644
640
637
637
633
632
632
630
630
630
634
630
629
629
629
628
629
628
629
632
632
627
608
627
624
630
627
627
627
627
628
628
626
626
626
626
626
627
627
627
627
626
626
626
626
626
627
627
627
627
204
204
215
235
239
244
251
266
278
279
287
289
300
311
327
344
348
349
349
349
353
353
353
353
353
353
354
355
355
355
356
355
355
355
355
355
356
356
356
356
356
358
356
357
357
357
357
357
358
358
358
357
357
357
358
362
362
352
352
358
358
359
358
359
778
778
767
759
752
749
738
731
722
711
701
686
674
659
648
640
639
634
634
633
633
631
633
630
632
630
632
629
622
622
629
630
629
630
628
629
628
629
628
629
628
628
628
628
628
627
628
627
627
627
628
628
627
627
627
627
627
627
627
627
627
627
627
627
206
206
214
225
232
245
249
259
268
273
281
292
303
314
330
336
347
346
347
349
350
351
352
352
352
357
347
354
354
354
354
354
355
355
355
354
355
356
357
357
357
356
356
356
357
357
357
357
358
357
357
357
358
358
358
358
358
358
358
359
358
360
360
360
776
776
769
761
754
750
741
738
724
717
703
688
675
664
649
641
639
636
636
634
634
633
633
632
632
632
632
631
630
629
630
629
629
629
629
629
629
634
634
627
627
627
627
626
626
628
628
627
627
626
627
626
627
626
626
625
626
626
626
626
626
626
626
626
206
206
214
221
221
232
235
251
264
280
282
294
298
316
330
341
345
349
349
349
350
350
350
343
353
353
353
344
344
353
363
363
354
354
354
374
374
355
355
355
355
355
355
355
356
356
356
356
357
357
357
357
357
357
357
357
357
358
358
359
359
359
358
359
