156
177
190
199
205
209
218
240
227
231
231
234
235
241
241
243
245
245
248
249
250
252
254
254
254
255
255
256
257
258
259
260
259
260
261
261
262
262
263
264
264
264
264
265
265
281
267
277
267
267
267
268
269
270
271
271
271
271
272
272
272
272
272
273
983
983
949
930
918
902
895
886
882
869
866
866
862
860
856
854
849
846
840
834
831
823
820
811
805
795
792
795
790
776
775
774
769
766
764
758
758
757
753
753
751
748
748
748
745
744
742
742
740
740
739
738
737
736
735
735
734
733
733
733
732
732
732
730
9
9
48
73
93
128
138
144
151
151
155
161
166
169
178
179
183
187
187
194
199
203
208
213
215
220
221
225
228
231
233
235
236
241
241
243
243
244
248
249
250
252
252
252
257
257
258
259
260
260
261
265
265
264
262
264
265
265
266
268
268
268
268
270
1002
1002
976
954
943
931
927
920
917
910
903
901
894
890
884
878
876
867
859
852
843
836
832
819
816
796
796
781
780
772
766
762
749
731
739
731
733
731
731
729
728
725
723
722
722
722
719
719
718
718
718
718
717
717
716
715
715
715
714
714
714
714
714
714
0
0
39
80
85
101
116
128
144
145
152
159
163
169
174
177
182
184
189
192
195
199
203
206
212
215
215
216
219
220
219
226
231
235
236
244
244
244
245
247
250
252
253
255
256
259
259
259
264
264
264
265
266
266
271
271
268
268
268
268
269
269
270
270
1008
1008
979
960
947
941
931
925
915
913
908
901
898
892
886
877
874
867
859
851
842
834
824
816
803
801
792
786
780
773
766
755
754
749
744
743
733
728
726
725
723
719
719
718
716
715
714
713
713
712
712
712
711
710
710
710
710
709
709
709
709
709
709
708
0
0
41
61
81
97
111
123
134
142
149
154
161
166
172
176
181
182
188
191
194
198
201
204
207
207
210
213
215
218
223
225
227
228
236
249
242
244
243
244
245
248
251
255
268
258
260
260
263
263
263
263
265
265
265
267
267
268
269
271
269
270
270
270
1008
1008
966
960
956
938
933
927
921
916
911
904
899
894
887
880
873
866
863
848
833
829
826
813
808
800
791
784
771
771
764
759
753
747
742
738
733
730
727
726
723
717
715
714
714
713
712
711
709
707
708
708
708
708
708
707
707
707
706
706
707
707
707
707
0
0
31
58
78
94
108
121
131
141
144
152
156
160
168
171
177
181
183
188
192
197
199
203
206
211
213
214
219
223
223
224
225
230
232
235
239
239
241
242
246
248
249
251
255
255
255
258
261
262
262
262
263
264
265
265
267
267
267
268
268
269
269
269
1008
1008
978
964
949
934
929
927
922
916
911
904
902
894
887
880
875
868
853
850
840
831
822
813
807
800
791
782
777
768
763
756
750
746
741
736
736
728
723
722
717
717
716
714
713
711
711
708
708
708
708
707
707
707
706
706
706
706
706
705
704
705
705
705
0
0
22
62
75
94
105
118
128
137
143
150
161
165
165
171
175
183
183
187
191
195
198
201
205
207
213
216
216
216
219
224
224
226
232
234
238
241
241
245
246
247
247
251
253
254
257
257
259
259
261
262
262
263
263
264
264
265
267
267
268
268
268
267
879
879
813
757
731
709
705
704
703
703
704
704
705
705
705
706
709
710
710
710
711
712
713
713
714
715
715
715
716
717
717
718
720
719
720
720
721
721
721
721
724
722
724
722
723
723
723
723
723
723
723
723
722
724
720
724
724
724
725
725
725
725
725
725
79
79
111
129
141
151
158
164
170
176
185
187
187
193
201
204
209
212
217
222
225
233
242
244
250
260
272
264
290
268
269
269
270
271
271
271
272
273
273
274
275
275
276
277
277
278
278
279
279
279
280
281
287
281
281
281
281
282
285
282
281
280
280
281
949
949
944
939
935
931
926
919
914
899
898
889
872
857
851
839
828
819
808
806
782
780
761
749
749
749
743
739
739
738
736
733
730
729
728
719
719
721
721
720
719
716
716
714
712
712
712
711
711
711
711
709
709
709
709
709
708
708
708
700
700
708
708
708
75
75
97
116
129
140
150
156
162
170
175
186
192
192
195
200
203
208
209
216
220
223
229
229
237
240
244
249
252
256
259
262
264
265
268
269
270
271
273
273
275
275
275
277
277
278
279
279
280
281
281
281
281
282
282
282
282
283
283
283
283
284
284
284
956
956
952
947
934
931
929
928
914
913
907
900
889
880
865
851
845
829
817
807
796
787
776
770
763
756
751
746
742
742
736
736
732
729
730
729
726
725
723
723
723
720
719
718
717
716
715
716
715
714
713
713
713
712
712
712
712
712
712
712
712
711
709
703
74
74
94
115
127
136
145
153
155
163
166
171
177
183
184
190
191
198
201
209
210
210
215
216
219
223
228
228
236
240
240
249
249
249
255
258
260
261
264
267
267
268
272
273
272
272
272
273
273
277
277
278
278
279
279
280
280
280
280
281
283
283
282
282
957
957
949
944
939
935
931
921
917
916
910
903
893
882
870
857
836
835
824
812
802
793
785
778
771
763
750
745
744
738
734
734
732
730
728
728
725
725
724
722
721
720
719
719
719
717
713
713
714
715
714
715
714
714
714
713
714
713
707
707
712
712
712
712
71
71
103
114
126
130
144
149
155
160
168
170
173
179
183
186
189
192
194
210
210
210
217
217
213
213
215
218
222
222
224
228
231
235
240
249
250
250
254
257
259
262
264
266
268
269
271
272
274
274
275
276
277
278
278
278
280
280
280
280
281
281
282
282
957
957
952
935
935
935
927
922
922
916
911
906
896
885
875
863
850
838
825
818
806
800
789
781
775
767
762
755
749
744
739
737
734
727
727
727
727
727
725
725
725
722
722
722
722
720
720
719
719
718
718
717
717
715
715
715
715
714
712
712
713
713
712
712
63
63
97
113
133
135
142
148
153
158
163
170
174
174
178
179
183
190
191
191
195
196
200
203
203
214
214
213
213
218
219
219
219
225
228
230
233
237
241
244
248
252
254
255
256
262
264
266
266
268
271
272
273
274
274
274
276
276
277
278
279
280
280
280
922
922
898
865
822
785
760
739
731
728
724
720
718
717
715
715
714
713
711
711
711
711
711
709
708
708
711
711
712
712
713
713
712
712
713
713
713
714
714
714
714
714
714
715
714
715
716
716
716
716
716
716
716
717
717
713
713
717
718
718
718
718
718
719
100
100
134
143
144
150
156
162
168
172
177
181
185
186
189
192
194
198
201
203
206
209
210
219
219
223
226
231
233
242
250
257
259
266
270
273
275
276
276
277
278
278
278
278
278
279
280
281
281
281
281
282
282
282
282
283
283
283
284
284
284
289
285
285
952
952
944
941
931
925
911
909
904
894
884
863
852
852
834
816
806
800
788
786
767
759
753
748
742
739
738
735
732
730
730
729
727
727
725
724
723
722
721
721
720
719
719
718
718
718
717
717
717
717
718
718
717
716
716
716
716
715
715
715
715
715
715
715
93
93
112
127
137
141
147
152
157
162
166
170
171
175
183
183
183
183
190
192
193
197
198
201
203
206
208
209
211
215
220
223
229
234
243
252
258
262
266
269
271
272
272
272
275
275
275
276
276
276
277
277
279
280
280
281
281
283
285
286
287
287
288
288
939
939
939
934
936
934
921
917
910
901
894
878
863
863
850
831
819
808
798
790
783
776
770
764
752
750
747
743
744
743
738
736
734
733
731
728
728
728
728
726
725
725
723
721
721
720
722
720
719
718
717
717
716
720
716
716
715
715
714
714
714
714
714
714
90
90
107
119
126
127
141
145
151
155
156
162
166
167
171
175
185
182
187
187
192
192
192
193
194
197
199
200
209
209
209
210
212
215
220
223
227
239
248
261
264
264
267
269
270
271
271
272
273
273
279
276
279
279
280
280
280
282
282
284
284
286
286
287
951
951
948
943
934
929
917
917
917
901
892
885
877
867
853
840
823
813
806
798
792
779
778
772
767
761
757
753
753
750
743
740
740
740
737
735
733
732
731
730
729
730
727
723
723
722
722
722
720
718
718
717
717
717
716
716
716
715
715
715
714
715
714
713
84
84
100
112
119
128
140
144
146
150
154
158
161
167
170
170
172
176
176
176
181
183
185
187
188
191
193
196
197
197
203
203
203
207
211
220
220
226
231
239
239
248
260
263
265
268
269
271
271
271
272
272
273
274
276
276
278
279
280
281
281
282
284
284
952
952
949
943
940
931
928
912
906
904
889
886
877
868
851
840
826
819
812
809
797
792
784
782
772
767
764
755
751
751
748
744
744
738
737
737
737
736
732
731
728
727
727
725
725
723
722
721
721
719
718
718
718
717
716
716
715
715
715
715
715
714
714
714
84
81
84
110
119
125
132
135
142
147
151
154
161
164
164
167
172
172
176
176
178
180
182
184
184
188
188
190
194
197
198
199
203
208
208
211
211
221
233
235
242
249
256
259
262
264
265
269
269
269
271
272
273
273
274
276
277
277
278
279
281
282
282
283
920
920
888
844
807
783
761
744
740
734
728
722
719
716
713
713
713
711
711
714
714
712
710
710
710
710
709
710
708
696
696
704
709
709
709
709
710
710
710
710
710
711
711
711
711
712
712
713
713
713
714
714
715
716
716
716
716
718
712
718
719
719
719
719
94
94
110
120
126
131
138
145
151
151
161
166
169
173
183
192
192
195
199
207
207
211
223
236
247
248
250
260
260
266
269
280
273
274
273
274
275
275
276
276
276
276
276
277
277
278
278
278
278
279
282
283
283
283
283
284
287
287
287
288
288
288
288
287
947
947
940
932
920
907
899
880
877
861
854
848
836
828
817
809
799
790
784
776
769
761
759
747
742
742
738
735
732
729
725
725
719
721
719
721
720
720
720
718
717
717
716
716
716
716
716
716
716
716
716
715
713
713
715
715
716
716
717
717
712
712
717
717
79
79
96
106
114
122
123
127
127
135
135
141
145
153
154
158
162
168
173
175
184
184
184
189
192
194
197
199
204
209
218
225
230
235
241
255
255
261
263
270
270
264
264
265
267
268
271
273
276
278
280
282
282
284
285
285
285
285
285
286
286
286
287
287
947
947
944
932
917
906
896
885
871
859
845
841
829
828
824
814
808
802
797
791
787
782
777
772
766
763
761
760
755
752
751
742
739
738
736
735
733
732
731
729
727
727
725
723
719
720
719
719
718
717
716
716
716
716
715
715
715
715
714
714
714
714
714
714
70
70
85
95
104
109
114
115
119
125
128
130
133
138
141
146
150
155
159
166
169
170
174
176
181
190
187
188
188
192
192
195
204
209
213
222
232
239
245
255
256
256
261
263
265
266
266
269
272
273
275
277
280
283
285
287
287
288
291
291
293
293
293
294
952
952
942
933
919
905
899
884
868
856
852
848
837
829
824
818
813
810
808
802
799
795
792
792
783
779
777
769
750
750
754
754
750
746
744
741
740
737
735
734
733
732
729
728
723
722
721
721
719
718
716
714
715
715
715
714
714
714
714
714
713
713
713
713
56
56
80
90
100
110
113
117
117
123
123
123
129
134
139
141
148
148
156
156
159
167
172
171
172
176
179
181
182
185
187
192
196
196
202
207
213
228
233
240
248
254
254
256
258
259
260
261
262
265
267
267
272
274
275
278
279
281
284
284
285
285
288
288
938
938
936
933
916
903
889
872
863
856
852
848
835
831
827
824
819
814
814
811
808
805
801
798
794
785
778
773
768
766
761
758
754
747
746
743
741
738
737
735
734
731
729
728
726
726
723
720
719
717
714
714
714
714
714
713
713
712
712
712
712
711
711
711
62
62
79
87
95
100
105
110
116
119
124
128
132
135
137
144
146
146
147
160
160
163
166
169
171
175
177
180
183
185
185
186
193
195
199
201
207
218
222
232
242
242
247
251
254
255
255
256
258
258
259
263
267
270
272
272
277
280
280
281
283
283
284
285
