480
481
480
480
480
480
479
482
480
480
480
480
480
480
480
480
480
480
480
480
480
480
479
480
480
480
480
480
480
480
480
479
478
478
478
480
481
480
480
480
480
480
480
480
480
480
480
480
480
480
480
480
480
480
480
480
480
479
479
480
480
480
480
480
643
643
645
648
650
651
654
654
654
655
656
657
657
657
657
657
657
657
657
657
655
655
657
658
657
657
657
657
657
657
656
656
656
656
656
656
655
654
654
656
656
655
655
653
658
653
653
653
653
652
652
652
651
652
652
652
651
650
651
651
651
650
650
650
141
141
158
170
189
192
211
221
233
243
252
258
263
263
266
274
277
280
283
285
287
289
292
294
294
295
296
296
297
299
300
301
302
303
304
305
305
305
306
307
307
307
307
309
310
310
310
310
311
311
311
312
312
313
314
314
315
315
324
315
314
314
307
315
784
785
784
785
785
785
785
779
773
767
762
755
750
745
742
737
734
731
730
727
727
723
723
720
720
719
718
716
715
714
712
711
711
712
712
692
692
693
693
690
686
683
678
675
671
668
664
663
663
662
660
660
659
659
658
658
655
655
656
656
655
655
655
655
135
135
146
158
169
176
185
190
196
206
207
216
217
221
226
232
235
235
238
243
238
245
250
251
252
254
256
258
258
260
262
263
264
268
268
271
273
275
275
277
278
287
287
296
300
300
303
304
304
308
308
308
311
311
312
312
314
314
315
316
316
317
317
321
783
783
785
784
784
784
786
786
785
785
776
776
775
767
763
762
754
751
744
741
741
739
738
735
732
730
727
727
727
724
724
722
721
719
718
714
714
714
712
712
711
705
705
705
700
696
693
689
685
685
672
667
667
664
660
658
658
658
657
657
657
657
656
655
129
129
140
152
160
168
176
178
181
192
196
201
205
212
217
226
226
226
227
231
232
234
239
243
243
246
248
248
248
249
252
254
255
256
258
259
259
260
264
268
266
268
270
272
278
279
283
287
287
290
294
297
299
303
303
306
310
312
315
316
317
317
318
318
782
785
785
785
785
785
785
785
785
785
785
782
779
777
774
767
764
760
756
752
752
751
751
746
741
740
737
736
735
732
732
730
727
725
725
725
721
721
723
723
720
715
715
712
712
709
705
703
700
697
696
689
685
683
675
666
665
665
662
658
657
657
656
655
125
125
147
151
155
162
167
175
179
185
194
196
199
205
206
210
212
216
217
218
228
231
231
236
236
236
243
243
245
245
245
246
248
252
253
253
253
257
253
257
260
261
262
266
267
267
270
272
278
281
281
285
290
293
297
301
304
307
309
313
317
317
317
319
784
785
785
785
785
785
785
785
785
785
784
785
783
782
778
774
772
768
763
762
762
762
754
747
746
744
742
740
738
737
735
734
732
731
730
728
724
724
724
722
721
719
718
716
715
714
712
709
708
703
702
698
695
691
687
676
676
676
665
661
659
656
655
655
123
123
131
138
151
158
169
171
180
182
190
194
194
198
206
208
209
212
215
219
221
224
227
232
232
232
237
238
240
240
241
238
244
247
248
251
251
251
254
255
255
255
257
257
263
265
265
268
270
275
278
278
280
288
289
290
295
302
303
309
313
316
318
319
778
778
755
738
728
712
689
661
653
651
649
649
648
648
646
646
645
644
643
643
645
645
640
639
638
638
637
636
636
636
636
636
633
632
632
630
631
630
630
630
629
629
629
629
628
628
627
627
627
626
626
625
625
625
611
625
624
624
624
624
624
624
624
623
141
141
159
175
199
203
213
220
223
236
241
245
250
260
260
268
278
286
292
299
300
305
307
313
313
317
325
327
327
327
330
331
332
333
333
334
334
335
335
336
337
337
337
338
339
340
341
341
342
343
344
344
344
345
347
347
347
348
348
349
350
352
352
352
785
785
785
785
784
779
769
763
758
756
753
741
741
739
736
733
731
733
731
728
728
722
720
722
720
713
710
704
702
699
694
690
687
683
678
669
665
631
631
631
633
638
638
629
629
628
628
628
627
627
627
625
626
625
626
627
627
627
627
627
626
626
626
626
136
136
153
165
169
190
199
206
213
224
226
227
233
237
240
243
243
248
251
255
256
256
261
261
263
264
269
275
278
283
289
293
299
304
306
319
328
344
345
348
349
349
350
351
351
351
351
352
352
347
347
352
352
352
354
352
352
352
352
352
352
353
353
353
785
785
785
785
785
785
785
776
769
762
754
751
746
741
738
738
738
735
738
735
734
733
730
727
726
723
723
717
716
712
708
705
702
697
689
685
685
680
677
670
662
647
646
638
629
628
627
627
627
627
627
627
628
628
628
628
627
627
627
627
627
627
626
626
137
137
149
149
161
180
182
182
211
215
221
226
231
235
238
240
244
245
245
249
250
250
250
253
256
258
260
261
264
271
275
277
277
281
297
297
302
307
316
324
341
347
349
350
351
352
352
353
352
353
353
353
353
353
353
353
351
353
353
353
353
352
352
352
777
785
785
785
785
785
785
784
780
771
765
761
756
752
749
746
745
741
737
736
736
736
729
729
729
725
724
721
720
719
715
712
708
704
699
696
693
688
683
679
674
668
658
651
641
636
633
631
630
628
627
627
627
627
627
627
627
627
628
628
628
628
629
628
134
134
146
157
167
177
187
194
202
208
214
219
224
231
235
235
238
240
246
248
248
250
250
254
254
256
258
259
262
263
264
267
272
278
283
288
293
298
303
304
314
323
341
343
347
347
350
351
352
353
353
354
354
354
354
354
354
354
353
353
353
353
353
353
781
781
785
785
785
785
786
782
782
774
769
763
760
755
753
748
744
742
741
736
736
734
731
730
728
727
725
723
720
716
714
711
708
702
700
697
694
693
689
689
680
671
664
654
644
639
635
633
633
631
628
628
628
617
617
627
627
627
627
627
627
627
627
630
135
135
149
160
168
174
178
174
195
208
212
218
222
226
230
236
237
239
241
243
244
247
247
250
251
250
251
247
256
262
267
269
273
277
281
286
291
296
301
311
311
319
331
347
347
347
348
352
352
352
352
352
352
352
351
351
352
352
352
352
352
353
353
353
785
785
767
752
742
732
713
712
698
689
673
640
635
627
627
625
624
624
628
630
630
629
628
624
623
623
624
630
630
629
625
623
622
622
623
626
629
629
629
625
623
622
622
625
629
631
631
623
621
622
622
622
624
629
630
629
623
623
622
623
628
628
629
629
187
187
210
231
231
228
228
235
244
251
256
260
264
264
267
267
283
287
300
312
322
322
333
333
348
350
357
357
354
352
352
352
353
356
357
356
357
359
359
355
355
355
356
358
358
358
358
356
356
356
358
358
358
358
358
357
355
355
356
357
357
358
348
355
785
785
768
755
750
739
735
735
733
730
723
723
723
712
712
712
706
701
696
689
684
679
674
667
652
650
633
631
630
630
629
627
627
627
628
629
629
627
627
627
627
627
627
627
627
627
627
627
627
626
626
626
626
626
626
631
626
626
626
626
626
626
628
629
179
179
206
221
229
229
236
243
246
249
251
255
259
263
270
275
279
284
288
303
310
310
322
337
337
346
347
348
349
350
349
349
349
350
350
351
351
351
351
351
351
352
353
353
357
352
352
352
352
352
353
352
352
352
352
353
353
353
353
353
353
353
352
352
785
785
779
768
755
748
743
736
733
733
730
728
727
727
720
714
708
703
703
701
694
688
683
683
671
647
642
639
639
635
633
632
629
629
630
630
630
631
631
630
630
628
629
628
629
629
629
629
628
628
627
626
613
613
628
628
628
627
626
626
626
627
629
628
179
178
179
220
227
232
236
241
241
244
253
257
260
260
260
264
269
283
289
299
313
313
313
313
319
337
342
345
346
347
348
348
352
349
350
350
350
350
349
349
349
349
351
351
351
352
352
351
351
351
351
351
352
352
352
351
351
351
351
351
352
353
353
352
785
785
785
768
756
748
748
744
742
733
733
726
722
722
720
719
709
702
702
697
692
687
682
678
672
662
650
640
636
634
633
633
633
633
633
632
631
631
630
631
630
631
631
631
630
630
629
630
629
629
629
630
630
629
629
629
629
629
629
629
629
628
628
627
173
173
199
213
222
230
236
240
244
244
244
249
254
256
258
268
270
282
288
291
295
304
311
321
336
340
341
340
341
346
347
347
348
348
348
347
348
348
348
348
349
350
350
350
349
350
350
351
351
351
351
351
351
350
350
351
352
353
352
353
353
353
351
351
785
785
784
771
760
754
750
747
747
742
735
731
728
727
721
717
714
708
704
698
693
690
685
680
666
666
660
654
639
639
637
635
633
633
632
631
631
631
631
631
631
631
631
630
630
630
630
630
630
630
630
629
629
629
629
629
629
629
629
629
628
628
628
628
161
161
193
211
219
225
237
242
242
247
250
252
256
262
266
274
277
283
289
294
301
306
315
318
333
336
339
343
345
345
346
347
347
347
347
347
347
348
349
349
351
349
349
349
349
349
349
350
350
350
349
349
349
350
350
350
351
351
350
350
351
351
351
352
746
746
732
716
698
675
643
633
632
632
631
630
629
628
628
628
629
627
629
628
628
628
627
627
627
627
627
625
625
626
626
627
627
628
627
626
626
628
628
628
628
628
628
628
628
628
628
629
629
629
629
629
629
630
631
631
631
631
631
631
631
631
631
631
190
190
199
210
219
230
236
244
252
262
264
277
287
296
304
326
332
336
340
345
346
346
347
348
348
349
349
349
349
349
351
351
351
352
352
352
354
354
354
354
353
353
353
354
354
356
359
359
355
355
354
354
354
354
354
353
351
351
351
351
348
348
348
348
772
772
759
752
741
737
734
725
724
707
706
696
689
679
668
651
646
643
636
635
634
634
633
633
633
632
632
631
631
630
631
631
631
631
632
632
632
632
632
632
633
633
633
633
633
633
633
633
633
634
634
634
634
634
634
634
634
634
634
633
634
634
634
635
214
214
241
244
248
252
255
255
272
272
287
297
303
317
331
331
337
343
345
346
346
347
347
347
347
348
349
349
349
349
349
350
350
350
350
350
350
353
349
349
349
347
348
348
348
348
348
347
347
347
347
347
347
348
348
349
350
351
351
351
351
351
352
352
780
780
755
745
739
737
737
731
726
722
719
713
702
693
679
664
648
642
639
635
634
634
634
633
633
633
632
632
632
632
631
631
631
630
630
629
630
630
631
631
631
631
630
630
634
634
634
635
635
635
635
635
636
636
636
636
634
634
634
635
637
636
636
636
214
214
228
240
248
251
256
256
262
262
269
279
289
297
300
327
328
340
342
343
347
343
349
348
348
348
348
350
351
353
353
354
351
352
352
353
353
353
352
356
353
353
351
351
353
353
353
352
351
351
352
353
353
353
349
349
349
347
348
348
349
349
349
348
773
773
760
749
738
733
726
725
721
715
713
705
693
688
684
679
663
646
643
641
641
641
637
637
637
632
632
631
632
632
632
631
631
631
631
631
631
631
631
632
632
632
633
634
635
636
636
636
635
635
635
636
636
636
637
637
637
636
636
636
638
638
636
636
208
208
234
234
238
248
255
255
255
258
265
267
272
279
293
295
307
316
323
336
343
348
356
356
360
353
356
351
351
351
354
354
354
355
355
355
357
357
350
350
350
358
351
351
351
352
352
358
354
357
356
357
356
354
354
354
356
352
356
352
354
351
354
351
762
767
762
742
736
729
729
723
721
723
717
708
706
684
684
667
656
655
643
632
632
630
630
630
632
627
632
628
630
628
630
629
629
628
627
628
628
629
628
630
628
630
630
631
631
631
631
633
634
634
634
635
635
635
635
635
636
635
635
634
633
633
635
635
207
207
225
239
247
250
253
258
259
261
263
268
275
279
279
289
307
314
333
341
341
347
347
347
348
349
350
350
350
354
354
352
351
352
353
354
354
354
353
354
353
354
353
354
354
354
354
354
353
353
353
353
353
353
352
353
352
352
352
350
351
349
349
340
