477
480
479
480
479
480
479
480
480
480
481
480
481
480
481
480
480
480
480
480
480
481
481
481
481
481
480
478
480
480
480
480
480
478
480
479
479
479
479
480
479
480
475
480
479
480
480
480
480
480
479
479
480
480
480
480
480
480
479
481
479
481
480
480
580
580
579
579
576
576
577
577
577
580
580
581
582
582
582
583
583
583
583
583
583
582
582
582
583
583
583
583
583
588
588
584
583
582
582
583
583
582
582
582
582
582
583
583
582
582
581
581
581
581
581
581
581
581
581
581
580
580
580
580
580
580
580
580
214
214
234
250
262
276
291
309
323
336
340
346
351
351
359
363
363
366
372
379
379
380
380
382
382
382
382
385
385
386
387
387
386
386
388
388
389
389
389
389
389
389
373
389
388
391
391
391
391
391
391
391
391
391
391
391
391
388
391
391
391
393
393
394
762
762
743
730
719
714
701
689
677
683
677
678
675
675
671
666
666
662
660
656
654
651
647
644
636
635
629
623
618
613
611
608
607
606
606
606
606
603
603
603
603
601
601
601
601
600
600
600
601
601
600
599
598
598
597
598
598
598
599
599
598
598
597
597
197
197
219
246
248
263
276
279
288
288
300
308
317
324
324
331
332
341
348
350
355
364
367
371
375
377
378
381
381
382
380
383
385
386
385
385
385
388
388
387
387
387
388
388
388
389
389
390
390
389
389
389
391
391
391
390
390
390
391
391
392
392
392
389
771
771
761
741
733
725
717
713
708
703
700
695
692
688
688
684
666
666
674
674
674
671
668
664
663
659
654
653
649
644
643
637
631
625
625
612
608
605
601
603
601
601
600
600
600
600
600
600
598
598
598
598
598
598
598
596
596
597
597
597
597
596
596
595
192
185
192
222
235
237
264
264
271
280
285
290
291
301
308
312
320
321
326
327
330
346
348
348
355
361
368
373
373
375
379
384
382
382
382
384
384
385
385
386
386
386
387
391
387
387
387
387
387
389
391
391
389
389
389
389
389
389
390
389
390
389
390
390
776
776
762
749
740
732
726
717
709
682
703
699
699
699
694
688
687
687
687
685
687
683
673
673
668
668
668
664
661
656
653
650
647
639
633
633
627
621
611
608
607
607
604
603
602
600
600
599
598
599
599
599
599
600
598
598
598
598
598
597
596
597
596
601
187
187
199
216
227
246
255
255
262
272
278
284
290
295
300
304
304
309
320
322
327
327
336
340
345
355
355
355
362
367
372
375
372
375
379
381
382
384
384
384
384
384
386
386
386
388
388
388
386
388
387
388
388
388
388
389
389
389
389
389
390
385
389
389
778
778
773
753
743
725
723
723
717
716
713
704
700
700
700
701
701
690
686
683
683
680
680
677
674
673
671
668
662
658
661
658
653
648
643
643
635
632
628
620
615
609
605
605
603
603
603
602
599
602
599
599
598
598
598
598
598
597
597
596
596
594
591
591
177
177
198
212
230
234
243
251
256
271
280
280
283
291
296
298
304
311
316
317
317
323
330
338
339
343
349
354
356
359
362
366
371
375
376
375
376
378
381
383
383
383
383
383
385
385
385
385
385
387
387
388
388
388
388
388
389
389
389
389
388
388
389
389
694
694
678
651
628
601
597
596
596
596
595
594
594
592
594
594
594
594
591
591
591
593
590
593
585
592
592
592
591
591
592
592
592
593
593
592
591
590
590
576
591
591
591
593
590
591
591
591
590
590
590
590
590
581
590
589
590
590
590
593
593
590
589
590
215
215
242
269
283
296
311
321
332
360
366
368
372
380
381
383
383
384
383
384
385
385
385
385
386
387
391
387
389
387
388
386
388
389
389
389
389
389
388
391
388
391
389
390
389
390
390
391
391
392
392
392
389
389
389
389
389
390
390
392
390
392
393
393
747
747
735
724
715
703
694
687
682
677
673
667
656
649
649
644
636
632
624
614
598
598
598
598
598
597
596
594
593
594
593
593
593
593
592
591
592
593
593
590
590
590
591
591
591
591
589
591
589
591
591
593
593
594
590
590
590
590
590
589
591
591
591
588
215
215
231
248
261
269
283
290
303
307
317
328
335
343
352
362
369
374
374
377
377
379
381
381
382
382
383
384
384
385
384
385
384
384
384
385
386
385
386
387
387
387
386
387
387
387
387
387
387
387
387
387
387
389
389
389
388
386
388
388
388
388
388
389
756
756
740
731
718
711
700
694
682
678
678
674
663
660
660
649
648
637
630
630
625
615
608
608
605
602
602
602
594
593
592
592
592
592
591
592
590
591
591
591
590
588
589
589
589
589
589
588
588
588
585
588
588
588
588
588
587
588
586
585
585
585
588
586
219
219
250
252
258
267
274
284
293
301
308
314
319
330
330
340
356
358
363
374
374
376
377
378
380
378
381
375
381
383
383
384
385
385
392
385
385
385
387
387
387
385
387
385
384
384
385
386
387
387
387
388
388
388
388
388
388
388
388
388
388
388
388
388
756
756
744
734
726
719
710
697
691
685
680
678
672
661
655
655
651
643
639
631
627
619
612
607
603
599
598
597
596
596
596
592
592
591
591
590
591
591
591
590
587
589
587
588
587
587
587
585
588
589
589
587
587
587
587
587
585
586
585
570
570
585
586
586
215
215
240
244
260
267
273
283
288
288
301
302
317
325
334
339
339
347
363
368
373
373
377
379
382
380
382
381
382
382
383
383
383
384
384
385
384
383
383
386
386
386
386
386
387
387
387
384
387
385
387
387
387
387
387
388
387
391
385
388
387
388
388
388
752
752
744
735
727
721
710
702
701
692
686
681
675
663
663
654
644
644
640
636
630
622
614
609
605
601
601
597
596
593
593
593
592
590
591
590
590
589
589
588
587
587
587
587
587
587
586
586
587
587
586
586
586
583
586
584
585
584
585
584
584
584
584
584
224
224
246
251
262
268
275
282
282
289
310
314
314
323
326
335
340
350
357
363
371
374
374
376
376
378
378
380
380
382
383
383
383
383
383
383
385
383
385
385
385
386
385
386
386
387
386
387
387
387
387
387
387
387
388
388
388
388
388
388
387
387
387
388
702
702
675
658
637
605
598
591
590
587
584
585
584
584
584
584
584
583
584
584
584
588
583
583
583
582
582
582
583
599
599
583
583
584
584
584
584
589
589
585
584
584
584
586
586
586
586
586
587
587
586
586
590
590
590
587
587
587
588
588
588
588
589
589
243
232
243
264
276
282
295
304
309
322
336
356
362
364
369
374
379
380
381
382
382
383
383
381
381
385
385
384
383
383
385
385
385
385
387
387
386
386
383
383
387
387
387
387
387
379
379
385
385
387
387
387
387
387
388
388
387
387
388
388
388
388
387
387
744
744
734
708
705
695
685
672
663
654
644
635
624
617
610
605
600
597
595
594
594
594
590
590
590
590
590
589
588
588
588
587
587
586
586
586
584
584
585
585
585
585
585
590
584
584
583
583
583
584
584
584
584
585
585
585
585
585
585
587
587
585
585
586
262
257
262
265
272
288
297
305
312
312
318
325
344
345
353
362
369
375
375
376
378
380
382
382
382
382
382
383
383
384
385
385
385
384
384
384
386
386
386
387
387
387
387
387
387
388
388
388
388
388
388
388
388
388
388
388
388
388
388
390
390
389
389
389
746
746
743
729
725
710
694
686
675
668
660
653
644
636
625
616
614
601
600
596
596
595
593
591
591
591
591
590
589
589
589
589
586
585
586
586
586
586
585
587
585
585
583
584
583
583
581
583
583
583
584
583
583
583
583
582
583
583
584
584
584
584
584
586
250
250
259
267
272
278
285
294
303
311
317
323
325
330
343
349
360
367
372
375
376
375
374
374
389
389
384
384
384
383
383
387
387
386
386
387
387
387
387
387
388
388
389
388
388
388
389
390
389
389
389
389
389
389
389
392
390
390
390
390
391
391
391
391
744
744
736
729
725
714
707
695
687
677
674
662
655
645
638
627
618
610
603
600
598
596
596
595
593
592
591
589
589
589
588
588
588
587
587
585
585
585
585
585
585
584
584
583
583
583
583
583
582
582
583
583
585
583
583
583
583
583
584
584
584
584
584
584
252
252
261
268
272
280
280
286
300
308
316
328
333
328
333
347
352
363
369
372
375
379
382
382
382
382
384
384
385
385
385
385
385
387
387
387
388
389
390
390
389
389
389
389
389
389
389
390
390
390
390
390
391
391
391
391
391
391
391
391
391
392
392
392
742
742
739
733
723
717
710
701
692
680
675
668
660
653
644
634
627
619
608
605
598
596
596
594
592
591
591
591
591
589
588
588
588
586
586
586
586
586
584
584
584
584
584
583
582
582
582
582
581
581
581
582
582
582
581
584
581
584
584
585
585
582
581
581
254
254
264
270
278
284
288
295
302
310
315
321
325
332
339
346
348
355
359
368
373
374
377
381
382
383
383
383
382
385
383
385
383
386
386
386
386
389
390
389
389
389
389
390
390
391
391
391
391
391
390
391
391
391
392
392
392
392
392
392
392
392
393
393
702
702
671
640
607
597
588
586
586
585
585
582
582
581
580
580
582
582
584
585
586
588
592
593
593
595
596
596
598
599
599
604
602
603
603
603
602
602
605
605
605
604
604
604
606
606
605
605
605
605
604
605
606
606
604
604
606
606
606
605
604
604
606
606
241
241
255
264
280
299
305
309
305
307
307
316
322
325
330
336
343
351
367
376
381
382
385
386
385
386
387
387
387
385
384
385
384
385
384
382
380
380
380
379
379
379
379
379
381
381
378
378
378
378
378
378
378
377
378
377
378
375
377
377
378
378
378
377
741
741
729
710
694
682
680
677
674
670
669
665
661
655
648
639
630
621
609
604
601
599
597
595
594
594
594
594
595
594
594
594
594
596
597
599
599
598
598
601
603
604
604
604
605
606
607
609
608
608
606
606
609
609
609
608
609
609
609
609
609
608
608
609
229
229
235
245
247
276
291
299
299
298
298
298
306
311
311
321
331
335
336
352
354
365
373
376
387
388
388
387
385
385
384
384
385
385
385
384
383
383
383
381
381
381
379
379
377
377
377
378
378
378
378
376
376
377
380
379
379
377
377
377
377
377
377
377
747
747
739
736
720
703
692
691
682
682
676
675
676
675
671
665
659
655
646
637
632
621
608
605
605
600
597
599
597
599
587
597
597
597
597
603
603
600
600
600
600
601
601
601
602
603
603
603
603
603
605
605
605
604
589
589
606
606
605
604
603
604
607
607
226
226
233
244
251
267
297
301
301
301
302
303
303
307
308
312
312
316
328
331
339
339
346
362
371
377
378
378
381
383
383
382
382
385
385
385
385
387
387
386
385
385
385
385
384
384
382
382
382
382
381
380
379
379
379
378
378
375
378
378
379
378
378
377
749
749
747
736
728
714
698
688
684
679
679
679
673
673
673
669
667
663
649
648
641
635
626
623
612
607
603
603
601
602
601
598
598
598
600
600
604
604
600
600
600
600
600
600
601
606
606
604
602
602
603
603
603
603
603
605
602
603
603
603
605
605
605
605
229
229
233
240
261
267
296
297
300
301
304
304
304
307
308
315
317
317
317
320
333
339
346
351
351
365
374
377
379
379
380
382
382
382
382
385
386
386
386
386
388
388
386
386
386
385
384
385
384
384
384
384
383
382
382
381
378
379
379
379
378
378
378
378
751
751
745
732
721
719
704
693
683
679
683
679
676
676
674
673
671
667
661
654
650
643
636
635
619
611
610
609
606
605
603
601
603
602
603
602
601
601
602
602
602
602
602
602
602
602
602
603
603
603
603
603
603
603
604
604
604
603
603
605
606
608
609
609
227
227
232
237
247
260
281
289
301
302
303
305
307
308
312
312
312
318
322
327
332
337
344
351
356
364
368
373
374
379
379
380
382
381
384
382
384
382
384
382
381
381
385
385
395
395
385
385
384
384
384
384
384
385
384
383
381
381
381
380
379
379
378
378
