163
192
205
214
220
225
229
232
235
239
241
241
241
241
242
243
243
243
242
243
244
244
244
243
243
243
243
243
242
242
242
241
242
241
242
242
242
242
242
242
242
243
243
243
243
242
242
242
242
243
242
241
241
243
243
243
243
243
243
243
244
244
245
244
958
958
930
910
894
882
868
857
848
838
830
823
816
809
805
798
793
791
786
783
779
776
774
771
769
768
768
764
762
760
758
756
755
755
752
751
751
750
749
750
749
748
747
746
745
745
744
743
743
743
742
742
741
741
741
740
740
739
739
739
739
738
738
738
27
27
57
78
90
100
111
114
119
142
160
170
170
175
186
189
189
192
196
198
198
201
201
201
203
207
208
210
211
211
211
213
215
216
216
219
219
220
220
221
222
225
225
225
225
227
227
227
227
227
228
228
229
229
229
229
230
230
230
230
242
230
230
230
964
964
942
927
911
899
887
880
864
852
843
836
823
819
815
805
800
792
790
785
780
780
776
769
767
763
761
756
756
756
754
751
749
747
746
746
746
743
742
740
739
739
738
738
738
737
737
737
736
736
736
735
735
734
732
729
729
730
733
730
733
730
732
728
19
19
49
77
83
95
106
115
125
131
140
147
158
163
163
168
172
175
177
179
184
187
188
191
191
194
195
198
200
201
203
205
205
206
208
209
209
212
213
213
213
215
217
219
219
220
221
223
223
223
223
225
225
226
227
227
227
228
228
229
230
230
230
230
976
976
951
936
918
906
903
884
876
863
853
849
841
836
827
821
815
812
808
799
792
789
785
782
775
774
770
768
768
763
758
756
756
756
754
752
750
749
746
746
746
744
744
743
742
741
741
740
739
738
737
736
736
736
735
735
734
735
734
734
733
733
732
732
19
19
50
60
81
95
105
113
122
136
140
144
147
153
157
164
168
169
172
175
177
179
182
184
186
187
187
191
192
193
195
196
198
199
201
201
202
203
204
207
208
210
211
211
213
215
217
218
218
221
221
222
223
224
224
225
226
227
228
228
228
229
230
230
978
978
951
935
921
910
900
889
879
868
863
853
848
841
830
827
814
812
805
805
802
796
791
787
783
779
774
773
769
768
764
762
759
758
754
754
752
750
750
750
748
747
744
742
744
742
742
740
739
739
739
738
738
738
736
736
735
735
734
733
733
733
733
733
18
18
46
66
80
91
101
109
119
124
130
138
142
148
152
157
160
163
167
170
172
178
180
180
181
185
185
188
188
190
193
202
197
197
197
198
199
202
203
203
203
205
207
208
210
211
214
214
216
216
218
219
220
221
222
223
224
224
225
225
227
227
227
227
980
980
955
937
923
912
901
890
886
875
872
860
850
846
838
832
827
819
814
809
806
799
789
786
783
783
778
775
773
773
769
766
760
758
758
755
752
750
750
749
749
747
745
744
743
743
741
740
740
739
739
739
739
738
738
734
734
735
735
734
734
732
732
732
18
18
39
63
86
88
97
106
111
121
121
122
139
148
149
154
158
160
163
167
170
175
175
177
179
181
183
183
186
187
189
192
192
192
196
196
201
201
202
202
204
206
206
208
209
209
210
212
214
223
222
222
220
220
221
222
222
222
223
225
226
228
228
228
836
836
795
766
750
742
736
728
728
727
727
725
725
725
725
725
723
723
725
725
725
724
723
723
723
718
723
723
723
723
724
724
723
723
723
723
722
720
720
721
722
722
722
722
722
722
722
721
721
721
721
721
721
721
721
721
721
721
721
721
721
720
720
720
71
71
96
96
102
115
127
145
152
163
178
178
185
190
193
199
199
212
212
215
217
217
220
222
223
223
226
228
230
230
231
233
236
236
236
236
237
238
239
244
244
242
242
242
242
243
243
244
243
244
246
248
246
247
247
247
248
248
248
249
249
249
249
249
931
931
907
893
881
872
858
843
831
819
808
799
791
784
778
773
771
767
759
757
754
749
747
747
744
743
741
741
738
736
736
735
734
735
734
733
732
732
732
731
731
731
731
731
731
730
730
729
729
729
729
728
727
727
727
727
727
726
726
726
726
728
727
727
60
60
63
80
88
95
103
111
119
128
136
139
151
156
163
169
172
175
180
183
184
191
192
200
204
208
211
214
215
219
222
225
227
229
231
232
234
235
236
235
237
237
240
241
240
241
242
242
243
243
243
245
245
245
246
246
246
246
246
243
247
247
247
248
932
932
915
909
893
881
870
862
849
839
828
818
810
801
801
790
784
772
772
771
763
760
760
760
754
753
752
750
746
745
744
742
742
739
738
737
737
736
736
736
735
735
735
734
734
732
732
732
732
731
731
731
730
730
730
730
730
730
729
729
729
729
729
729
56
56
66
74
81
88
95
102
108
115
119
129
136
142
147
156
160
166
169
175
179
183
188
192
196
196
203
204
210
211
220
220
223
223
225
228
228
229
233
237
233
237
237
239
239
239
239
239
240
241
241
242
243
243
243
244
244
244
244
245
245
246
246
246
944
944
919
907
897
887
877
869
859
850
839
830
818
812
798
795
791
780
778
775
774
768
764
761
758
753
752
752
746
745
745
744
743
742
739
735
737
735
736
735
735
735
734
734
734
734
733
733
733
732
732
732
732
731
731
731
730
728
728
730
730
730
730
729
53
53
64
71
77
82
91
97
108
110
117
123
130
136
142
147
148
153
165
168
175
180
185
189
193
198
202
205
208
211
214
215
219
222
224
226
229
229
232
233
234
236
236
236
238
239
239
240
240
241
241
241
243
243
243
243
243
244
244
244
244
245
245
245
940
940
922
903
899
891
882
873
864
854
844
831
823
818
810
803
795
789
784
774
770
770
770
767
762
758
757
752
751
750
746
745
744
743
741
740
740
733
733
736
736
736
736
735
735
734
734
733
733
733
732
732
731
731
731
732
731
726
726
726
730
730
731
729
47
47
68
71
71
81
83
91
91
103
111
118
125
131
138
148
149
153
155
166
171
177
182
187
192
195
199
203
206
209
213
213
215
220
223
227
229
229
231
234
236
235
236
241
241
241
239
239
241
241
241
242
242
242
242
243
243
244
244
244
244
245
245
245
880
880
845
815
785
772
758
749
743
738
736
734
734
731
731
730
729
728
726
728
726
726
726
725
725
725
724
723
723
724
724
722
722
724
724
722
721
721
720
720
720
720
718
718
718
718
718
718
718
718
717
717
716
716
716
716
716
720
720
715
715
714
714
714
65
65
75
88
97
107
120
129
138
149
158
169
179
188
196
209
212
215
215
223
226
227
235
236
238
238
240
240
242
244
244
245
245
246
245
246
248
249
249
249
249
252
250
252
250
252
252
252
253
253
253
253
254
254
254
254
255
255
254
254
255
255
256
256
911
911
893
880
865
838
832
825
811
800
789
782
774
769
764
760
755
751
749
745
744
738
736
736
734
733
732
730
729
728
728
726
725
725
725
722
722
722
722
722
722
717
717
720
720
719
719
719
717
717
717
718
718
718
718
718
717
717
717
717
717
717
716
716
63
63
73
83
97
101
107
114
129
137
147
165
168
187
191
195
203
210
214
217
223
226
230
231
233
236
238
239
240
242
244
245
245
246
249
254
249
248
248
249
249
250
249
250
252
252
252
252
252
252
252
253
253
253
253
253
254
254
254
254
254
254
254
254
920
920
901
888
868
866
856
844
832
821
803
799
785
782
774
770
763
758
753
750
747
744
744
737
736
736
733
731
731
730
729
727
726
726
725
723
723
723
722
722
721
721
721
721
721
721
720
720
720
720
720
720
720
719
719
718
718
718
718
718
718
718
717
717
55
55
55
71
71
86
91
98
105
113
120
130
145
147
158
168
176
183
195
201
207
212
215
221
223
226
228
232
232
235
236
238
239
242
243
243
243
244
246
246
246
247
247
248
249
249
249
250
250
250
254
251
251
251
252
252
252
252
252
252
254
254
253
253
926
926
906
902
895
890
880
870
863
852
843
837
822
820
804
795
786
779
772
766
761
758
752
746
746
743
741
737
736
735
733
732
732
730
730
728
728
728
725
725
725
724
723
723
722
722
722
721
721
721
720
720
722
722
720
720
720
719
719
719
718
719
718
718
41
41
59
66
72
77
84
90
97
104
111
119
127
135
148
166
169
179
187
194
207
213
217
217
221
223
226
227
229
234
237
237
238
239
240
241
242
243
244
245
245
245
246
247
249
249
248
247
247
248
249
250
250
250
250
251
251
251
251
251
251
251
252
252
926
926
913
905
895
894
887
882
871
862
852
844
833
823
807
800
781
774
774
767
762
758
757
752
745
744
740
739
737
734
733
732
730
729
728
727
726
725
724
724
723
723
723
722
721
721
721
721
721
721
720
720
720
719
720
719
719
719
718
718
718
718
718
717
50
50
59
63
77
78
79
85
91
98
108
116
116
122
140
150
162
171
180
188
193
202
208
213
217
222
222
232
232
233
235
237
237
237
239
240
241
241
242
243
245
246
246
246
247
247
248
248
248
249
249
250
250
249
249
250
250
251
251
251
252
252
252
253
884
884
850
809
772
752
739
733
727
723
723
723
720
719
718
717
717
713
713
715
715
714
714
714
714
704
704
712
712
712
712
712
711
711
711
711
711
711
711
711
710
710
710
710
710
710
710
710
710
709
710
710
710
710
708
708
708
708
708
708
708
708
708
708
60
60
71
82
83
84
96
111
116
124
138
156
177
203
207
217
224
227
233
233
236
239
241
243
247
248
249
249
250
251
252
252
252
253
254
254
254
254
255
256
256
259
257
257
257
257
257
256
258
258
258
258
259
259
259
258
259
259
259
259
259
259
259
259
913
913
902
895
891
882
866
864
863
854
844
835
817
796
784
776
761
751
750
744
740
738
734
730
728
727
724
724
723
720
719
719
718
715
715
715
715
715
715
715
714
714
714
713
713
710
710
712
712
712
712
712
712
712
711
711
711
711
711
711
711
711
711
711
58
58
67
73
77
88
97
103
109
124
135
151
174
190
202
213
220
227
230
233
237
238
240
243
246
246
246
247
247
247
249
251
251
251
251
251
253
253
252
252
253
253
254
254
254
254
255
255
256
256
256
256
256
258
256
263
256
256
256
256
256
258
259
258
915
915
911
902
896
889
884
879
861
856
844
827
807
791
778
766
757
748
744
738
735
732
729
728
724
722
722
722
721
718
718
718
717
716
716
716
716
716
716
714
714
714
714
713
713
712
713
713
713
713
713
712
712
712
712
712
712
712
712
711
709
711
711
711
56
56
56
61
67
78
84
88
97
101
109
118
136
153
173
185
195
210
216
222
227
232
233
236
242
242
242
242
245
245
245
245
247
247
248
248
248
249
250
250
251
251
252
252
252
253
253
253
253
253
253
253
253
253
254
254
254
254
255
255
255
255
255
255
920
920
913
908
904
899
891
884
872
872
862
855
842
823
803
788
778
766
760
750
739
739
739
734
731
729
726
726
724
723
723
722
721
720
719
719
718
719
717
717
717
717
716
716
716
716
716
715
715
714
714
714
714
710
710
711
713
713
713
713
713
713
713
713
47
47
52
55
59
66
73
79
87
95
104
109
129
142
169
182
192
204
218
223
223
226
231
235
235
237
240
240
243
243
243
244
245
245
246
246
247
248
249
249
249
249
249
249
249
251
251
251
253
253
252
252
252
252
251
251
252
253
253
253
252
252
252
253
918
918
915
912
908
903
902
897
892
885
879
867
859
841
826
804
790
780
769
760
749
746
744
738
735
733
730
729
727
724
724
724
724
722
721
721
720
720
719
719
719
719
719
717
718
717
714
714
716
716
714
714
714
716
716
716
716
715
715
715
715
715
715
714
51
51
60
61
64
72
80
91
99
109
136
150
175
185
189
210
215
216
220
225
227
231
232
234
235
239
240
241
243
243
246
246
245
244
243
244
247
247
247
247
248
248
249
249
249
247
247
250
250
250
252
252
252
251
251
251
253
253
252
251
252
251
252
252
