478
479
479
480
480
480
480
480
480
480
480
480
480
479
485
480
480
480
481
483
481
479
479
480
480
480
481
481
480
480
480
480
480
480
480
480
480
480
480
480
478
480
479
480
479
480
480
480
480
479
480
478
480
478
480
479
479
479
479
479
480
478
479
479
626
626
624
624
624
626
626
620
620
619
619
618
617
617
617
616
616
615
615
614
613
614
614
614
614
614
612
612
612
611
611
611
611
611
610
610
609
608
608
608
608
606
606
608
608
607
607
607
607
606
606
606
606
606
606
606
605
605
605
605
605
605
604
604
168
168
181
206
243
276
288
298
307
315
324
327
327
334
338
334
336
336
345
346
348
352
352
352
354
354
355
357
357
357
359
359
360
362
363
363
364
367
367
365
365
366
367
367
367
367
367
368
368
368
368
368
368
368
368
367
367
368
369
369
369
368
368
369
784
784
784
774
760
744
744
744
734
729
724
722
716
710
709
709
690
690
702
702
698
696
698
696
691
689
687
682
679
677
672
668
664
659
653
631
630
628
624
623
620
619
618
619
619
619
617
617
617
616
616
615
615
613
613
614
614
613
613
612
613
612
612
611
160
160
175
188
201
210
213
233
239
239
243
250
255
255
258
253
266
271
274
275
279
279
283
279
286
302
302
304
301
304
310
314
315
326
326
326
340
346
346
351
357
359
362
361
362
362
362
362
363
363
364
364
364
364
372
372
367
366
367
367
367
367
367
368
783
783
784
784
784
777
770
763
755
755
745
744
735
735
731
723
720
718
714
712
710
708
706
705
703
702
702
698
695
690
685
685
683
683
681
675
675
673
669
665
659
655
644
640
636
618
615
615
615
615
614
614
613
613
609
609
602
602
611
611
608
608
610
610
151
151
171
183
193
200
209
209
216
228
232
239
245
249
253
258
261
265
270
270
272
274
272
278
283
286
290
290
294
296
301
301
303
305
308
311
312
316
320
328
329
333
335
349
355
357
364
365
365
366
367
367
367
369
369
369
369
370
370
370
370
369
368
368
783
784
784
784
785
785
782
773
767
764
751
745
745
742
737
734
731
728
728
725
720
718
715
715
713
711
710
709
706
701
698
698
696
693
692
689
688
687
683
682
677
673
673
667
662
656
649
642
632
628
623
621
620
619
616
616
616
616
616
616
616
614
614
614
146
146
157
166
183
185
193
200
206
211
216
223
230
231
240
241
244
249
252
257
258
258
263
265
271
273
273
276
276
279
283
284
287
291
292
294
297
301
304
304
308
312
313
317
319
320
327
332
339
349
353
353
360
360
360
362
362
364
364
364
365
366
367
366
784
784
784
784
784
784
784
784
779
773
766
763
763
756
750
746
740
736
734
733
729
726
724
722
719
718
717
712
712
709
707
706
704
702
702
700
693
693
693
688
686
685
681
681
673
671
662
662
658
650
643
638
630
624
621
617
615
614
613
612
611
611
614
614
140
140
150
159
188
188
197
204
208
215
222
227
232
237
239
245
250
251
254
261
263
265
268
272
274
277
279
284
286
297
297
297
297
297
301
307
307
313
313
319
323
323
326
331
337
345
348
351
356
356
365
367
372
374
374
375
375
375
375
375
377
377
377
378
727
727
708
694
685
662
622
618
618
618
619
619
619
618
615
615
614
613
612
609
609
608
607
607
604
602
600
600
600
600
600
599
599
599
599
598
600
600
600
601
601
602
606
607
609
609
609
609
609
608
608
608
608
608
608
607
602
602
602
601
600
599
597
597
217
217
243
259
270
276
278
282
288
291
294
300
300
300
300
302
308
313
326
352
357
357
358
361
361
362
363
363
365
367
368
370
371
372
374
375
376
377
377
379
377
379
378
378
376
376
376
376
374
373
371
371
370
370
369
370
369
370
370
370
370
369
370
371
784
784
770
755
751
727
719
713
709
706
705
703
699
698
691
686
686
683
683
685
687
687
683
679
676
671
669
657
657
632
625
623
620
620
616
615
615
613
612
612
611
605
605
606
607
606
606
606
605
606
604
606
606
607
608
609
609
610
610
610
611
611
612
611
174
174
178
215
218
237
250
255
261
264
269
272
278
282
287
291
300
301
305
310
316
319
319
319
330
342
343
342
343
350
350
349
349
357
360
363
363
364
364
364
364
364
366
368
368
370
371
375
375
375
376
377
378
378
378
378
378
377
374
374
384
384
373
372
784
784
784
776
762
755
746
739
735
729
725
721
718
714
714
711
701
693
690
676
674
674
664
659
657
653
635
630
623
621
621
621
621
623
623
623
622
621
621
620
619
619
619
617
617
617
614
614
614
615
613
611
610
609
609
608
608
607
607
607
608
607
607
606
190
190
210
223
230
230
239
244
245
250
255
257
261
263
267
271
278
279
280
289
296
296
300
306
310
315
321
328
333
341
348
356
360
362
364
364
366
366
366
365
365
365
364
364
362
362
362
362
364
364
364
364
365
366
366
366
366
366
366
366
369
369
371
371
784
784
778
764
753
747
739
732
732
727
724
723
721
720
718
717
717
716
715
709
705
702
697
693
692
686
678
671
665
659
648
637
637
625
619
618
615
615
615
614
614
611
611
612
614
614
614
614
613
614
614
614
614
614
615
615
616
615
615
615
614
615
615
615
173
173
193
210
218
235
243
250
254
258
260
264
265
270
273
274
276
279
284
302
302
294
294
294
317
317
307
307
313
318
323
331
338
345
350
356
360
361
363
364
366
366
366
365
365
368
368
367
367
367
368
368
368
368
367
367
367
366
366
366
366
366
366
366
784
784
784
782
774
767
758
750
738
735
735
729
723
720
717
716
708
691
691
696
696
690
690
683
679
676
672
672
669
663
657
645
636
636
630
626
623
622
621
619
618
619
618
617
616
616
616
616
614
614
614
612
615
612
612
612
612
613
613
613
613
613
613
613
144
144
189
214
215
218
230
239
239
239
248
248
254
259
262
266
269
274
279
281
286
289
295
300
305
308
313
317
320
325
330
336
336
341
349
355
355
355
359
360
360
360
361
362
364
364
364
364
364
365
364
362
362
365
366
367
367
368
368
368
369
368
368
368
755
755
722
719
714
698
672
646
623
619
617
616
616
615
614
612
610
612
612
614
614
614
613
612
611
611
612
613
612
612
612
612
612
612
612
613
611
612
612
612
612
612
612
611
611
611
611
612
611
611
611
611
611
611
611
611
613
613
613
612
612
612
612
603
213
213
227
238
247
253
257
263
264
272
282
291
291
298
311
319
325
325
338
347
355
359
359
353
353
363
363
365
365
365
367
367
366
366
366
366
366
367
367
368
367
367
367
367
367
369
369
366
366
368
369
368
368
368
367
368
369
369
369
369
369
369
369
369
773
773
741
727
729
727
725
720
717
716
707
704
699
695
691
683
676
669
663
620
620
625
625
625
623
622
619
619
618
618
616
616
616
616
615
615
615
615
616
616
616
616
615
615
615
614
614
614
615
615
615
614
613
614
613
613
613
613
614
614
613
613
613
613
207
207
221
223
237
246
247
256
261
263
269
271
278
287
290
297
303
310
315
323
331
341
350
355
357
359
359
360
359
360
363
363
363
363
363
363
363
363
363
363
363
365
365
365
364
364
364
365
365
366
366
367
367
367
367
367
364
366
366
368
368
367
367
365
782
782
762
753
753
748
728
725
725
722
722
713
713
703
703
692
686
681
674
669
666
663
642
631
627
623
623
620
620
620
617
617
616
619
622
622
617
617
616
615
615
613
615
615
615
615
615
615
614
613
613
613
613
614
614
614
613
613
611
614
612
612
612
612
209
209
217
234
237
242
242
250
255
255
264
269
272
272
279
290
297
308
311
312
324
343
343
343
343
345
348
359
359
359
360
361
361
361
362
362
365
363
363
363
363
363
363
363
364
365
365
365
365
364
365
365
365
365
365
366
366
366
365
366
366
366
366
366
784
784
769
761
749
747
741
735
730
726
722
718
714
710
704
701
687
680
680
666
664
652
635
630
629
627
624
623
621
621
620
620
619
619
618
618
618
618
618
617
616
616
616
617
617
616
615
615
615
615
615
615
615
614
614
614
614
614
614
614
614
614
614
614
229
223
228
228
235
244
245
248
252
256
260
263
270
277
279
283
292
300
302
315
322
330
338
346
351
353
355
356
357
358
358
359
359
360
360
360
361
361
361
360
360
360
361
362
362
362
363
363
363
363
363
363
364
364
364
363
363
365
365
365
364
364
365
365
778
778
777
770
751
748
744
739
736
730
728
727
718
713
703
699
699
690
684
676
669
662
654
644
637
631
626
622
622
620
620
621
621
620
620
620
619
620
619
616
616
617
618
618
618
616
616
617
617
616
616
616
616
614
614
614
615
615
615
615
615
616
619
619
208
208
221
228
235
236
240
245
250
255
258
262
265
271
277
278
291
291
295
313
318
327
337
344
348
348
352
353
356
357
357
359
359
359
359
358
358
360
361
361
361
361
362
363
362
362
362
363
363
363
362
362
362
363
363
364
364
364
364
364
365
364
364
364
742
742
721
717
679
650
610
610
618
619
618
618
618
618
618
617
615
615
615
615
615
615
615
615
616
616
614
614
614
616
617
617
617
617
622
622
622
623
624
625
625
626
626
626
625
625
626
627
627
627
627
627
627
627
627
626
626
627
627
626
626
626
627
620
222
222
247
253
251
253
262
263
273
288
289
305
314
338
345
352
355
356
358
358
360
360
360
360
360
360
361
362
362
362
362
361
361
361
361
362
362
362
360
360
361
361
365
364
364
359
359
359
359
356
356
356
356
356
356
354
355
354
354
354
355
355
355
355
767
767
764
743
734
727
723
722
718
716
714
699
694
676
663
649
636
633
631
629
628
627
626
626
626
625
625
624
624
624
624
624
624
623
624
624
626
626
626
627
627
628
629
630
630
630
629
630
630
631
630
632
632
632
632
631
631
631
631
629
629
629
631
631
235
232
235
242
247
250
257
260
263
268
269
284
295
298
307
322
335
343
348
348
350
351
351
353
353
353
356
356
357
356
357
356
356
356
358
358
358
358
358
358
358
358
359
359
358
357
357
357
356
356
355
355
355
354
354
354
351
351
353
353
353
353
353
353
761
762
761
750
741
736
733
733
728
721
716
712
707
698
684
674
658
643
640
635
633
631
631
630
629
628
620
620
613
627
627
627
627
626
626
626
627
627
626
626
627
627
627
627
628
628
629
629
629
630
630
628
628
630
630
631
631
631
632
631
631
631
630
631
229
220
229
239
244
252
252
255
259
261
267
268
275
286
295
303
320
328
339
340
344
345
348
349
352
352
353
353
353
353
353
354
353
354
353
355
354
355
356
356
357
357
360
360
360
356
357
357
357
357
357
356
357
356
357
357
357
356
355
355
356
356
355
353
780
780
766
758
744
743
740
732
728
724
720
715
709
700
688
676
665
649
641
636
636
633
635
633
632
631
631
630
630
630
631
631
627
627
628
628
628
627
628
628
628
628
626
627
627
627
632
627
627
627
627
627
627
626
627
628
629
630
629
629
629
629
630
630
207
207
225
232
237
241
252
252
257
264
264
267
270
273
290
302
312
327
333
340
341
344
344
347
347
349
350
351
351
350
350
353
353
354
353
353
353
353
346
346
355
355
355
355
357
358
358
357
356
356
356
357
357
357
357
357
357
357
356
356
356
356
356
356
776
776
770
754
749
749
744
738
732
728
722
719
716
710
704
685
673
659
645
641
637
636
636
634
633
633
634
634
632
632
632
631
631
630
630
630
629
629
629
629
629
628
628
628
628
628
628
628
628
628
627
627
622
622
623
625
625
627
628
628
629
628
633
633
210
210
217
228
232
237
245
247
251
256
261
261
265
280
291
301
314
327
333
333
336
346
347
347
347
348
349
349
350
350
350
351
351
352
352
352
352
352
352
352
354
354
354
355
355
356
356
356
356
356
356
349
358
355
356
356
357
357
357
356
356
356
356
356
