322
325
335
338
341
343
348
348
350
350
351
352
352
354
355
355
356
357
357
358
359
363
360
360
360
361
362
362
362
363
364
363
363
363
364
365
365
365
367
367
367
367
367
368
368
369
369
369
369
369
370
370
371
371
371
371
372
372
372
371
373
373
373
374
724
724
712
706
697
692
686
681
681
674
672
668
663
663
660
657
656
653
649
649
647
646
642
640
642
640
637
636
635
634
632
632
632
629
628
627
626
626
624
624
624
622
622
621
621
620
619
619
617
616
616
616
615
615
614
614
613
613
613
612
611
611
611
611
251
251
264
276
280
285
288
292
297
301
304
305
310
313
315
318
320
321
327
328
329
331
334
335
334
335
338
339
340
342
343
345
347
351
348
349
349
351
352
352
353
353
354
354
355
357
358
358
358
362
363
362
362
362
363
364
364
364
365
365
366
367
367
368
720
720
710
698
695
690
688
683
678
675
671
669
666
663
663
662
656
655
652
650
648
645
644
643
641
639
637
637
636
633
633
633
631
629
628
627
626
625
624
624
623
622
621
620
619
619
618
616
616
616
615
614
613
612
611
611
611
610
610
609
609
609
608
607
252
252
262
269
274
284
284
288
292
299
300
303
306
306
309
313
315
319
320
323
324
326
328
330
332
333
334
335
337
339
340
340
341
343
344
346
346
347
348
348
348
351
353
354
354
355
357
359
359
358
358
359
360
361
361
362
362
363
364
367
365
366
366
366
720
720
709
701
693
690
683
679
679
675
672
669
664
663
661
659
657
655
653
651
649
646
645
643
643
641
639
638
636
634
634
633
631
630
629
628
626
625
624
623
622
622
621
618
618
618
618
615
615
613
613
612
612
611
611
609
609
609
608
606
606
606
606
606
251
251
261
267
277
279
283
287
291
294
298
300
303
306
312
314
313
314
318
320
321
324
326
329
330
331
332
334
335
337
337
338
341
341
344
344
344
346
346
348
348
350
351
352
353
354
354
355
356
356
357
358
358
360
360
360
362
362
363
363
364
365
365
365
719
719
708
701
695
692
687
680
679
676
673
668
664
664
662
661
656
653
651
651
649
648
645
644
641
640
641
639
636
634
633
632
631
630
629
627
627
625
624
623
621
620
619
619
617
617
616
615
615
614
613
612
611
611
610
610
610
608
608
606
606
606
605
605
251
251
259
268
273
280
281
287
289
292
295
302
305
305
307
310
315
317
317
321
323
323
324
326
328
330
331
332
333
335
336
338
339
340
341
343
344
346
346
346
348
348
350
351
351
353
354
354
355
357
357
357
358
359
360
363
364
364
363
363
364
364
364
365
719
719
707
696
695
693
690
684
679
676
673
671
667
665
664
660
658
654
654
650
649
650
647
643
642
642
639
638
637
635
634
632
631
629
628
627
623
624
623
623
621
621
620
620
619
617
616
616
615
610
610
611
611
610
609
609
608
607
606
606
606
605
605
604
247
247
260
267
272
277
282
289
289
293
297
298
301
305
309
311
312
313
316
316
320
322
324
325
326
327
330
332
333
336
336
338
339
339
340
343
345
345
345
345
346
348
349
350
351
351
351
353
354
355
356
358
358
358
359
359
359
362
362
362
363
363
366
366
661
661
644
633
620
613
606
603
600
598
595
592
590
590
588
587
586
584
584
584
584
584
581
580
579
579
578
578
577
576
576
576
576
576
575
575
575
574
574
574
574
574
574
573
573
573
573
572
572
572
572
572
572
572
572
572
572
572
572
572
572
572
571
571
266
266
279
289
298
306
312
318
323
327
336
337
337
343
344
348
349
348
351
358
358
358
363
363
363
366
368
369
370
371
373
373
375
375
375
376
376
377
377
378
380
380
381
382
382
382
382
382
383
383
383
384
385
385
385
385
385
386
386
386
387
388
387
386
699
699
687
679
670
664
657
650
650
647
637
633
629
625
621
618
615
612
609
607
604
601
600
600
597
597
596
592
592
591
589
589
588
587
586
585
585
583
583
583
582
581
581
580
581
580
579
579
579
578
578
578
578
577
577
577
577
576
576
576
576
576
575
573
265
265
278
291
297
304
311
316
321
323
329
331
332
338
341
346
346
346
351
352
353
357
359
362
362
365
365
367
367
369
370
371
372
373
373
374
375
376
377
377
378
380
378
380
380
380
380
381
381
382
382
382
383
383
383
383
384
384
384
384
384
385
386
385
704
704
692
683
668
662
662
656
652
647
642
638
634
631
628
624
617
617
613
612
609
607
606
603
601
601
597
597
594
593
593
592
591
591
588
588
587
586
586
586
585
585
585
584
583
582
582
581
581
581
580
580
580
579
579
579
579
578
578
578
578
577
577
577
264
264
276
289
294
303
309
313
319
323
328
330
333
335
337
342
344
348
349
351
353
356
356
359
360
360
364
365
367
368
369
370
370
371
373
374
374
374
375
376
376
376
377
378
378
378
378
379
379
380
381
381
381
381
382
382
382
382
383
383
383
383
384
384
706
706
696
686
676
670
664
659
654
650
645
641
637
634
630
623
622
619
617
615
612
609
608
605
603
602
600
599
596
596
595
593
592
592
591
590
589
588
588
587
587
586
586
585
584
584
583
583
583
581
581
581
581
580
580
579
579
579
579
579
578
578
578
580
264
264
276
286
293
302
306
311
318
322
326
329
332
333
338
340
344
345
348
350
353
354
356
357
360
361
363
364
365
368
369
369
370
371
372
372
373
373
374
374
375
376
377
377
377
378
378
379
380
380
380
380
380
381
381
381
381
381
382
382
382
382
382
382
708
708
696
685
681
672
666
661
655
654
647
643
639
635
632
627
625
622
620
617
614
614
612
607
606
604
602
599
599
599
596
595
594
594
594
593
589
589
589
588
588
586
586
586
585
585
585
584
583
583
582
582
582
581
581
581
581
580
579
579
579
579
579
579
263
263
269
277
284
303
308
312
317
321
324
328
332
334
337
341
342
345
347
350
351
354
355
357
358
360
362
363
364
365
367
368
368
369
369
372
373
373
373
374
375
375
375
375
376
376
377
377
378
378
378
379
379
380
380
380
381
381
381
381
383
383
382
381
660
660
643
630
618
609
601
596
591
590
588
585
583
582
579
578
579
578
577
577
576
575
575
576
576
574
574
574
573
573
572
572
572
572
572
572
571
571
571
571
570
570
570
569
567
569
567
565
565
567
567
567
567
566
566
566
565
565
565
565
565
564
564
563
290
290
304
315
323
330
336
341
341
348
349
355
358
361
363
367
368
368
371
371
372
374
374
376
376
377
377
378
379
379
379
381
381
381
381
381
381
382
382
382
383
383
383
383
384
384
384
384
384
384
385
385
386
386
388
387
387
387
388
388
389
389
389
390
683
683
668
656
644
639
632
624
624
622
613
611
608
605
603
601
600
598
596
595
594
592
591
591
589
588
589
588
587
586
585
583
583
583
581
581
581
580
578
577
577
576
575
574
574
573
571
571
571
570
569
569
568
568
568
567
567
567
566
566
566
565
565
565
295
295
302
315
326
328
335
340
345
347
350
353
358
359
361
364
364
364
369
369
370
371
371
372
373
373
376
375
376
376
377
378
379
379
379
381
381
381
381
382
383
385
385
385
387
387
388
388
389
389
390
391
391
392
392
393
394
394
394
394
391
395
396
396
686
686
672
657
648
640
634
629
629
625
618
615
611
609
607
605
603
601
600
598
598
596
595
594
592
590
590
590
589
589
586
585
585
584
583
582
580
579
579
577
576
575
575
574
574
571
571
571
570
569
569
568
568
567
567
566
566
566
565
565
565
565
565
564
290
290
305
316
324
333
335
339
343
347
350
354
355
358
359
362
363
366
368
370
370
370
371
372
373
374
374
375
376
377
377
377
378
379
380
381
381
382
383
383
384
384
385
387
388
388
390
390
392
392
393
395
395
396
398
398
397
397
398
398
398
399
399
399
687
687
671
658
649
641
635
630
626
623
619
618
613
611
609
605
604
601
601
599
598
597
595
594
593
592
591
590
590
588
588
587
585
584
583
582
581
579
575
575
575
575
574
573
572
570
570
570
569
569
568
568
567
567
567
566
566
565
565
565
565
564
564
564
289
289
304
315
326
333
337
339
342
347
352
353
354
357
359
361
363
364
365
367
369
369
369
372
373
374
375
376
377
377
377
377
379
380
380
381
381
382
384
384
386
387
387
388
389
390
391
393
393
393
394
395
397
398
398
398
399
399
400
400
400
401
401
401
688
688
671
658
649
646
636
632
627
623
620
619
619
615
611
608
606
602
601
600
599
598
596
595
595
594
592
591
590
589
587
586
585
583
582
582
581
579
578
577
576
575
574
571
571
571
570
570
569
569
567
567
567
566
566
566
565
565
565
565
564
564
564
564
289
289
305
316
321
330
335
339
343
345
352
354
354
359
361
363
364
364
366
369
370
370
371
372
373
374
374
375
376
378
378
378
379
380
380
381
381
382
384
384
386
388
388
388
390
392
392
393
394
397
397
398
398
398
399
400
400
401
401
401
401
401
401
402
631
631
619
604
596
591
591
587
582
577
573
570
568
566
565
565
576
576
563
563
563
562
562
562
562
562
562
562
561
561
561
561
561
561
561
561
561
561
561
561
561
561
562
562
562
562
562
561
559
559
561
562
562
562
562
562
562
562
562
562
562
562
562
561
324
324
337
347
350
355
359
362
369
370
372
375
376
379
380
384
388
390
390
392
392
395
398
399
400
402
403
404
404
405
405
406
406
407
407
407
407
407
407
408
408
408
408
408
408
408
408
408
408
408
408
408
408
408
409
408
408
408
408
408
408
408
408
408
644
644
634
623
619
616
611
606
602
599
596
594
592
589
587
586
584
578
576
572
571
570
568
567
566
565
565
564
563
563
563
563
563
563
563
562
562
562
562
562
562
562
562
562
562
562
562
562
562
562
562
562
562
562
562
562
561
561
559
562
562
562
562
562
323
323
337
342
347
353
355
361
364
364
367
369
374
377
379
379
381
384
387
388
392
393
395
397
399
400
402
402
403
403
404
405
405
406
406
406
407
407
407
405
405
407
407
407
407
407
408
407
408
408
408
408
408
408
408
408
408
408
408
408
408
408
408
408
647
647
634
629
623
619
615
611
608
604
600
598
595
593
591
588
584
582
577
575
575
572
571
569
569
568
566
565
565
565
564
564
564
563
563
563
563
563
563
563
563
562
562
562
562
562
562
562
562
562
562
562
562
562
562
562
562
562
562
562
562
562
562
562
323
323
335
345
346
349
354
355
357
361
364
368
370
371
374
377
381
382
385
387
389
392
393
395
397
399
400
401
402
403
403
404
405
405
405
405
405
406
406
405
405
406
406
406
406
406
407
407
407
407
407
407
407
407
407
407
407
408
407
407
407
407
407
407
649
649
636
630
625
622
618
612
609
608
604
600
598
594
592
590
586
582
581
579
577
576
573
572
570
570
569
567
566
566
566
565
565
564
565
564
563
563
563
563
563
563
563
563
563
563
563
563
563
563
563
563
563
563
563
563
563
563
563
563
563
563
563
563
323
323
333
340
345
347
352
353
356
359
362
365
367
370
373
376
377
378
383
385
387
389
391
394
396
397
397
400
401
401
401
403
403
404
404
404
404
405
405
405
406
406
406
406
406
406
406
406
406
406
406
407
407
406
406
406
406
407
407
407
407
407
407
406
650
650
640
632
628
624
620
617
614
611
607
603
600
600
595
592
589
587
584
583
580
577
576
574
572
568
568
566
568
567
567
566
566
566
565
565
565
565
565
564
564
564
564
564
564
564
564
564
564
564
564
564
564
564
564
562
564
564
564
564
564
564
563
563
321
321
335
338
343
346
349
353
354
357
360
363
366
369
372
374
377
379
381
383
386
388
390
390
391
396
397
397
400
401
401
401
403
403
403
403
404
404
404
404
403
403
405
405
405
405
405
405
406
406
406
406
406
406
406
406
406
406
406
406
406
406
407
407
