363
363
371
372
374
375
377
378
380
381
383
383
383
385
386
387
388
388
389
390
390
391
392
392
395
395
395
395
395
395
397
397
398
398
398
400
400
400
400
400
400
401
401
402
403
403
403
403
403
404
405
405
405
405
406
406
406
406
409
409
411
402
408
408
668
668
658
652
647
643
640
637
632
631
629
624
623
623
620
619
617
616
613
610
608
608
607
606
604
604
601
601
599
598
596
594
594
594
593
592
591
591
589
589
588
587
587
587
586
585
584
583
583
583
582
581
581
581
580
580
580
579
578
578
577
577
577
576
316
316
326
327
331
334
334
337
343
346
348
349
353
355
357
357
359
362
365
366
368
369
371
372
372
375
375
376
379
380
380
381
383
384
384
385
386
387
388
388
389
391
391
391
393
399
399
396
396
397
397
397
398
399
399
400
400
401
402
402
402
404
404
404
664
664
656
650
646
642
639
634
631
631
629
627
625
622
621
619
617
616
615
612
612
610
608
606
604
604
603
600
600
599
600
597
595
594
593
592
591
590
590
589
589
588
586
586
586
584
583
583
582
582
581
580
580
579
579
578
576
576
576
577
577
577
575
575
314
314
316
324
328
332
335
335
340
343
344
348
350
353
355
357
358
360
364
366
366
367
368
371
372
371
373
375
375
377
377
379
380
381
382
383
384
386
386
386
388
389
390
390
391
393
394
394
394
396
396
397
397
398
398
399
399
401
401
401
402
402
403
403
664
664
655
650
646
639
639
636
632
631
630
627
625
624
620
620
618
616
614
613
610
607
606
607
606
603
601
600
599
597
596
596
596
595
594
592
592
591
590
589
588
587
585
585
585
583
583
582
582
582
580
579
577
577
577
577
577
577
576
576
575
575
575
574
322
318
322
322
324
335
336
337
339
342
344
347
350
354
356
356
358
359
360
363
364
365
365
365
370
373
373
373
376
376
376
379
379
382
382
382
383
385
386
390
388
388
388
391
391
391
391
393
397
397
397
397
397
397
398
397
399
400
401
402
402
402
403
403
664
664
656
650
646
642
639
637
635
632
630
630
627
623
622
620
618
616
614
613
611
609
608
607
605
604
603
601
599
599
598
597
596
594
594
594
594
591
591
589
588
587
585
585
584
584
584
583
582
581
581
580
580
578
578
577
577
577
577
576
575
575
575
578
309
309
315
323
329
331
333
336
339
342
344
347
349
351
353
355
357
359
361
362
364
365
365
367
368
372
372
373
375
377
379
379
379
380
381
382
383
384
385
386
387
388
389
390
390
391
392
392
393
394
396
396
397
398
398
399
400
400
400
401
401
402
402
403
660
660
657
650
646
643
639
637
634
632
630
628
626
624
621
618
617
616
614
613
609
608
608
608
604
603
603
601
600
597
597
596
596
594
594
593
592
590
590
590
588
587
586
586
585
584
582
581
581
581
580
580
579
578
578
577
577
576
576
576
575
575
571
571
313
313
316
321
327
327
331
336
342
346
347
349
349
352
353
355
356
358
360
361
363
365
367
368
370
370
373
374
375
375
377
378
378
379
381
382
383
384
385
386
388
388
389
389
389
390
399
399
399
398
395
397
397
398
399
400
400
400
401
401
402
403
403
404
622
622
607
590
588
578
577
573
570
570
567
565
565
564
561
561
561
561
560
560
559
559
559
558
557
557
557
557
557
557
556
556
556
556
555
555
555
554
554
554
554
553
553
553
553
552
552
552
552
552
552
551
551
551
551
551
550
550
550
550
549
549
549
549
328
328
338
340
344
357
363
368
374
379
380
383
386
392
396
396
398
401
401
402
406
408
408
409
412
413
413
414
415
415
416
416
417
417
418
418
420
420
420
420
420
421
420
421
422
425
425
423
423
423
423
424
424
424
424
424
424
424
425
425
426
424
426
426
644
644
634
627
621
615
612
609
601
598
593
589
586
582
579
576
576
575
570
568
567
565
564
562
562
562
561
561
560
559
558
558
558
557
556
556
556
555
555
554
554
554
553
553
553
552
552
552
552
552
551
551
551
550
550
550
550
550
549
549
549
549
549
549
330
330
339
351
352
358
364
364
368
376
382
383
385
388
391
394
396
401
403
403
405
407
408
410
411
413
414
414
415
416
417
418
418
418
418
418
420
421
421
421
422
422
422
423
423
423
424
424
424
425
425
425
425
426
426
426
426
426
426
426
427
427
427
428
643
643
635
627
621
617
610
607
601
599
595
591
587
587
583
577
575
573
570
568
567
566
565
565
562
561
560
560
559
559
558
558
557
556
555
555
555
553
553
554
554
553
553
551
551
552
552
552
552
551
551
551
551
551
550
550
550
550
550
549
549
549
549
547
323
323
338
345
352
357
361
367
371
375
378
382
388
388
390
391
396
399
401
403
405
407
408
410
410
411
413
413
413
415
417
417
418
423
423
420
420
421
421
422
421
422
422
423
423
424
424
424
424
425
426
426
426
426
426
426
426
427
427
427
427
428
428
428
642
642
636
633
628
618
612
607
602
599
595
591
583
580
580
577
574
571
569
568
566
566
565
562
561
561
560
559
558
558
557
557
557
556
556
555
555
555
554
554
554
553
553
552
552
552
552
551
551
550
550
550
550
550
550
549
550
549
550
549
549
549
549
549
327
327
338
344
351
357
361
367
370
371
378
381
384
388
391
393
395
399
401
402
405
407
408
410
412
413
414
415
415
417
417
418
418
418
420
420
420
421
421
422
422
422
423
423
424
424
424
424
424
424
425
425
425
426
426
427
427
427
427
428
428
428
428
428
645
645
636
629
622
617
611
607
603
599
595
591
587
584
579
576
573
569
569
569
562
562
562
562
561
561
560
559
558
557
557
557
556
556
556
555
555
553
553
553
553
553
553
552
552
551
551
551
551
551
550
550
550
550
551
550
549
549
549
548
548
548
548
548
329
329
338
345
351
360
362
366
372
375
378
382
384
385
395
397
397
400
403
403
405
407
408
409
409
411
413
414
414
415
415
417
417
419
419
419
420
420
420
421
422
422
422
423
424
424
425
425
425
425
425
425
426
426
427
427
427
427
428
427
428
427
428
427
608
608
591
576
569
562
558
557
553
553
552
551
550
549
548
548
547
547
546
545
545
545
544
544
544
543
543
543
542
542
541
541
541
541
540
540
540
540
540
539
539
539
539
538
538
538
538
537
537
537
537
536
536
536
536
536
536
536
535
535
535
535
535
535
349
349
360
370
381
386
393
398
401
406
408
410
412
414
415
416
419
419
419
420
421
422
422
423
424
424
425
426
426
427
427
428
428
428
429
428
430
430
431
431
431
432
432
432
432
432
433
433
433
434
434
434
434
434
434
434
435
435
435
435
436
436
436
436
626
626
614
602
590
583
575
570
567
563
562
559
559
559
559
558
558
558
553
552
552
552
551
549
548
548
547
547
547
547
546
546
545
544
543
543
543
543
542
541
541
541
541
540
540
540
540
539
539
538
538
538
537
537
537
537
537
536
537
536
536
536
536
536
347
347
357
368
376
384
391
397
401
403
406
409
411
414
415
415
416
418
419
419
420
421
422
423
423
424
425
425
426
427
427
427
428
429
430
430
431
431
431
432
432
432
433
433
434
434
434
434
434
435
435
435
435
435
440
440
436
436
436
437
437
437
437
437
628
628
617
604
593
577
575
572
569
564
562
562
559
559
558
557
553
553
553
553
552
551
551
551
550
548
548
548
547
547
546
545
545
544
543
543
543
543
543
542
541
541
540
540
539
539
539
539
538
538
538
538
537
536
536
536
536
536
536
535
535
535
535
534
346
346
358
367
376
376
386
399
403
406
408
413
417
416
417
417
418
418
418
421
422
424
425
425
426
427
427
429
429
429
430
430
431
431
432
433
433
433
433
433
434
435
436
436
436
436
436
437
437
437
438
438
439
438
439
438
439
439
439
440
440
440
440
440
629
629
622
605
594
584
576
571
566
563
560
558
556
555
554
554
551
550
550
549
548
548
547
547
546
545
544
544
543
543
542
542
541
540
540
540
539
539
538
538
538
537
537
536
536
536
536
535
535
535
541
541
538
534
534
534
533
533
533
533
533
533
533
532
350
350
357
370
378
385
392
397
402
406
411
413
413
414
415
416
418
419
420
421
422
423
424
425
427
427
427
427
428
430
430
431
431
432
432
433
433
433
434
434
435
435
435
435
435
436
437
437
437
437
438
438
438
438
438
439
439
439
439
439
440
440
440
440
627
627
616
604
596
585
570
566
566
563
562
559
558
556
554
553
552
552
551
550
550
548
547
546
546
545
545
544
543
543
542
542
541
541
541
540
540
539
536
536
538
538
537
537
537
536
536
536
535
535
535
535
534
534
534
534
534
534
533
533
533
533
533
533
353
353
359
371
377
382
391
398
403
406
411
412
412
414
415
415
416
419
421
421
422
423
424
425
425
425
426
428
428
429
430
431
431
431
432
432
433
433
433
434
434
435
435
435
436
436
436
436
437
437
437
437
437
438
438
439
439
439
439
439
439
439
440
440
571
571
560
554
550
544
543
542
540
538
537
536
535
534
534
533
533
532
532
532
532
531
531
531
531
531
530
530
530
530
530
531
530
530
530
530
530
530
530
530
530
530
530
530
530
530
530
529
529
530
530
530
530
530
530
531
531
526
526
530
530
530
530
530
377
377
392
399
403
411
413
415
417
421
423
422
423
426
427
428
430
431
431
432
436
436
435
435
436
436
436
436
438
438
439
440
440
440
441
441
441
442
442
442
442
442
442
442
441
438
438
443
443
444
444
444
444
444
444
444
444
444
444
444
444
444
444
444
595
595
579
572
566
560
557
554
552
550
548
545
544
543
542
540
540
538
538
537
535
535
534
534
532
532
532
531
531
531
531
530
530
530
529
529
529
529
529
529
529
529
528
528
529
529
529
528
528
528
528
528
528
528
528
528
528
528
528
528
529
529
529
529
376
376
398
400
406
410
413
416
419
420
420
425
427
428
430
432
432
434
435
436
437
438
439
440
440
440
440
441
442
443
443
443
444
444
444
444
444
445
445
445
445
445
446
446
446
446
446
446
446
446
446
446
446
446
446
446
446
446
446
446
446
446
446
446
597
597
580
574
567
562
558
554
552
550
548
546
544
542
541
541
540
544
538
536
535
535
534
533
533
532
532
531
531
531
530
530
530
530
529
529
529
529
529
529
529
529
529
529
529
529
528
528
528
528
528
528
529
528
529
528
529
529
529
529
529
529
529
529
376
376
392
401
404
409
412
415
417
420
422
424
425
427
428
429
432
433
433
434
436
441
436
439
438
439
440
441
441
442
442
443
443
443
443
443
444
444
444
444
445
445
445
445
445
445
445
445
445
446
446
446
446
446
449
446
446
446
446
446
446
446
446
446
600
600
582
574
569
564
560
556
555
552
550
548
546
542
541
541
540
539
538
537
536
535
534
533
533
533
532
532
532
531
531
531
530
530
530
529
529
529
529
529
529
529
529
528
528
529
529
528
528
528
529
529
529
529
529
529
529
529
529
529
529
529
529
529
375
375
391
399
404
408
411
414
417
419
423
425
426
427
428
429
430
431
432
433
435
435
437
437
437
438
440
441
441
442
442
442
443
443
443
443
443
444
444
445
446
445
445
445
445
445
445
446
446
446
446
446
446
446
446
446
446
446
446
446
446
446
446
446
601
601
584
576
570
566
562
558
556
553
551
549
548
546
544
543
541
540
539
539
537
536
536
535
531
531
533
533
532
531
531
531
531
531
531
530
530
530
531
531
529
529
529
529
530
529
529
529
529
529
529
529
529
529
529
529
526
529
529
529
529
529
529
529
373
373
390
397
402
406
410
412
415
416
421
423
423
424
426
428
428
429
432
433
433
434
435
436
437
438
438
438
438
439
440
441
441
441
442
443
444
443
445
444
444
444
444
444
444
444
445
445
445
445
445
445
445
445
446
446
445
445
445
445
445
445
445
445
