353
353
361
364
366
368
372
373
373
375
376
377
377
379
381
382
383
383
384
385
386
386
386
387
387
389
387
389
379
391
391
391
392
393
394
393
394
394
395
395
395
396
396
396
396
397
398
398
398
398
398
398
398
399
399
400
400
400
400
400
399
401
401
401
678
678
669
661
657
650
650
645
643
639
635
634
632
629
628
625
623
622
619
616
616
615
613
609
609
609
608
606
606
605
604
603
602
602
601
600
599
597
597
597
595
595
595
594
593
593
592
592
591
591
590
590
589
589
589
588
589
587
587
586
585
585
585
585
301
301
304
309
320
325
328
334
334
340
343
343
344
350
352
352
356
361
361
361
361
363
364
366
367
369
370
370
376
375
376
376
376
379
379
382
382
381
381
384
384
385
386
391
391
389
389
390
391
391
391
391
393
395
395
395
396
396
396
396
397
397
398
398
678
678
668
661
653
651
648
645
642
639
636
634
632
629
628
625
624
622
621
619
617
617
615
611
611
609
608
608
606
605
604
602
602
601
600
599
598
597
593
593
594
594
594
593
591
591
591
590
590
590
588
588
587
587
587
585
585
585
584
584
584
584
583
583
297
297
303
312
318
322
326
329
334
338
341
341
341
341
347
349
351
355
357
357
360
361
363
364
365
366
368
370
371
372
373
374
377
378
378
379
379
380
382
384
385
385
386
386
387
388
389
390
391
390
391
391
392
394
394
394
396
396
396
396
397
398
398
399
676
676
663
660
656
652
648
643
637
637
637
632
632
630
628
626
623
622
620
619
616
616
614
612
611
609
608
607
606
605
604
602
601
600
598
598
597
597
597
595
593
593
593
592
591
590
590
589
588
588
588
588
586
585
584
584
584
583
583
583
583
582
581
581
299
299
308
314
315
322
326
328
333
337
340
340
340
343
347
348
351
353
355
356
358
360
362
362
365
365
368
369
370
377
377
375
375
375
376
379
379
379
381
382
383
384
385
386
386
387
388
389
390
391
391
392
393
394
395
395
395
396
396
397
397
397
398
399
675
675
665
659
654
650
644
641
641
638
634
633
630
628
627
625
623
621
619
615
614
614
613
611
610
609
608
606
606
605
603
601
600
600
598
597
597
596
595
593
592
593
592
592
590
588
588
588
588
588
587
587
585
584
584
584
583
580
580
581
581
581
581
580
308
300
308
316
320
323
330
332
333
336
338
341
342
345
350
351
352
355
356
357
359
361
361
362
365
365
367
371
371
372
374
375
375
377
377
379
380
381
382
383
384
385
385
386
387
387
388
389
391
394
392
394
394
394
394
395
396
396
396
397
397
399
403
399
672
672
663
657
652
648
645
642
639
635
634
631
628
627
623
622
621
620
618
616
615
613
610
610
609
608
606
605
604
602
602
600
600
599
598
597
596
595
593
593
593
591
591
591
590
586
586
587
587
587
586
585
585
584
583
582
582
581
581
581
580
579
579
579
306
306
309
316
320
323
329
329
332
337
340
341
342
343
345
349
351
352
354
357
358
359
361
363
365
365
367
369
369
372
372
374
375
376
377
379
379
381
381
382
384
384
386
388
388
388
389
390
390
390
389
389
390
393
393
394
395
396
396
397
397
397
398
398
623
623
610
601
593
587
582
578
576
574
572
571
569
568
567
567
567
565
564
564
564
564
563
562
562
561
561
561
561
561
560
560
560
560
559
559
559
559
559
558
558
558
558
558
557
557
557
557
557
556
556
556
555
555
556
556
556
556
556
555
555
555
553
555
322
322
323
346
346
359
359
359
368
372
375
380
383
386
389
392
394
395
397
400
401
401
401
403
404
406
406
407
407
408
408
409
410
410
411
411
411
412
412
413
413
413
413
414
415
415
415
415
415
416
416
416
416
416
416
417
417
417
417
417
418
418
418
418
651
651
640
632
626
620
615
610
606
602
599
595
594
592
586
583
582
579
577
577
576
573
572
571
569
569
568
567
566
566
565
564
564
563
563
562
562
562
562
561
561
560
561
559
559
559
559
559
558
558
558
558
556
557
557
557
556
556
556
556
556
556
556
556
319
319
330
338
344
349
356
361
363
370
374
382
382
385
391
393
393
395
397
397
399
400
402
403
404
406
407
407
407
407
407
410
410
410
411
411
412
413
413
413
413
414
415
415
416
416
416
418
418
417
416
417
417
418
418
418
418
419
419
419
419
419
419
420
653
653
644
636
629
623
619
613
611
604
600
596
594
590
587
584
581
580
578
576
575
573
570
570
569
569
568
567
566
564
564
564
563
563
562
561
561
561
561
555
555
559
559
559
558
558
558
558
557
557
556
556
556
556
555
555
555
555
555
555
555
555
555
554
318
318
329
344
345
350
356
361
365
370
374
379
381
385
388
391
394
395
397
400
405
403
404
404
405
407
407
407
407
408
409
414
414
412
411
412
413
413
414
414
414
415
414
416
415
416
417
417
417
417
417
418
418
419
419
419
419
419
420
420
420
420
420
420
653
653
641
634
627
626
622
611
607
606
600
596
591
590
587
587
582
579
576
573
573
572
571
571
569
568
566
565
565
565
563
563
563
562
560
560
560
560
559
559
558
558
558
558
557
556
556
556
556
556
555
555
554
554
554
554
554
554
553
553
553
553
553
553
324
324
333
336
344
350
356
361
366
370
374
375
384
384
389
394
395
396
398
399
400
403
404
405
406
407
408
410
410
410
411
412
412
412
411
411
415
416
416
416
416
417
417
417
418
418
418
418
419
419
419
420
420
420
420
421
421
421
421
421
421
421
421
421
656
656
642
637
631
625
618
614
608
605
602
594
591
591
588
582
579
575
574
574
572
571
570
568
567
567
566
564
564
563
562
562
561
561
561
560
559
559
558
557
557
557
556
556
556
555
555
555
555
554
554
554
554
554
553
552
552
552
552
552
552
552
552
551
318
318
328
336
342
350
355
360
365
371
373
377
381
385
387
388
393
396
396
400
402
402
403
405
405
407
408
409
411
410
411
412
412
413
413
413
415
415
415
416
417
417
417
417
417
418
418
418
419
419
419
419
420
420
421
421
421
421
421
421
421
422
422
422
613
613
594
581
574
567
564
560
558
558
554
554
553
553
552
551
550
550
549
549
549
548
548
548
547
547
547
547
547
547
546
546
546
546
545
545
546
546
545
544
544
543
545
544
544
544
544
544
544
543
544
543
543
543
542
542
541
541
542
542
542
542
542
542
341
341
354
363
374
381
389
393
396
399
402
404
407
407
409
412
414
415
416
417
418
419
420
421
422
422
422
422
424
424
424
424
424
426
426
426
426
431
431
428
428
429
429
429
429
429
430
430
430
430
430
430
431
431
431
431
432
431
431
431
431
432
433
432
631
631
621
605
595
586
585
575
571
568
567
564
560
558
557
557
556
553
551
549
549
549
548
548
547
547
546
546
544
544
544
544
543
543
540
540
541
541
541
541
541
541
541
540
540
540
540
540
539
539
538
538
538
538
538
538
538
538
538
538
539
538
538
538
340
340
355
365
375
383
388
392
398
399
401
404
405
406
408
409
413
414
415
415
415
417
419
420
420
428
422
422
422
423
424
424
424
425
426
426
426
426
427
427
427
427
428
427
428
428
428
427
427
430
430
430
430
431
431
430
430
430
431
432
431
431
431
432
624
624
612
599
592
585
579
574
570
566
561
561
560
558
557
556
553
552
551
549
549
548
548
546
546
545
544
544
544
543
543
543
543
543
542
542
542
541
540
540
540
540
540
539
539
538
538
538
537
538
538
538
536
536
536
535
536
535
535
534
533
533
533
533
347
347
359
369
378
389
391
397
403
407
411
415
418
419
419
421
422
422
424
425
426
426
427
427
428
429
429
429
430
431
432
432
432
432
436
436
434
433
434
434
434
434
434
434
434
434
435
435
435
435
435
436
436
436
436
436
436
436
436
437
437
437
437
436
631
631
616
602
594
587
574
571
564
564
562
560
557
553
553
552
550
549
547
547
547
549
544
542
542
542
541
541
540
539
538
538
538
537
537
537
537
536
536
535
535
534
534
534
534
535
535
534
534
534
533
533
533
533
533
533
533
533
533
533
530
530
529
533
344
344
357
373
376
385
392
397
401
403
407
408
411
413
414
415
418
418
420
421
422
424
425
425
425
426
426
426
429
429
429
429
431
430
430
430
431
431
432
432
432
433
433
433
433
433
433
433
434
434
434
434
435
435
435
435
435
435
435
435
435
435
436
436
631
631
619
602
591
582
576
572
568
568
564
560
557
556
554
554
552
549
548
546
545
545
543
543
542
541
540
540
540
539
539
539
537
537
536
535
535
533
533
535
535
535
535
534
534
534
534
534
533
533
533
533
533
533
533
533
533
532
532
532
532
532
532
532
344
344
358
369
379
385
394
396
402
404
409
410
412
414
415
417
418
420
422
424
424
425
426
426
427
428
428
429
429
430
430
431
431
431
431
432
433
433
434
434
434
433
434
434
435
435
436
436
435
435
435
437
437
436
436
436
437
437
437
437
437
437
438
438
570
570
559
552
546
541
539
535
535
533
533
532
532
532
532
529
532
531
532
532
532
532
532
532
532
532
532
532
532
532
532
533
533
533
533
533
533
534
534
534
534
534
534
534
534
533
532
533
533
534
534
534
535
535
534
534
534
534
534
534
533
530
530
530
376
376
386
395
403
408
411
416
418
421
425
426
426
428
430
429
430
430
431
431
432
432
433
433
433
433
434
434
434
434
435
435
436
436
436
436
436
436
436
437
437
437
436
436
436
436
436
437
437
437
437
437
437
437
437
436
437
437
437
436
436
436
436
436
601
601
586
576
566
563
556
555
551
548
547
545
543
542
541
539
537
538
537
537
536
536
535
536
535
535
535
535
535
535
534
534
534
534
534
534
534
534
534
534
534
534
534
534
534
534
534
534
535
534
535
534
534
534
535
535
535
534
535
535
535
535
535
535
368
368
379
388
395
399
403
407
411
414
416
419
422
423
429
429
428
428
428
429
430
431
431
432
432
432
432
432
434
434
434
434
435
435
435
435
435
435
435
437
437
437
436
436
438
438
438
438
438
438
438
438
438
438
438
438
438
438
438
437
437
437
438
438
599
599
583
575
565
563
559
558
553
550
547
546
544
542
542
540
538
537
536
536
536
536
536
535
535
534
534
534
533
533
533
532
532
533
533
533
533
533
533
532
532
532
532
532
532
533
534
534
532
532
533
533
534
534
534
533
533
534
534
534
534
534
535
535
369
369
381
389
409
412
409
411
411
414
415
420
422
423
425
427
428
428
429
430
431
431
432
433
433
437
437
434
434
435
435
435
435
435
436
436
436
436
435
435
436
436
436
436
436
436
436
436
436
436
436
437
437
435
435
436
436
436
436
436
436
436
436
436
602
602
587
577
572
567
563
560
556
552
548
548
547
545
544
542
541
539
537
537
537
537
537
536
536
535
535
535
534
534
534
532
532
532
534
534
534
533
533
534
534
534
534
534
534
534
534
534
534
533
534
534
534
534
532
534
534
534
535
535
535
535
535
535
373
373
380
387
395
399
403
407
410
417
417
420
420
422
423
428
429
430
432
432
432
434
434
434
435
436
436
436
436
440
438
438
437
437
438
438
439
438
438
438
438
439
438
438
438
438
438
438
439
440
440
438
438
439
439
439
438
438
440
440
438
438
439
439
598
598
582
574
568
562
558
554
551
548
544
542
540
540
540
537
536
536
535
535
535
534
532
532
532
531
532
530
532
532
532
531
531
531
530
530
530
530
531
531
531
531
530
530
530
530
530
528
528
530
531
531
531
531
531
531
531
531
531
531
531
531
531
531
371
371
382
391
398
403
404
418
418
421
424
426
430
432
432
432
433
435
435
435
435
437
437
437
437
437
438
438
438
438
438
438
438
438
439
439
439
439
439
439
439
439
439
439
439
439
439
439
439
439
439
439
439
439
439
439
440
439
439
439
439
440
439
439
