480
479
480
479
480
479
479
479
481
481
478
478
478
478
479
480
480
480
480
480
480
480
479
479
479
480
480
480
480
480
480
480
480
481
480
481
480
481
481
481
480
479
479
480
480
479
479
480
480
479
479
477
477
479
479
480
479
480
480
480
480
479
480
480
526
526
526
525
525
525
525
526
526
526
526
526
526
526
527
535
535
528
527
526
526
526
527
528
528
528
529
529
529
528
528
530
531
531
531
531
531
532
532
531
531
531
533
533
533
533
535
535
535
533
532
532
532
533
533
535
533
533
533
533
533
532
532
532
410
410
411
417
418
422
424
427
427
427
428
429
431
432
433
434
434
436
437
437
437
439
439
440
443
443
443
443
443
445
445
445
446
446
447
447
447
448
448
448
448
449
450
450
451
451
451
452
451
452
454
454
452
452
454
454
455
456
455
455
455
455
455
456
529
556
556
554
554
552
549
548
548
546
544
544
544
541
541
541
541
539
539
538
536
535
532
534
534
534
532
532
530
530
530
531
531
529
528
527
527
526
526
526
525
525
524
524
525
525
523
522
522
522
521
522
521
520
520
520
520
520
519
518
518
517
517
517
436
436
440
440
434
434
444
445
446
448
448
449
451
451
453
453
453
453
454
456
456
456
457
457
457
459
459
459
459
459
460
460
463
463
463
462
462
462
463
463
463
463
463
463
463
464
464
464
464
464
464
464
459
464
464
464
464
464
465
465
464
464
465
465
544
544
542
540
539
538
538
538
536
535
535
535
535
534
534
534
532
532
532
531
530
530
531
531
531
536
536
530
530
529
529
529
530
530
529
528
528
528
528
528
528
528
528
528
529
528
532
532
532
527
527
526
527
527
532
532
527
527
527
527
527
527
528
531
420
420
421
425
426
426
428
429
431
429
432
432
432
433
434
434
435
437
437
437
437
438
438
439
439
439
440
440
440
441
442
442
442
443
443
442
442
443
445
446
446
448
446
446
446
447
447
448
448
448
448
448
449
449
449
449
449
450
450
450
451
450
443
441
570
570
567
564
562
550
550
556
556
556
556
567
554
552
550
548
547
547
547
547
546
544
544
543
543
542
542
542
541
540
540
540
538
538
537
537
536
535
535
534
534
530
530
532
532
531
531
530
529
529
528
527
526
527
526
525
524
523
522
522
521
521
518
517
437
437
439
443
445
447
448
451
453
454
453
455
458
459
458
459
460
460
461
464
464
464
464
466
466
467
467
467
468
468
468
468
468
469
469
469
470
470
469
469
470
470
471
470
469
469
469
470
470
470
470
468
468
470
470
471
470
470
470
470
470
470
470
470
534
534
532
531
531
530
530
529
528
527
527
527
527
526
527
526
525
525
524
504
523
523
523
523
523
522
522
521
521
521
521
522
521
521
520
520
520
520
520
520
520
519
519
519
519
518
519
518
519
520
520
518
518
518
518
518
519
519
518
518
518
518
518
519
434
434
437
438
440
441
441
442
443
443
443
444
444
445
447
447
446
446
447
447
446
446
447
447
447
447
447
447
448
448
448
448
447
447
449
449
449
450
450
449
448
449
449
450
450
449
449
450
450
450
449
450
450
450
450
450
450
449
448
448
450
450
451
450
552
552
549
541
539
539
536
534
530
528
524
521
521
515
515
512
512
511
511
510
510
510
511
512
513
516
518
519
521
523
524
528
528
528
527
527
527
527
526
526
526
525
524
524
520
518
518
519
519
515
514
514
512
510
508
509
508
508
508
507
508
510
510
510
437
434
437
439
439
439
438
437
435
435
436
437
441
442
446
447
453
453
454
461
463
466
467
467
468
466
467
466
466
466
465
465
464
464
464
463
462
460
459
459
457
452
452
452
451
451
451
452
453
455
454
456
456
458
458
458
460
461
462
463
464
463
466
465
554
554
554
551
551
550
549
548
548
547
547
547
553
553
551
551
550
549
548
547
547
545
544
542
542
541
538
536
536
534
533
533
531
531
530
530
530
531
530
530
530
529
528
528
528
528
527
526
526
526
529
529
529
528
528
528
528
528
526
528
525
525
525
525
414
414
416
419
422
423
426
428
430
433
433
433
434
435
435
435
435
434
434
434
434
435
436
437
437
437
439
439
439
439
444
443
444
446
446
448
456
450
451
451
451
452
452
452
454
454
455
456
456
457
457
457
456
456
456
457
450
456
455
455
455
456
456
456
568
569
569
567
565
562
561
561
557
555
553
553
551
548
548
546
547
547
547
547
546
546
544
544
544
545
544
545
544
544
544
544
542
542
541
541
540
538
538
538
537
537
537
535
535
532
530
530
529
530
528
527
526
526
526
525
525
525
525
524
525
525
525
525
406
402
406
411
413
413
416
417
421
422
424
427
427
429
430
433
433
434
408
434
438
439
439
440
440
442
441
441
441
441
441
441
441
441
442
442
442
443
444
444
445
446
445
446
445
446
448
449
450
451
452
454
454
455
454
454
452
452
455
457
458
458
459
459
575
575
572
572
572
569
566
565
565
564
561
561
558
558
558
556
556
556
557
553
550
550
549
548
547
546
545
545
545
543
543
542
542
541
540
540
540
539
539
536
536
544
544
537
536
536
536
535
535
534
533
530
528
529
529
529
528
526
526
526
525
524
524
522
410
410
412
415
415
418
418
421
421
421
415
415
426
426
428
428
430
431
431
431
431
432
433
434
435
436
436
437
438
440
439
441
439
443
445
446
447
447
448
448
450
448
450
447
449
448
448
448
448
449
450
450
450
450
451
451
452
451
452
453
454
456
457
457
575
575
571
567
567
567
562
562
560
557
557
557
555
555
554
553
552
553
551
552
551
552
551
551
550
548
548
546
546
545
545
545
543
543
542
542
541
540
539
538
537
536
536
535
535
535
533
532
532
530
530
530
529
528
527
526
526
526
526
526
525
524
524
524
405
405
410
410
415
416
418
421
422
424
425
427
427
430
431
432
433
433
434
436
436
436
437
437
438
438
438
439
439
439
440
440
441
441
441
441
442
445
445
444
444
445
446
446
446
446
449
448
450
448
451
454
455
455
455
456
456
456
455
455
454
457
457
458
564
564
559
556
550
546
546
543
540
540
536
533
533
531
527
524
524
522
522
518
518
518
517
517
516
517
517
517
516
516
515
515
515
515
515
515
515
516
516
515
515
516
516
516
515
516
516
516
515
515
516
516
516
516
517
517
517
517
516
516
517
517
517
517
412
412
418
424
431
433
436
437
437
441
442
443
446
447
450
450
450
450
453
454
455
456
457
460
462
462
462
462
464
464
464
465
468
468
468
466
466
466
465
467
466
467
467
467
467
464
464
468
468
468
468
467
467
467
465
464
465
467
467
467
466
466
467
467
568
568
562
559
555
553
550
549
549
546
545
540
540
540
539
538
536
535
533
532
528
527
526
524
523
522
520
520
519
519
517
518
516
518
516
517
517
517
517
516
516
516
516
516
515
515
517
518
518
516
516
516
517
517
516
515
516
516
516
515
515
517
518
518
415
415
421
423
431
437
434
436
436
438
440
444
446
446
446
446
445
447
448
451
452
453
454
455
456
455
453
453
459
462
463
463
463
462
462
439
465
465
466
467
466
466
466
466
466
466
466
467
467
467
466
466
466
467
467
467
465
466
466
466
466
466
466
466
570
570
563
560
555
553
553
553
551
546
544
542
542
540
540
541
541
534
532
531
529
526
526
524
521
521
521
519
519
518
518
518
517
518
517
517
516
516
516
516
516
516
518
518
518
516
515
515
515
515
515
515
516
516
516
516
516
516
516
517
517
517
517
517
416
416
420
424
427
430
430
433
436
441
443
443
443
444
445
447
448
448
448
452
452
453
453
454
455
457
458
459
461
462
462
462
464
464
464
465
465
465
466
466
466
465
465
465
466
467
467
466
465
466
465
465
465
465
466
466
465
465
466
466
465
463
463
466
571
571
568
567
560
558
553
552
552
549
545
544
543
541
539
538
534
533
532
531
528
527
526
524
520
518
519
519
519
517
517
517
517
517
517
516
516
516
516
516
516
515
515
516
516
516
515
516
516
516
519
519
517
517
517
516
515
515
515
515
515
516
516
516
413
413
413
420
405
426
434
436
436
437
439
442
442
443
445
448
449
449
449
449
449
453
453
455
455
458
458
458
461
458
458
458
463
463
464
465
465
465
465
465
464
465
465
465
466
466
466
466
464
464
467
467
467
467
466
465
465
464
464
473
473
468
466
465
571
571
565
561
558
554
549
549
548
547
546
545
543
541
540
538
535
535
535
531
529
529
525
523
523
522
519
519
519
519
517
516
516
516
516
516
517
516
518
517
517
515
515
516
516
516
515
515
516
516
516
516
516
523
516
516
516
516
517
517
517
516
516
517
411
411
419
422
422
426
432
435
437
438
440
441
443
443
444
445
445
448
448
450
450
454
455
455
456
457
458
459
463
463
463
464
464
464
464
464
464
464
465
465
466
466
466
465
465
465
466
466
466
466
466
465
465
465
465
466
466
465
465
465
465
466
465
465
555
555
549
542
530
525
525
522
522
522
520
520
520
521
521
521
521
522
523
522
522
522
522
522
523
523
523
523
523
523
523
524
524
524
524
524
525
525
525
524
524
524
526
526
527
526
525
524
525
527
527
527
527
525
527
527
527
527
527
528
528
528
527
527
411
411
422
434
438
441
449
456
457
457
461
462
466
467
467
467
468
468
468
468
468
468
467
467
466
467
467
467
467
467
466
466
465
465
465
464
465
463
464
463
463
463
464
464
463
462
462
462
462
462
461
460
459
459
461
461
460
460
460
460
460
460
459
458
565
565
555
548
542
538
529
528
525
520
518
519
518
518
517
517
519
520
520
519
519
519
519
521
521
521
521
521
522
522
522
521
521
523
523
523
523
523
523
525
525
524
524
524
526
526
526
525
525
525
525
526
526
526
526
525
527
527
527
527
527
527
527
528
414
414
426
432
439
445
448
452
458
458
460
461
462
465
465
465
463
462
463
462
463
462
463
462
462
462
462
461
461
461
461
461
462
461
462
464
464
461
460
460
460
460
459
459
459
460
459
459
459
459
459
459
459
458
455
455
458
458
458
458
458
458
457
457
570
570
560
552
544
538
538
531
522
518
518
518
518
519
519
519
519
518
519
519
519
519
519
520
520
521
521
521
521
521
521
521
521
521
523
524
523
523
523
523
524
524
524
524
524
524
524
524
525
525
525
525
526
526
526
526
526
526
526
527
527
527
527
527
412
412
420
429
434
443
449
452
456
459
461
464
466
467
468
468
468
468
468
468
468
468
468
468
468
468
467
465
465
466
467
467
465
464
464
464
464
464
464
464
461
464
461
461
461
461
461
462
461
461
461
461
461
462
462
461
460
459
459
461
461
464
464
460
569
569
558
552
546
538
532
525
525
522
527
520
516
516
516
516
516
516
514
514
516
516
518
518
518
518
518
519
520
519
519
519
520
521
521
520
520
520
522
522
522
522
521
521
523
524
524
524
523
524
524
524
524
524
524
524
524
525
525
525
525
525
525
524
413
413
424
424
433
445
449
452
456
460
463
465
465
465
464
465
466
466
465
465
465
465
464
464
464
464
465
464
464
463
462
463
463
463
463
461
461
462
462
462
460
460
460
460
460
459
459
458
458
453
460
457
459
459
459
459
459
458
458
458
459
458
458
458
574
574
562
553
545
538
534
530
525
522
520
518
518
518
517
516
516
516
517
524
524
517
517
518
518
518
518
518
518
518
520
519
520
519
520
522
522
521
521
521
521
522
522
522
522
523
523
524
524
523
523
524
524
524
524
525
525
525
525
525
525
524
525
527
414
414
423
423
430
444
449
453
456
461
464
463
464
465
466
466
466
466
466
465
464
464
465
465
465
465
462
462
465
465
465
463
463
463
463
463
463
463
462
461
461
462
462
462
462
461
461
461
460
459
460
460
460
460
460
459
459
459
455
458
458
458
457
429
