1 478
2 478
3 478
4 483
5 487
6 483
7 483
8 481
9 483
10 480
11 486
12 480
13 480
14 478
15 478
16 478
17 473
18 476
19 476
20 476
21 475
22 475
23 485
24 485
25 478
26 478
27 481
28 481
29 486
30 481
31 480
32 480
33 479
34 481
35 481
36 483
37 483
38 483
39 483
40 477
41 477
42 478
43 479
44 478
45 479
46 477
47 480
48 482
49 484
50 482
51 486
52 478
53 477
54 477
55 477
56 481
57 482
58 481
59 477
60 476
61 477
62 484
63 484
64 483
1 582
2 582
3 580
4 580
5 580
6 580
7 576
8 569
9 568
10 568
11 565
12 564
13 564
14 563
15 562
16 561
17 561
18 560
19 558
20 557
21 556
22 554
23 554
24 551
25 551
26 551
27 552
28 552
29 552
30 551
31 550
32 550
33 550
34 550
35 550
36 549
37 549
38 550
39 551
40 551
41 549
42 549
43 549
44 549
45 549
46 548
47 547
48 547
49 548
50 548
51 548
52 548
53 548
54 548
55 549
56 548
57 549
58 550
59 550
60 558
61 549
62 549
63 548
64 548
1 348
2 348
3 349
4 355
5 356
6 361
7 363
8 364
9 368
10 369
11 372
12 373
13 373
14 376
15 377
16 380
17 380
18 381
19 384
20 386
21 387
22 389
23 390
24 389
25 390
26 394
27 397
28 396
29 397
30 398
31 401
32 401
33 403
34 405
35 408
36 407
37 407
38 407
39 408
40 408
41 410
42 404
43 410
44 413
45 414
46 415
47 415
48 416
49 417
50 418
51 421
52 421
53 421
54 420
55 420
56 421
57 423
58 423
59 424
60 425
61 426
62 426
63 427
64 428
