479
479
479
480
479
480
480
480
480
480
480
480
482
480
479
479
480
480
480
480
480
480
480
481
481
484
484
480
480
480
480
480
480
480
480
480
481
480
479
479
479
480
479
480
479
479
479
479
480
480
481
481
479
479
480
480
481
480
480
480
480
481
480
481
531
531
530
528
526
526
526
524
524
524
522
522
522
522
522
521
521
520
520
520
520
520
519
519
519
519
519
518
518
518
518
518
518
518
518
518
517
517
517
517
517
517
517
516
516
516
516
516
516
500
500
515
515
515
515
515
515
515
517
517
515
515
514
514
424
424
429
433
438
439
440
444
444
444
447
447
448
450
450
451
452
453
453
453
453
454
445
454
455
456
457
457
457
458
458
458
458
459
459
459
459
460
460
460
460
460
461
461
460
460
461
461
461
461
462
462
462
461
462
461
462
462
462
463
463
463
463
463
560
560
555
555
547
547
545
542
538
538
538
537
536
536
534
533
533
532
530
530
530
529
529
528
528
527
526
501
526
525
525
524
524
524
524
524
527
524
525
523
522
521
521
521
521
521
520
520
485
520
521
521
521
520
520
520
520
519
519
519
518
518
520
520
416
416
426
428
434
436
437
437
441
442
444
445
447
449
449
449
449
450
450
452
454
454
454
454
455
455
455
455
455
456
456
456
457
457
457
458
458
460
460
459
459
459
459
460
460
460
461
461
459
459
461
461
461
462
462
462
462
462
463
463
463
465
463
463
563
563
558
554
554
552
546
544
544
544
541
540
522
522
536
536
534
534
534
532
532
532
532
530
530
530
529
529
529
528
527
527
527
526
527
526
526
526
524
524
524
524
524
523
523
523
523
523
523
517
522
508
522
526
538
526
522
522
522
522
522
522
522
521
420
420
426
429
435
435
435
435
439
441
443
444
444
445
446
446
447
447
449
450
449
450
452
452
452
452
453
453
453
454
456
456
456
456
456
456
457
457
458
459
459
459
459
459
459
459
459
460
460
460
460
461
461
461
461
461
463
461
462
461
462
462
462
462
563
563
560
555
554
552
547
547
546
544
542
542
540
538
538
538
536
536
536
535
534
534
534
532
532
529
527
524
524
527
530
530
528
528
528
527
527
527
526
526
526
526
525
524
524
524
528
528
523
523
523
523
523
523
522
523
523
523
522
522
522
521
521
521
420
420
425
425
428
433
436
436
438
441
442
443
444
445
446
446
447
448
453
450
450
450
450
451
453
453
453
453
453
454
454
454
454
455
456
456
456
456
457
457
457
458
458
458
458
458
458
459
459
459
460
460
460
460
461
461
464
464
466
466
462
462
462
462
568
568
562
560
552
551
549
547
546
543
542
542
542
540
540
539
537
536
535
532
533
532
532
532
532
532
531
531
532
532
529
529
529
528
528
528
527
527
527
526
526
525
525
525
525
525
524
524
524
524
523
523
523
523
523
522
521
521
521
521
521
521
521
521
419
419
423
427
428
431
435
436
437
438
442
442
442
444
444
445
446
446
447
449
449
449
450
451
451
452
452
452
451
451
451
454
456
456
456
453
456
456
456
457
456
457
457
457
458
458
458
458
458
458
459
458
459
457
459
459
460
460
460
460
462
463
463
463
538
538
533
528
527
523
523
521
521
521
519
518
518
518
518
517
518
517
517
517
517
517
517
517
517
517
517
517
516
516
516
516
516
516
516
516
516
516
515
516
516
516
516
516
516
516
516
516
516
516
515
515
515
515
515
515
515
515
515
515
515
515
514
515
422
422
436
436
439
446
449
451
451
453
454
456
456
459
459
460
462
462
462
462
462
463
464
464
465
465
466
466
466
466
466
467
467
467
468
466
468
468
468
469
468
469
468
469
469
469
470
471
471
470
470
470
470
470
470
470
470
470
470
470
470
470
470
470
555
555
553
545
542
540
538
538
536
533
533
532
530
528
528
528
525
525
525
524
523
523
523
524
522
521
512
520
518
519
519
519
519
518
518
518
517
516
516
516
515
515
516
516
516
516
516
516
516
516
516
515
515
516
518
520
520
515
515
514
514
514
514
513
431
431
435
441
443
443
445
446
448
449
449
454
456
455
457
457
459
459
459
459
460
460
461
462
462
463
463
464
465
467
467
467
466
466
466
467
467
467
467
467
468
469
469
469
469
469
468
470
470
470
470
470
471
470
471
467
470
468
470
468
469
469
470
471
554
554
549
546
542
539
537
537
535
534
532
531
530
530
529
529
526
526
526
525
524
524
522
522
523
523
520
519
519
519
518
518
518
518
518
518
518
518
516
516
516
514
514
516
516
516
516
515
514
514
514
512
512
513
513
513
512
513
513
513
513
514
516
516
430
430
431
434
438
440
441
445
447
449
450
450
450
453
454
454
455
456
457
457
457
459
461
460
461
461
461
461
463
463
464
466
466
465
464
465
466
467
467
467
467
467
468
467
468
466
468
467
467
467
468
468
469
470
471
471
471
471
471
471
471
471
471
472
561
561
550
546
545
543
539
539
538
536
534
531
531
531
529
529
529
528
528
528
526
526
525
524
518
518
521
521
521
520
520
519
519
519
519
518
517
517
515
519
515
516
514
514
514
513
513
511
514
513
514
513
513
513
513
514
513
513
513
514
514
515
515
515
429
429
429
429
436
439
441
443
446
449
449
449
453
454
456
456
456
456
456
458
460
460
459
458
458
453
461
462
462
462
464
465
466
466
466
466
466
467
466
467
467
468
468
468
469
469
469
469
469
468
469
468
470
470
470
472
469
472
470
472
471
471
471
471
558
558
553
552
552
552
549
545
544
542
539
537
534
532
530
528
528
527
526
526
522
523
522
522
521
521
521
521
521
519
519
518
518
517
517
517
517
517
518
517
517
517
515
516
514
515
514
515
515
516
517
517
519
516
518
517
517
517
515
513
513
513
512
511
432
432
437
438
441
442
443
447
447
449
449
449
450
451
452
451
452
452
453
454
454
453
453
454
456
459
459
459
460
461
461
462
462
462
464
462
462
462
465
465
465
465
467
469
469
469
470
470
471
471
471
471
471
471
471
471
471
471
471
470
469
467
467
467
541
541
534
528
525
523
521
518
518
518
518
516
514
514
514
512
511
510
510
513
513
512
512
512
512
511
511
511
512
512
512
512
512
512
512
519
519
512
512
512
512
512
512
513
513
512
507
507
511
511
511
511
513
513
512
512
512
512
510
510
511
511
512
512
435
435
442
445
449
453
454
457
458
460
463
464
464
465
466
466
467
466
467
470
470
470
470
470
470
471
471
471
469
471
471
471
470
470
470
470
470
470
471
471
471
471
474
474
473
472
471
471
471
471
471
471
471
471
471
471
471
471
472
472
471
470
470
472
547
547
543
538
536
532
532
532
532
527
525
524
524
519
518
517
515
515
515
514
513
513
512
512
512
512
512
512
512
512
511
511
512
512
512
512
512
512
512
510
510
510
511
511
511
511
512
513
513
512
512
512
512
512
512
511
512
513
513
512
512
512
513
513
434
434
439
444
451
454
456
458
458
459
462
463
463
463
464
467
467
467
467
467
467
468
469
468
466
466
470
470
468
468
471
471
470
467
467
470
470
470
470
472
472
471
470
469
469
471
471
471
471
471
471
469
469
468
469
470
470
471
471
471
470
470
470
470
550
550
544
540
537
536
536
528
527
527
525
531
526
526
520
519
518
517
517
517
516
515
514
515
514
514
514
514
514
515
514
514
514
514
514
513
513
513
514
514
514
514
514
514
515
513
513
513
513
513
513
514
514
514
514
513
513
513
513
513
513
513
515
515
431
431
437
440
443
448
450
453
456
456
460
460
460
462
463
464
464
464
464
463
467
467
467
468
467
468
467
468
461
468
468
468
468
470
470
470
470
469
469
469
469
469
469
469
469
469
469
469
467
469
469
469
469
469
469
469
468
468
469
469
469
468
469
469
552
552
547
543
539
536
530
529
527
527
525
523
523
522
520
519
518
518
518
517
517
515
515
516
516
515
514
514
514
514
514
514
514
514
513
513
513
513
514
514
512
511
512
513
513
513
514
514
513
513
513
513
513
513
512
512
514
515
517
517
513
513
513
513
430
430
435
439
441
447
450
454
456
457
458
460
460
461
461
461
464
456
465
465
466
466
466
466
467
473
467
470
468
469
468
469
468
465
465
468
468
467
467
469
469
469
469
469
468
468
468
469
469
469
468
468
468
469
469
469
469
469
469
469
468
467
467
469
554
554
548
544
535
535
535
531
531
529
526
523
522
522
522
522
520
520
519
519
519
516
516
516
516
516
515
515
515
515
514
514
514
514
514
514
514
514
514
514
513
513
514
514
514
514
514
514
514
512
512
513
513
513
513
513
513
514
514
513
513
513
514
514
429
429
435
437
443
447
452
452
452
454
454
458
460
461
462
463
463
463
465
466
466
466
466
466
470
473
473
467
467
468
468
466
466
467
469
469
468
468
468
468
468
468
468
468
468
468
467
467
469
469
469
469
468
469
469
469
468
468
469
469
469
467
467
467
532
532
525
520
517
515
515
515
514
514
514
514
513
513
511
513
513
514
514
514
514
514
515
515
520
520
519
517
517
516
516
516
516
516
517
516
516
516
516
517
517
517
517
516
516
518
518
518
518
518
518
518
519
519
519
518
519
519
519
519
519
518
518
519
433
433
442
447
455
457
465
466
467
467
470
472
472
472
472
472
472
473
473
473
473
472
472
472
473
473
472
472
473
473
473
471
470
470
472
472
472
472
471
471
471
471
472
471
470
470
471
471
471
469
470
470
470
470
469
468
469
469
470
470
469
469
469
469
543
543
537
531
526
526
524
519
516
515
514
514
513
513
513
510
513
512
512
512
513
513
513
505
505
513
513
513
513
514
514
514
513
513
514
514
514
514
514
514
515
515
514
513
513
516
516
515
515
515
515
516
516
516
516
516
516
516
516
516
516
516
516
517
434
434
442
447
455
460
464
465
467
467
469
470
470
470
469
471
472
472
472
472
472
472
472
473
473
472
472
472
472
472
472
472
472
472
472
472
472
471
470
470
469
471
467
469
469
470
471
471
471
471
470
470
470
470
471
473
473
470
470
470
470
470
468
468
546
546
538
538
528
525
522
520
518
515
515
515
514
513
514
518
518
511
511
511
511
511
512
512
512
512
512
512
512
512
513
513
513
513
514
513
514
512
514
514
514
514
514
513
514
514
516
516
516
516
516
517
517
517
517
517
517
518
518
518
518
518
518
519
405
405
442
454
469
461
469
465
465
465
466
468
468
468
468
472
470
470
469
469
469
469
470
470
469
469
469
469
469
469
469
473
473
469
469
469
469
468
467
467
460
469
471
471
465
465
468
469
470
470
466
466
468
468
468
468
468
467
467
467
467
467
467
467
550
550
548
535
531
530
529
520
520
517
517
518
518
515
515
514
514
514
514
514
514
513
513
514
514
514
514
514
514
514
514
514
514
514
515
515
515
515
515
515
515
515
512
511
508
508
515
517
517
517
519
519
519
520
520
520
520
522
522
524
524
523
523
523
425
425
434
438
444
449
454
454
454
455
458
459
459
459
459
459
459
460
460
460
460
460
460
460
460
460
460
460
460
460
459
459
458
459
459
460
460
459
459
459
459
459
459
457
445
457
458
458
456
456
456
457
457
457
457
457
457
457
457
457
457
457
457
454
565
565
554
547
541
538
537
533
530
527
527
525
525
523
523
523
523
523
524
523
523
523
523
523
523
522
522
522
522
523
523
523
523
523
523
523
523
523
523
524
524
524
524
524
524
524
524
525
525
524
524
525
525
525
525
525
525
524
524
532
541
541
530
525
416
416
430
432
440
445
450
452
455
457
457
458
458
459
459
459
460
460
460
460
460
460
460
461
460
460
460
460
460
460
460
460
460
460
460
460
460
459
458
458
459
459
459
457
457
458
458
458
458
456
456
456
458
457
458
457
457
457
457
458
459
459
457
457
