369
369
373
375
378
380
381
386
386
386
386
387
388
389
390
391
391
391
392
393
395
395
395
395
396
397
398
398
399
399
399
400
400
400
400
400
402
402
403
403
404
404
404
405
405
405
403
403
403
406
407
407
407
408
408
408
409
409
409
409
409
410
410
410
665
665
656
647
645
641
639
638
632
630
628
625
623
621
621
617
616
614
610
609
610
609
605
604
603
601
600
599
598
598
596
595
593
593
590
590
590
590
589
589
589
589
586
585
584
584
584
583
580
581
581
581
581
580
583
579
579
579
579
579
578
577
577
577
313
313
323
325
336
337
337
340
347
352
356
356
358
360
363
365
368
371
371
373
374
375
377
379
380
381
381
382
384
386
387
387
387
389
391
391
392
393
393
395
396
396
397
398
398
399
400
400
403
403
405
402
403
403
404
404
407
407
406
406
406
406
408
408
663
663
655
648
644
640
637
634
634
631
630
622
620
620
620
619
615
613
611
609
609
607
604
603
601
600
598
597
596
595
594
593
593
591
589
588
588
588
586
586
585
584
584
583
582
581
580
580
580
579
579
579
578
578
577
577
577
577
577
576
575
574
574
573
314
314
321
327
334
335
338
341
344
347
350
352
356
358
360
363
368
368
374
374
374
374
376
377
377
377
379
382
383
384
385
386
387
388
390
392
392
393
393
394
395
396
397
398
398
398
399
399
401
402
403
403
403
403
404
405
405
406
406
406
404
404
408
408
662
662
654
648
643
640
637
634
632
629
626
623
622
620
617
614
614
614
611
609
608
604
604
603
601
600
597
597
595
596
595
593
592
591
590
588
587
588
587
586
583
583
583
583
583
581
581
581
580
580
578
578
578
578
577
576
576
575
575
574
574
574
574
573
316
316
320
325
333
336
336
341
343
346
348
354
357
358
360
361
364
365
369
373
371
373
374
376
379
379
381
383
383
384
384
387
388
388
389
389
391
393
394
394
396
396
396
398
399
399
399
400
400
400
400
403
403
403
404
405
405
406
403
406
407
407
408
409
664
664
656
648
640
639
639
633
631
629
625
624
621
620
617
616
613
613
610
609
608
605
604
602
601
600
597
596
596
596
594
593
591
590
589
588
587
586
586
585
584
583
582
581
581
581
580
580
579
578
577
576
576
576
575
575
575
572
573
573
573
573
571
571
319
319
320
326
330
336
337
338
343
347
349
352
353
357
358
362
366
370
370
371
371
373
375
377
377
377
380
382
384
385
385
387
388
388
388
390
391
392
392
394
396
395
396
397
398
399
399
399
401
401
402
403
403
404
404
404
405
406
406
407
407
407
408
409
662
662
653
646
645
639
634
632
631
628
626
624
622
620
618
616
613
610
608
608
605
603
604
603
599
599
597
595
594
594
593
592
591
591
590
588
586
586
585
585
584
583
582
581
581
580
579
579
579
578
578
577
576
575
575
572
573
573
573
573
572
571
571
571
309
309
320
326
330
336
336
337
343
345
348
351
354
359
359
361
361
363
367
368
370
371
372
375
380
380
380
381
383
383
385
385
387
389
390
390
395
395
394
393
394
395
395
396
398
398
400
401
401
402
403
403
403
403
405
405
406
406
407
407
407
408
409
409
615
615
601
591
583
573
573
569
567
566
563
563
562
562
561
561
560
559
559
559
556
556
558
558
558
557
557
556
556
555
555
554
554
554
554
554
554
554
553
553
553
553
552
552
552
552
552
552
552
552
552
552
551
551
551
551
551
551
551
551
551
550
550
550
334
334
345
354
361
366
372
374
377
385
389
393
396
399
401
403
405
406
407
410
411
411
412
414
415
416
417
417
418
418
419
419
421
421
422
422
423
423
423
422
424
424
425
425
425
428
428
426
426
427
427
427
427
427
428
428
428
428
428
429
429
429
429
429
653
653
630
623
615
609
605
598
595
590
588
583
581
577
575
572
570
568
567
564
564
563
563
561
561
560
560
559
558
557
557
556
556
554
552
552
552
554
554
554
553
553
553
553
552
552
552
552
552
552
552
552
552
552
551
551
551
551
551
551
551
551
550
550
329
329
343
350
358
369
373
373
378
381
386
386
394
397
398
400
402
404
404
408
409
410
412
414
415
415
416
417
418
418
419
420
421
421
422
423
423
423
424
424
425
425
425
425
426
426
426
426
427
427
427
428
428
428
428
427
427
429
429
429
429
430
430
430
643
643
632
625
618
612
607
595
592
592
589
584
581
579
573
572
570
569
567
565
564
563
562
561
559
558
558
558
557
556
556
556
555
555
555
554
554
554
553
553
553
553
553
553
553
552
552
552
552
552
552
551
552
552
552
551
551
550
550
550
549
549
549
549
330
330
344
349
356
361
369
372
380
381
385
388
389
395
398
398
402
404
406
407
409
411
412
413
414
415
416
417
418
419
419
420
421
422
425
423
424
424
424
424
425
425
425
426
426
426
427
427
427
428
428
428
429
429
429
429
430
430
431
431
430
430
431
431
643
643
633
625
619
613
608
603
598
593
589
585
581
578
575
572
570
566
566
565
563
562
561
560
559
559
558
558
557
556
556
555
555
555
555
554
553
553
553
553
552
552
552
552
552
552
551
551
551
551
551
550
550
550
550
550
550
549
549
548
548
549
549
549
330
330
340
349
355
361
368
373
375
381
384
390
391
394
398
400
402
404
406
409
411
411
412
413
414
415
417
417
417
417
419
420
420
421
422
422
422
423
423
424
424
425
426
426
426
426
427
427
427
427
428
429
429
429
429
430
430
430
430
430
431
430
431
431
644
644
635
627
619
613
608
603
600
594
589
584
580
579
575
574
570
568
566
565
563
563
562
560
559
558
557
557
556
556
555
555
554
554
554
553
553
553
553
552
552
552
552
552
551
551
551
551
551
550
550
550
549
549
550
550
549
549
549
549
548
548
548
548
330
330
340
348
355
357
366
371
376
380
384
387
391
394
397
400
403
404
406
408
409
410
411
412
414
415
416
416
417
418
420
420
420
420
421
422
422
423
423
424
424
425
425
426
426
426
427
427
428
428
428
429
429
429
429
430
430
430
430
431
434
434
431
431
603
603
584
573
564
559
557
554
553
552
551
549
549
549
548
548
548
548
548
547
546
546
546
546
546
546
545
545
545
545
545
545
545
545
545
544
544
544
544
544
543
543
543
543
543
543
543
543
543
543
543
543
543
545
543
543
542
543
543
543
543
543
543
543
355
355
364
389
391
391
394
400
402
404
407
409
411
414
415
415
416
417
418
419
420
421
421
422
422
424
425
425
425
425
426
427
428
429
429
430
430
430
431
431
430
430
432
433
433
433
433
434
434
434
434
434
434
434
434
435
436
436
436
436
436
436
437
437
622
622
609
594
584
575
570
566
563
561
559
557
556
555
554
554
552
552
551
550
550
550
549
548
548
547
546
546
546
548
548
545
544
544
544
544
544
543
543
543
543
543
543
543
543
542
542
542
542
542
542
542
542
542
542
541
541
541
541
541
542
541
541
541
350
350
362
373
381
390
396
400
403
405
408
410
413
414
414
415
416
417
418
419
420
420
421
423
424
424
425
426
426
426
428
428
430
430
431
431
431
432
432
433
434
433
434
435
435
435
435
436
436
436
436
436
437
437
437
438
438
438
438
443
438
439
439
439
625
625
610
597
585
577
573
567
563
560
558
558
556
555
554
553
552
551
548
546
546
545
545
545
546
546
545
545
546
546
545
545
544
544
544
542
544
540
543
543
543
543
543
543
543
543
543
543
543
543
543
544
544
543
542
541
541
542
542
543
543
543
543
543
371
365
371
376
385
393
399
406
409
410
410
412
416
417
419
420
421
422
422
423
424
426
428
428
428
428
428
429
432
432
432
433
433
433
434
434
435
435
436
436
436
436
437
437
437
437
437
438
437
438
439
442
439
440
440
440
440
440
440
440
440
440
440
440
621
621
607
595
584
580
576
564
560
557
555
554
552
551
549
549
548
547
546
546
545
544
544
543
543
543
542
541
541
540
540
540
540
540
540
539
539
539
539
539
539
538
538
538
538
538
538
538
538
538
538
538
537
537
537
537
538
538
538
537
537
537
537
537
352
352
366
375
385
397
399
403
407
409
412
414
414
417
418
419
420
421
422
423
424
425
425
425
425
427
428
428
430
431
431
431
432
433
433
433
433
434
434
435
435
436
436
436
435
436
436
437
436
437
437
438
438
438
438
438
438
439
439
439
438
437
437
440
621
621
607
594
584
574
568
563
560
557
555
553
552
550
549
549
548
547
546
546
545
545
544
544
543
543
543
542
542
542
542
541
541
540
540
540
540
540
540
539
539
539
539
539
539
539
538
539
538
538
538
542
542
538
538
538
538
538
538
538
538
538
538
538
351
351
364
375
384
392
398
403
406
409
411
413
415
416
417
418
419
420
421
422
423
423
424
424
427
427
427
428
428
429
430
431
431
431
431
432
439
433
434
434
434
435
435
435
435
436
436
436
436
436
437
437
437
437
437
438
438
438
438
439
439
439
439
439
564
564
555
550
546
545
543
542
541
541
540
540
539
539
539
539
539
539
539
539
539
539
539
539
540
540
540
540
540
540
541
541
541
541
541
541
544
544
551
543
550
542
542
541
541
541
541
541
542
542
541
540
540
540
540
540
540
540
540
540
539
539
539
539
374
374
385
389
397
398
401
403
409
410
412
412
414
416
419
421
421
421
423
424
426
427
428
429
430
431
432
432
433
433
433
433
435
435
435
435
436
437
437
437
438
438
438
438
439
439
439
439
440
440
440
440
440
440
441
441
441
441
441
441
441
442
442
442
586
586
572
561
557
557
557
553
549
548
547
547
546
546
545
545
545
545
544
544
543
543
542
542
542
542
544
544
542
541
541
541
540
540
540
540
540
540
540
540
539
539
539
539
539
539
539
539
538
538
538
538
538
538
538
536
532
536
538
538
537
536
536
533
397
386
392
392
396
399
402
405
407
409
410
414
414
414
417
419
421
422
424
426
427
428
430
430
432
432
432
434
435
435
436
436
436
437
438
438
438
438
439
439
440
440
440
440
440
440
440
441
441
441
441
441
442
442
442
442
441
441
442
442
442
442
442
442
589
589
575
567
562
558
554
552
549
547
547
547
545
545
544
543
542
541
541
540
540
539
539
539
538
538
538
538
538
537
537
537
537
537
536
536
536
536
536
536
536
536
536
535
535
535
535
535
535
535
534
534
534
534
534
534
534
534
534
535
535
534
534
534
376
376
389
395
398
402
405
407
409
410
413
415
416
420
421
421
423
424
426
427
428
430
431
431
433
434
434
435
436
439
437
437
437
438
438
438
438
439
439
440
440
440
440
440
440
441
441
441
441
442
442
442
442
442
442
443
443
443
443
443
443
443
443
444
586
586
574
566
559
554
551
549
547
545
543
543
542
541
540
540
539
538
538
537
536
536
535
535
535
534
534
533
533
533
533
533
532
533
533
533
532
532
532
532
532
532
532
532
532
532
532
532
531
531
531
531
531
531
531
531
531
531
531
531
531
531
531
531
380
380
393
402
405
407
409
411
414
416
417
420
421
424
424
426
427
428
430
431
431
434
436
436
436
437
437
439
439
439
439
440
440
441
441
441
441
446
446
445
442
443
443
443
443
443
443
444
444
444
444
444
444
444
444
445
445
445
444
445
445
445
445
445
590
590
574
565
559
555
550
550
548
544
543
541
540
539
538
538
537
536
536
535
534
534
534
533
533
532
532
532
531
531
531
532
532
531
531
529
529
531
531
531
531
531
531
533
533
531
531
530
530
530
530
530
530
530
530
530
530
530
530
530
530
530
530
530
381
381
394
400
408
409
412
414
416
417
420
421
423
425
427
428
431
435
435
435
435
435
436
438
439
439
440
440
440
440
440
441
441
441
441
442
442
442
443
443
443
443
443
443
443
443
444
444
444
444
444
444
444
444
444
445
444
444
444
444
445
445
445
445
