480
480
480
480
480
479
479
479
480
480
480
480
480
480
480
480
480
480
480
480
481
480
480
480
480
480
480
480
480
481
481
480
480
480
480
480
480
480
480
480
480
481
480
480
480
480
480
470
480
480
481
481
480
480
480
480
480
480
480
481
480
480
479
477
575
575
573
571
570
569
569
567
567
566
566
566
565
565
565
564
564
564
563
563
563
562
561
562
561
561
561
561
560
560
560
560
560
559
559
559
559
558
558
558
558
558
561
557
557
557
557
556
556
556
557
556
556
556
555
556
555
545
545
537
554
557
557
552
369
369
380
380
383
386
386
388
390
392
397
398
399
402
403
402
405
406
407
408
408
410
411
412
412
413
413
414
415
416
416
417
418
418
418
418
418
419
420
421
421
421
422
422
422
423
423
424
424
424
424
424
425
425
427
427
428
428
428
426
426
427
427
427
611
611
606
601
599
598
593
591
590
588
586
586
584
583
582
580
580
579
578
577
577
577
575
574
574
573
573
573
574
571
574
570
569
568
567
567
567
566
566
566
565
565
565
564
564
564
563
563
562
562
561
561
561
561
561
561
561
560
560
560
560
560
559
559
369
369
378
378
378
382
384
387
387
387
390
393
393
393
395
397
399
400
400
401
401
402
403
405
405
405
406
407
406
408
409
409
410
412
412
412
413
414
415
414
415
415
417
417
417
417
417
418
419
419
419
420
419
420
421
421
422
426
422
422
422
423
423
423
619
619
612
608
604
601
599
597
596
593
593
590
590
588
587
586
583
583
590
590
586
580
572
547
572
576
576
577
575
574
573
566
571
571
571
571
571
575
575
575
568
567
566
566
566
565
565
564
564
563
563
563
562
562
561
561
561
561
561
560
560
559
559
558
374
373
374
377
384
384
387
388
390
392
393
398
398
398
399
401
401
401
403
404
404
405
408
408
408
409
410
410
411
411
412
413
414
414
416
416
416
416
416
417
418
418
419
419
419
419
420
421
421
422
423
423
423
423
423
424
424
424
424
424
424
425
426
426
616
616
609
605
601
599
597
595
595
594
591
590
589
586
586
586
584
583
583
581
581
580
580
579
577
577
577
576
576
576
574
574
574
572
572
572
571
571
571
570
569
568
568
568
567
567
567
567
566
565
566
565
564
564
564
563
563
563
563
562
562
562
562
561
364
364
370
374
376
379
381
383
385
386
387
389
391
392
393
395
396
397
397
397
401
402
402
402
403
404
405
405
405
407
408
409
409
410
410
410
412
412
412
412
413
418
418
416
416
416
416
418
418
418
418
419
419
419
419
419
420
420
421
421
422
422
422
422
612
619
619
609
606
603
599
592
597
593
594
594
594
591
591
590
585
585
585
586
585
582
582
581
580
579
578
578
577
576
576
575
574
573
572
572
571
571
571
571
570
567
567
567
567
567
567
566
566
565
565
565
564
563
563
562
562
562
561
561
557
557
559
559
367
367
373
375
381
382
383
385
389
390
390
392
394
394
395
398
399
400
402
402
402
403
407
407
407
407
407
408
408
410
410
411
412
412
413
413
414
414
415
415
416
416
416
417
417
418
418
418
419
420
420
420
420
421
422
422
423
423
423
423
423
423
423
423
588
588
582
575
572
568
566
562
560
559
557
554
554
554
552
551
550
550
549
549
547
546
545
545
545
545
544
543
543
543
543
543
543
545
545
541
541
541
541
541
541
541
541
541
541
540
539
539
538
538
538
537
538
537
537
537
537
537
536
536
536
536
536
536
380
380
384
386
390
392
394
397
398
402
408
407
408
410
410
410
414
414
416
417
419
420
420
423
424
423
415
415
425
426
427
427
427
428
428
429
429
430
431
431
431
432
433
434
443
435
435
435
435
436
437
438
438
439
439
439
440
440
440
440
437
437
440
442
606
606
602
602
598
594
590
588
588
586
584
583
583
583
580
577
574
574
573
570
569
567
567
567
566
564
563
563
562
561
561
560
559
559
559
558
558
563
563
555
554
554
553
553
552
551
551
549
548
548
548
547
547
546
546
546
546
545
545
545
545
545
545
544
373
373
377
382
384
385
391
392
393
394
398
398
398
400
404
404
405
408
409
410
411
413
413
415
415
416
417
417
418
419
419
420
420
421
422
422
423
423
425
425
426
427
427
428
429
429
430
432
433
433
434
435
435
436
436
437
438
438
438
439
440
440
440
440
609
609
605
602
599
595
593
593
591
588
586
585
585
583
580
578
576
575
574
573
570
569
569
569
568
567
565
565
565
564
564
563
562
561
561
561
560
559
559
557
556
555
555
554
553
553
551
550
550
550
549
549
549
548
548
548
547
546
532
546
546
546
545
545
373
373
376
379
382
384
387
387
389
391
395
397
399
402
403
402
403
406
408
409
409
409
411
411
412
413
413
414
415
416
417
418
418
419
420
420
422
423
424
424
424
425
427
427
427
428
429
429
430
431
431
431
432
434
435
436
436
437
437
438
438
439
439
439
611
617
611
604
601
598
596
594
593
591
589
587
585
583
582
581
579
578
576
575
573
572
572
572
569
569
568
567
566
566
565
564
564
564
563
561
561
560
560
558
558
558
556
556
554
554
551
551
551
551
550
549
548
548
547
547
546
546
545
545
545
544
544
544
368
368
374
379
380
384
386
388
391
391
388
388
390
398
401
403
404
405
406
407
408
410
410
411
413
413
414
414
415
415
416
417
418
418
418
420
421
422
423
424
424
426
427
428
428
430
430
430
430
432
432
433
435
435
436
436
438
438
438
438
438
439
441
441
608
608
605
601
598
586
586
590
590
587
587
586
581
579
578
576
574
571
570
570
568
566
566
564
563
562
560
560
559
558
557
557
557
556
555
553
552
552
552
547
547
547
546
546
544
543
542
542
542
540
538
538
538
536
536
536
536
535
534
534
534
533
533
533
392
392
395
398
400
402
405
406
407
409
411
412
414
415
417
417
417
419
420
421
422
423
425
427
426
427
426
427
427
428
429
430
430
431
431
432
432
434
435
434
435
435
436
437
437
438
438
439
439
440
441
441
442
443
443
444
444
444
444
444
444
444
444
444
564
578
577
577
570
562
558
555
552
550
550
546
542
539
537
535
534
534
532
532
531
531
531
530
529
529
528
528
528
528
532
532
527
527
527
527
527
527
527
527
526
526
526
526
526
525
525
525
525
525
525
525
525
526
526
526
526
526
526
527
527
526
526
527
393
393
398
403
408
411
415
417
423
429
427
429
430
433
434
433
435
437
439
440
441
445
447
447
447
448
449
449
449
450
450
450
451
451
451
453
453
452
452
452
452
452
453
454
454
455
460
461
460
462
466
467
467
465
463
461
461
458
458
460
462
462
462
464
550
550
543
543
538
535
530
527
530
524
521
520
521
519
519
519
523
529
538
540
546
547
547
545
544
544
544
545
546
545
544
542
540
539
537
537
537
537
537
537
534
533
533
533
533
533
532
531
530
530
529
529
529
528
528
528
528
527
527
532
532
527
527
527
393
393
398
402
405
411
415
421
422
424
426
428
430
433
434
437
439
439
441
442
443
445
445
447
447
448
449
449
450
452
452
453
456
454
458
455
455
455
456
456
457
457
457
457
457
458
458
458
458
458
458
458
458
459
459
459
459
459
458
458
459
459
459
459
551
584
578
578
576
573
566
566
563
562
559
558
555
552
549
549
548
545
543
543
543
541
538
538
536
536
535
532
532
531
529
529
529
529
529
528
528
527
526
526
526
525
525
525
525
525
525
525
525
525
525
525
525
524
524
523
523
524
524
515
515
514
524
526
388
388
398
400
403
412
415
415
418
424
425
427
430
432
433
435
436
438
441
444
443
443
443
446
447
447
449
450
450
451
451
452
453
454
454
455
455
455
455
455
456
456
460
460
457
457
457
457
457
457
458
458
458
458
458
458
458
458
458
458
458
459
459
458
588
588
583
579
575
571
569
565
562
561
555
554
554
551
550
547
546
544
543
541
540
539
538
536
534
532
531
531
530
530
533
533
527
527
526
526
526
526
526
526
525
525
524
523
524
524
524
523
523
524
524
524
523
523
523
523
523
523
523
523
523
523
523
523
396
396
401
405
409
412
416
418
422
424
426
427
430
431
433
433
435
438
441
442
443
444
445
445
448
448
452
452
451
451
452
452
453
453
453
454
455
455
455
456
456
456
457
457
457
457
457
457
457
457
458
457
458
458
458
458
459
459
459
458
458
458
458
458
595
595
584
580
576
572
567
566
563
561
558
556
554
552
550
548
546
544
543
541
538
538
536
535
534
532
531
531
529
528
528
528
528
527
526
526
526
526
525
525
524
524
524
524
524
524
524
524
523
523
523
523
523
524
524
523
523
523
523
523
523
523
527
527
397
397
401
406
409
413
416
419
422
425
425
429
431
433
436
436
438
441
444
454
454
445
445
446
448
448
448
451
451
453
453
453
454
455
455
455
455
455
456
457
457
457
457
458
458
458
459
459
459
459
458
458
458
459
459
459
459
459
459
459
459
459
459
459
562
562
554
540
539
533
529
528
527
523
523
522
522
522
522
522
522
522
522
522
522
522
522
522
522
522
522
523
523
523
523
523
523
523
524
524
524
524
524
524
524
524
524
524
525
531
525
524
523
523
523
523
523
522
522
523
523
523
523
522
522
522
522
522
416
416
426
434
440
441
451
451
454
472
472
462
462
463
463
463
463
464
464
464
463
463
463
464
464
464
464
463
463
463
464
464
473
463
463
462
462
462
462
462
462
462
462
463
462
462
462
462
462
460
461
455
461
461
461
461
461
461
461
460
460
460
460
460
570
570
560
552
546
540
535
531
528
524
522
521
517
517
517
516
515
515
516
516
514
514
514
514
514
514
511
511
512
513
513
513
514
514
514
514
514
514
514
515
514
514
514
514
515
515
515
515
515
516
516
516
515
515
515
516
516
516
516
516
516
520
516
516
431
431
431
439
446
449
454
456
458
460
464
465
466
466
468
468
468
468
467
468
467
467
467
467
467
467
467
467
467
467
467
467
466
466
466
466
466
465
465
465
466
466
465
465
465
465
464
465
465
465
467
465
465
464
463
460
463
462
463
464
464
464
464
464
560
560
553
544
538
531
527
524
521
518
517
514
514
512
511
511
509
509
510
510
509
509
508
508
508
508
508
508
508
508
508
509
508
509
508
508
508
509
509
509
509
509
509
509
509
509
509
510
510
510
510
509
509
510
510
510
516
510
511
511
511
511
511
511
430
430
439
447
451
456
459
460
464
466
467
467
468
469
470
470
473
473
471
471
471
470
470
470
470
470
470
469
469
469
469
469
469
469
469
469
469
468
468
468
467
467
467
467
467
466
466
465
466
466
466
466
466
466
466
466
465
465
465
465
464
464
464
465
559
559
552
538
533
533
528
523
522
521
514
513
512
511
510
509
509
508
508
508
507
507
508
508
507
507
507
507
507
507
507
507
507
507
507
507
507
507
507
507
506
506
507
507
507
506
507
507
507
508
508
507
507
507
507
507
507
508
508
511
511
511
508
508
435
435
442
442
453
457
460
463
464
468
471
471
471
471
472
472
472
472
472
472
472
472
472
472
472
472
472
471
472
473
473
472
472
472
471
471
471
472
471
472
471
472
471
471
471
475
475
470
470
469
469
470
470
470
469
470
469
469
469
469
469
469
469
468
553
553
544
537
532
527
524
519
517
514
512
510
509
507
506
507
506
507
506
505
504
504
504
504
505
505
489
489
503
503
503
503
503
503
503
503
501
501
503
503
503
503
503
503
503
503
503
503
503
503
503
504
504
504
504
504
504
504
504
504
504
504
504
504
443
443
449
454
459
461
464
467
469
471
473
473
473
474
475
475
475
475
475
475
475
475
474
474
474
474
478
478
473
473
473
473
473
473
474
473
473
472
472
472
472
472
471
471
471
471
471
471
471
471
471
470
471
472
472
470
470
470
471
471
470
470
469
469
