1 479
2 480
3 480
4 480
5 479
6 480
7 479
8 480
9 479
10 479
11 479
12 479
13 480
14 480
15 480
16 479
17 479
18 480
19 480
20 480
21 480
22 480
23 480
24 480
25 480
26 480
27 481
28 481
29 480
30 480
31 480
32 480
33 480
34 483
35 483
36 481
37 480
38 480
39 480
40 480
41 480
42 480
43 480
44 480
45 481
46 481
47 480
48 480
49 481
50 481
51 480
52 480
53 480
54 480
55 480
56 479
57 479
58 479
59 479
60 480
61 480
62 480
63 479
64 480
1 543
2 543
3 543
4 541
5 537
6 533
7 533
8 533
9 533
10 532
11 530
12 530
13 529
14 529
15 529
16 529
17 529
18 529
19 529
20 529
21 529
22 529
23 526
24 526
25 528
26 528
27 528
28 528
29 528
30 529
31 529
32 527
33 527
34 527
35 528
36 528
37 528
38 528
39 528
40 528
41 528
42 528
43 528
44 528
45 528
46 528
47 528
48 528
49 528
50 528
51 528
52 528
53 528
54 528
55 530
56 530
57 528
58 528
59 527
60 527
61 528
62 528
63 528
64 527
1 401
2 401
3 405
4 411
5 412
6 418
7 420
8 423
9 423
10 423
11 427
12 428
13 428
14 430
15 434
16 435
17 435
18 437
19 439
20 439
21 439
22 439
23 439
24 439
25 437
26 441
27 443
28 445
29 446
30 446
31 445
32 445
33 447
34 448
35 447
36 448
37 450
38 450
39 450
40 450
41 450
42 450
43 451
44 450
45 451
46 451
47 452
48 452
49 452
50 452
51 453
52 454
53 453
54 453
55 453
56 454
57 454
58 454
59 454
60 455
61 456
62 456
63 457
64 457
