355
355
359
364
365
366
368
370
373
373
373
375
376
380
380
380
380
380
382
384
384
384
384
384
386
386
386
387
388
389
390
390
390
391
392
392
392
393
393
393
395
395
396
396
396
397
397
398
398
398
399
399
399
400
400
400
401
401
401
402
402
402
402
403
675
675
669
665
655
650
647
644
641
638
633
632
631
629
627
624
621
624
621
618
616
615
613
612
610
609
608
608
607
606
604
603
601
600
600
599
598
598
598
597
595
594
593
593
593
592
592
591
590
590
589
588
589
588
587
587
587
585
585
585
583
583
583
582
303
303
310
316
318
323
326
329
332
335
337
341
342
344
346
348
350
350
351
353
358
359
360
362
363
365
368
368
369
371
371
372
373
373
375
376
376
378
378
381
384
382
384
390
390
388
386
386
387
388
388
389
390
390
390
392
392
393
393
393
395
395
395
395
652
663
658
658
653
648
647
643
640
635
633
633
631
628
626
625
624
621
619
618
616
614
614
612
611
610
607
607
606
605
604
603
601
600
599
599
598
597
596
596
595
594
593
592
592
592
590
589
589
588
587
587
587
586
585
584
584
583
583
581
581
581
580
579
302
302
309
314
322
324
329
329
332
333
336
341
342
344
344
348
348
350
351
353
356
357
358
360
362
363
364
365
367
368
369
370
371
371
373
375
376
376
377
379
379
381
381
382
384
384
384
385
386
388
388
389
390
389
390
389
391
391
392
394
395
395
397
397
671
671
662
657
653
649
646
643
640
638
635
635
631
628
626
624
624
623
619
618
617
613
612
612
611
609
609
608
605
605
604
602
601
599
599
599
599
597
596
596
595
593
593
592
591
591
591
590
589
588
587
586
586
586
585
584
583
583
581
581
581
580
579
579
300
300
312
312
317
321
322
329
331
332
334
336
340
341
343
345
347
350
352
352
354
356
358
359
360
362
363
364
366
369
370
370
370
372
372
374
375
376
377
378
379
380
381
381
381
383
385
385
385
386
388
388
388
386
386
391
391
392
394
394
394
395
396
396
678
678
664
658
653
650
647
644
641
638
635
633
633
631
627
626
623
622
621
619
618
615
615
612
611
609
608
607
605
605
604
603
602
601
600
599
597
597
596
595
594
593
592
591
591
591
589
587
587
586
588
586
584
584
583
583
582
582
582
580
580
579
578
578
300
300
307
316
318
320
322
326
329
332
334
336
338
339
340
344
345
347
350
352
355
358
359
359
361
361
362
364
367
368
368
368
370
371
372
373
374
375
376
377
378
380
381
382
383
383
384
385
385
385
387
388
390
390
391
391
394
394
393
393
395
395
395
396
672
672
664
658
654
647
647
643
641
640
636
633
631
629
627
626
625
624
618
618
616
615
613
612
611
610
608
607
605
604
603
602
600
600
600
600
599
597
596
595
594
594
592
591
590
589
589
588
588
587
587
586
584
584
584
583
581
581
579
581
579
579
578
578
300
300
307
312
317
320
323
323
329
331
333
335
336
340
342
343
345
348
350
351
353
355
355
358
359
361
364
365
365
366
368
368
373
373
371
371
374
375
376
379
382
379
382
382
382
383
385
386
387
387
388
388
389
389
390
391
392
393
393
395
395
395
396
397
625
625
612
602
594
587
575
575
573
570
567
566
566
565
564
563
562
561
560
560
560
560
558
558
557
557
557
556
556
556
555
554
554
554
554
553
553
553
553
553
552
552
552
552
551
551
551
551
550
550
550
550
550
550
550
549
549
549
549
548
548
548
548
548
316
316
328
334
341
347
353
363
364
368
372
376
380
383
386
392
392
395
396
398
401
402
402
403
404
406
406
406
407
408
408
409
409
410
410
410
410
410
416
416
412
412
412
412
412
412
413
413
413
412
412
414
414
414
418
420
420
415
415
415
415
415
415
415
657
657
648
638
631
626
618
613
608
604
599
595
591
588
585
582
579
579
577
575
571
571
570
567
566
566
565
564
564
563
562
562
562
561
560
559
559
559
558
558
557
557
557
556
556
556
556
556
555
555
554
554
554
552
552
552
552
552
552
552
552
552
551
551
312
312
323
331
338
344
350
356
360
366
370
374
378
382
383
388
393
395
395
396
399
400
401
402
403
405
405
407
407
407
408
408
408
409
409
409
410
411
411
411
412
412
412
412
412
413
413
413
413
413
413
414
414
414
414
414
415
415
415
415
415
415
415
416
659
659
648
640
629
626
621
616
610
605
600
597
592
589
585
582
580
578
574
574
574
573
570
568
568
567
566
565
565
564
563
563
561
561
560
560
560
559
559
558
558
557
557
557
556
555
554
554
554
554
554
554
554
554
553
552
552
552
551
551
551
551
551
551
313
313
323
331
338
345
351
356
361
366
371
375
379
383
386
389
392
396
396
396
400
403
403
403
404
406
406
406
408
408
408
409
410
411
411
411
411
412
412
412
412
413
414
414
416
416
415
415
415
415
415
415
416
415
416
416
416
416
416
416
417
417
417
417
654
654
646
637
630
624
619
613
609
604
600
595
590
587
585
581
579
577
575
573
572
570
569
568
567
566
565
564
563
562
561
561
560
560
559
558
558
557
558
557
556
556
555
555
555
554
554
553
552
552
552
552
551
551
550
550
550
550
549
549
549
549
548
547
314
314
324
333
339
344
351
356
361
367
369
372
379
381
385
389
392
395
397
399
400
402
403
404
405
405
406
409
409
409
409
410
410
410
409
409
409
412
412
412
412
412
412
412
414
414
415
415
415
415
416
416
416
416
416
417
419
417
417
417
417
417
417
417
656
656
646
644
631
625
618
615
609
603
598
598
590
587
583
580
578
576
575
573
571
570
568
567
567
566
565
564
563
563
563
562
560
559
560
559
558
557
557
557
556
556
555
553
553
554
554
553
553
553
552
552
552
551
551
551
551
547
547
550
550
550
550
550
311
311
322
327
337
343
349
354
360
364
369
370
380
381
388
389
391
393
397
399
400
401
403
403
403
404
406
407
407
409
409
409
409
410
410
410
410
412
412
412
412
412
413
413
414
414
415
414
415
415
415
415
415
416
416
416
416
416
416
417
417
417
417
417
614
614
594
581
573
567
563
561
558
556
554
554
551
550
550
548
547
547
547
547
546
546
546
545
545
545
545
545
543
543
544
544
544
543
543
542
542
542
542
542
541
541
541
541
541
541
541
541
541
541
540
540
540
540
540
540
540
539
539
539
539
539
539
539
344
344
356
364
375
392
395
399
402
405
406
406
407
408
408
408
410
411
412
413
414
414
415
416
417
417
417
417
416
418
419
419
419
419
420
421
421
421
421
421
422
422
422
422
422
423
423
423
423
423
423
423
423
423
424
424
424
424
424
424
424
424
424
424
636
636
618
606
596
587
579
577
573
570
567
565
563
561
560
557
556
554
552
550
549
549
548
547
546
546
544
543
543
542
541
540
540
539
539
539
538
538
538
537
537
536
536
536
533
533
534
534
534
534
534
534
534
533
533
533
533
533
533
533
533
533
532
532
338
338
353
364
374
383
393
397
400
403
406
408
411
414
414
413
413
416
416
417
419
420
420
420
420
424
424
423
423
424
424
424
424
425
426
427
427
428
428
427
427
428
428
428
428
429
428
428
428
428
429
430
430
430
430
430
430
430
431
431
431
431
431
431
626
626
610
595
589
581
575
570
570
566
559
557
555
553
552
548
546
546
543
542
542
541
540
539
537
536
536
536
534
534
533
533
532
530
531
531
531
530
530
529
529
529
528
528
528
528
528
528
528
528
527
527
527
527
527
527
525
525
526
526
526
526
526
526
339
339
357
366
378
385
393
397
404
407
409
412
413
415
416
418
426
420
420
420
421
422
422
423
423
424
424
425
428
430
430
427
427
427
428
427
428
428
428
428
428
429
429
429
429
429
430
430
430
430
430
430
430
431
431
431
431
431
431
431
431
431
431
431
634
634
617
602
592
581
576
568
564
564
561
559
557
554
552
551
549
547
546
545
543
542
541
541
540
538
538
537
536
535
534
534
533
533
533
532
532
531
530
530
530
529
529
529
528
528
528
528
528
528
527
527
527
527
526
526
526
526
526
526
525
525
525
525
340
340
354
366
385
390
393
399
403
407
408
411
413
415
416
416
417
417
418
420
421
421
422
422
423
423
424
424
425
426
426
426
426
426
427
427
428
428
428
428
428
428
429
429
429
430
430
430
430
430
430
430
430
431
431
431
431
431
431
431
431
431
431
431
635
635
618
604
599
582
576
571
566
565
562
559
557
554
554
551
550
548
546
545
544
541
540
540
539
538
538
537
535
535
535
534
533
533
532
532
532
531
531
531
530
530
530
529
529
529
528
528
528
528
528
527
527
527
527
527
527
527
527
527
526
526
526
527
335
335
352
364
373
385
393
397
402
407
409
407
410
413
413
415
416
416
418
419
419
419
420
421
421
422
422
422
423
424
424
424
424
424
425
426
426
426
426
426
427
426
427
428
428
428
428
427
428
428
428
428
428
429
429
429
429
429
429
429
430
430
430
430
574
574
561
554
548
543
540
537
533
533
531
530
530
530
529
529
528
528
528
528
528
528
527
527
527
527
527
527
527
527
527
527
527
527
527
528
528
527
527
528
528
528
527
527
527
528
528
528
528
528
529
529
529
528
529
529
529
529
529
529
529
529
529
529
376
376
388
397
401
405
408
411
414
417
418
419
420
422
422
424
424
425
426
426
426
427
427
428
428
428
428
429
429
429
429
429
429
429
430
430
430
430
430
430
430
430
431
431
431
431
431
431
430
430
430
430
430
430
430
431
431
430
430
430
430
430
430
430
601
601
584
574
569
565
559
555
552
549
546
544
542
540
538
537
536
534
534
533
531
530
530
529
528
526
526
526
527
527
527
527
527
527
527
527
526
526
526
526
526
526
526
526
526
526
526
526
526
526
526
526
526
526
526
526
526
526
526
526
527
527
527
527
375
375
388
394
399
403
406
409
411
415
416
416
418
419
420
422
423
423
424
425
425
426
426
427
427
427
428
428
428
428
428
429
429
429
429
429
430
429
430
430
430
431
431
430
430
431
431
431
431
432
432
430
430
430
430
431
431
431
431
431
431
431
431
431
598
598
584
574
570
564
562
557
553
549
547
544
543
538
537
537
534
534
534
532
531
530
530
529
529
529
529
529
529
527
527
527
527
527
529
529
526
526
526
526
525
523
523
524
525
525
525
525
525
525
525
525
525
525
526
525
526
526
526
526
526
525
525
526
375
375
388
395
400
403
406
408
411
413
416
417
418
419
420
422
423
424
426
427
427
427
428
428
430
428
428
428
429
429
429
430
430
430
430
430
431
431
435
435
431
431
431
431
431
431
431
453
453
431
431
432
432
432
432
431
432
431
431
431
431
431
431
431
601
601
585
576
570
567
562
559
556
553
552
548
546
544
544
542
538
537
536
535
533
533
532
531
530
530
529
529
529
529
528
528
527
527
527
527
527
527
527
526
526
526
526
526
526
526
526
526
526
526
526
526
526
526
526
526
526
526
526
526
526
526
526
526
374
374
388
394
401
403
406
410
413
413
416
417
417
419
419
420
422
422
423
425
425
425
426
426
427
427
427
427
428
428
429
430
430
430
430
430
430
430
430
433
433
431
431
431
431
431
431
431
432
432
432
432
432
432
432
432
432
432
435
432
431
431
431
431
602
602
586
577
576
566
563
558
555
554
551
549
545
543
543
541
538
537
536
532
530
530
532
532
531
530
530
529
529
529
528
528
528
528
527
527
527
525
525
527
527
527
527
527
527
527
526
526
526
526
527
527
526
526
527
527
527
526
527
527
527
526
526
526
371
371
389
391
398
402
407
410
410
412
414
415
416
418
419
420
420
421
425
425
425
425
425
425
426
427
428
428
428
428
428
429
429
429
429
429
429
429
428
430
432
432
431
431
431
431
431
431
431
431
431
431
431
431
432
432
432
432
432
432
432
432
432
432
