478
479
481
479
480
479
479
479
479
480
479
479
479
480
481
481
481
480
480
480
480
482
482
482
481
480
480
480
480
481
481
484
479
480
480
480
480
480
480
480
480
481
482
482
480
480
480
480
480
480
480
480
480
480
480
478
478
478
481
479
481
481
481
481
576
576
573
571
570
567
567
567
567
566
566
566
566
565
564
564
564
564
564
563
563
563
562
562
562
562
562
562
562
562
562
562
560
560
560
560
560
560
560
560
560
560
561
559
559
559
559
559
559
559
559
559
558
558
558
558
558
558
558
558
558
557
557
558
367
367
370
376
381
385
390
390
390
395
396
398
400
401
402
403
404
404
405
407
407
408
410
410
412
411
411
411
414
414
414
415
415
415
416
416
417
417
417
418
418
418
419
419
420
421
421
421
420
421
421
422
422
422
422
422
422
422
414
421
421
424
424
424
627
627
622
614
611
609
605
602
600
598
594
594
593
592
593
595
595
585
584
572
572
579
579
578
578
578
575
575
575
575
573
572
571
570
565
569
569
569
569
567
567
567
566
566
565
565
563
563
563
563
563
563
562
532
562
560
561
561
561
561
560
560
560
560
362
362
368
381
381
381
385
389
390
394
399
399
398
398
401
403
404
403
404
406
406
407
408
409
409
409
409
410
410
412
412
413
413
413
410
410
416
416
416
417
417
418
418
418
419
416
413
413
419
419
420
420
420
420
421
421
421
422
422
422
423
422
423
423
629
629
622
617
613
608
607
605
605
605
603
596
595
593
590
589
589
587
586
585
584
580
580
581
581
583
578
578
576
575
575
575
573
573
573
571
571
571
570
570
569
569
570
570
567
567
567
567
566
566
564
564
564
565
564
564
561
561
562
562
562
562
560
560
361
361
365
373
378
381
382
388
388
389
396
396
396
396
398
399
401
401
402
404
405
405
406
407
407
408
406
410
410
412
412
412
413
412
415
412
414
414
415
415
415
416
416
417
417
418
418
418
416
416
417
419
421
421
421
420
420
420
420
421
421
421
418
419
632
632
631
619
617
611
611
610
605
588
588
594
594
594
592
591
590
590
587
587
587
586
583
581
581
579
579
576
579
577
582
577
574
574
574
574
572
572
572
571
571
571
570
570
570
569
569
567
567
566
566
565
564
563
563
564
565
565
564
563
562
562
562
562
362
362
367
373
378
381
385
387
387
391
395
395
395
397
398
399
400
401
402
403
403
404
405
407
407
408
404
408
414
414
411
411
411
411
412
412
413
413
414
413
414
415
415
416
416
416
416
416
417
417
418
418
418
419
419
419
420
420
419
419
420
420
422
421
633
633
624
620
617
613
609
607
605
602
601
597
596
597
596
593
591
589
589
588
588
588
584
584
584
582
582
581
579
578
578
577
575
575
575
574
574
574
572
572
573
573
570
570
570
570
567
567
567
567
566
565
565
565
565
565
565
564
563
563
563
563
563
563
344
344
367
372
375
379
382
383
387
389
390
393
395
395
395
398
398
399
400
401
401
403
403
404
404
407
407
407
409
409
409
409
409
410
411
411
412
412
412
412
413
413
413
415
415
415
415
415
415
415
415
417
417
416
416
416
419
420
420
419
419
420
420
419
594
594
584
578
572
569
564
562
560
558
557
557
557
557
554
554
554
553
553
552
553
551
553
553
553
553
553
553
553
553
552
553
553
553
552
551
551
552
552
552
552
551
552
551
551
551
550
551
551
551
551
551
551
551
551
551
551
552
552
552
552
551
552
552
376
372
376
388
390
395
397
398
401
403
403
405
408
409
410
411
411
414
415
415
415
415
410
410
417
418
418
419
418
419
419
421
421
423
422
422
422
422
424
421
424
423
425
429
429
430
426
427
425
427
425
428
427
428
428
428
428
429
430
430
430
428
432
429
617
617
616
610
606
605
603
598
592
592
589
586
583
583
583
579
577
576
575
575
572
571
571
574
574
569
567
567
567
566
564
564
562
562
561
561
561
561
561
560
560
550
560
560
560
560
558
556
558
557
558
558
558
558
557
558
557
557
556
555
555
556
556
557
369
369
378
382
383
383
388
392
394
396
398
399
401
401
401
404
405
405
405
409
409
410
411
413
413
413
413
413
415
415
416
416
417
418
418
419
419
420
420
420
420
420
420
420
422
424
424
425
425
425
425
427
425
427
425
427
429
430
430
430
430
428
431
428
621
621
618
609
605
605
605
600
599
590
590
590
586
586
583
582
580
579
577
577
575
574
572
572
571
569
568
568
568
566
566
570
570
565
563
563
562
562
561
561
561
560
560
560
560
558
558
558
557
555
556
556
556
556
556
556
556
556
556
555
554
555
554
555
371
371
376
379
387
387
387
390
392
396
397
397
398
400
401
402
403
405
404
405
407
408
412
412
412
412
412
409
405
409
412
412
415
416
416
417
418
418
417
417
418
421
418
422
422
423
423
424
424
424
425
425
427
427
428
428
429
429
430
430
431
431
431
432
630
630
618
612
610
606
602
599
599
594
593
589
587
587
586
583
581
578
578
577
576
576
571
571
571
570
569
569
568
569
565
565
565
564
564
561
563
560
561
559
561
560
565
560
558
558
557
558
558
558
556
556
556
556
555
555
555
556
556
555
554
554
552
554
368
364
368
378
382
383
388
389
392
392
395
398
401
400
401
401
402
405
405
406
406
408
409
409
411
412
411
413
413
414
414
415
416
416
416
417
418
419
419
420
420
417
417
420
421
423
421
424
425
426
426
426
429
426
429
430
431
431
431
431
432
433
433
434
624
624
616
615
609
608
600
597
597
596
592
589
589
589
585
582
581
579
579
579
579
575
573
572
570
570
568
568
567
565
565
565
566
565
564
564
562
561
561
559
559
558
559
558
558
553
553
555
555
556
553
554
553
554
558
558
552
552
552
549
549
550
553
550
359
359
374
377
385
385
385
388
391
392
394
396
399
400
400
401
404
405
405
407
409
409
409
409
411
412
413
415
415
415
415
417
416
418
418
418
418
419
422
422
413
413
422
423
423
423
425
425
426
426
427
429
429
429
429
429
430
430
431
432
433
433
433
434
600
600
590
580
575
571
569
565
563
560
559
559
559
552
550
550
549
548
547
547
549
549
547
547
547
548
547
547
547
547
547
548
548
547
547
547
547
547
547
548
548
546
546
548
548
547
547
547
547
547
547
547
547
547
547
547
546
546
546
546
546
546
546
544
396
387
391
391
396
400
403
406
408
410
413
416
418
418
411
411
422
425
427
427
428
431
433
431
433
435
436
436
437
437
437
437
439
439
441
441
441
441
441
441
441
441
438
438
444
444
444
443
444
443
444
448
448
444
443
443
443
443
443
445
445
445
445
444
608
608
604
596
595
575
575
575
575
573
569
566
565
561
561
559
558
555
554
554
552
552
550
549
549
549
547
546
545
543
544
542
543
543
543
542
542
542
542
542
542
542
541
540
540
541
541
541
541
541
541
541
541
541
541
541
540
540
541
541
540
540
541
541
377
377
384
390
390
399
402
406
408
411
412
414
416
417
417
423
423
423
424
425
425
428
430
432
433
433
435
436
435
436
436
439
439
440
441
441
441
441
442
442
442
442
443
443
443
443
443
448
444
445
444
444
443
443
444
445
445
445
444
457
445
445
445
445
612
612
595
570
590
583
590
583
577
574
569
567
563
563
561
559
559
558
553
552
552
551
558
547
547
547
545
543
543
543
543
540
541
541
541
541
539
538
539
540
540
538
538
539
539
539
539
539
539
539
539
539
539
539
539
539
540
540
539
539
537
537
537
539
375
375
383
384
393
398
403
408
410
410
410
415
417
417
418
419
422
423
424
428
430
429
430
431
431
431
436
436
437
437
439
439
439
439
439
441
442
446
442
443
443
443
442
442
444
444
444
443
443
443
444
444
444
444
444
444
442
442
442
445
445
444
444
444
613
613
604
597
593
587
581
576
574
572
570
567
565
561
561
560
557
554
553
552
551
550
546
546
546
546
545
543
543
542
541
539
539
539
540
540
539
539
538
511
511
538
539
538
538
538
538
538
539
539
539
538
538
538
538
537
537
537
540
540
540
538
539
538
376
376
386
389
395
395
396
408
411
411
413
413
415
417
418
420
423
425
428
428
428
430
430
432
434
435
435
436
436
438
439
439
439
439
441
441
441
441
441
443
443
443
442
442
442
443
443
443
443
443
443
443
443
444
444
444
445
446
446
444
436
436
441
444
612
612
600
595
593
591
579
573
573
572
569
567
562
562
562
557
557
553
553
552
548
552
548
546
545
545
542
542
542
542
542
540
540
540
540
540
538
538
539
539
538
538
538
538
539
539
537
537
537
537
537
537
537
538
538
537
537
537
537
537
537
537
538
538
381
381
386
390
394
399
400
403
409
409
413
416
418
418
418
420
423
425
425
426
432
432
432
432
433
435
437
438
438
439
439
439
439
439
440
442
442
442
442
442
443
443
442
442
444
444
443
442
443
443
444
445
444
444
444
444
444
442
442
445
445
445
444
444
577
577
566
557
552
546
543
541
539
538
538
537
537
537
537
537
537
537
537
538
538
538
538
538
538
538
538
539
539
539
537
537
537
540
540
540
540
540
540
541
541
541
540
541
541
541
541
541
541
544
544
544
544
542
542
542
544
543
544
543
543
543
543
543
386
386
396
411
415
421
424
429
431
436
440
441
442
444
445
445
445
445
445
444
444
444
446
446
446
444
444
446
446
446
446
444
444
444
446
446
446
445
445
445
445
445
445
444
444
444
445
445
444
444
444
444
444
444
444
443
443
444
444
443
443
443
441
443
595
595
582
579
565
558
553
548
545
545
543
538
538
538
538
538
538
538
536
535
536
536
536
536
535
535
534
535
522
536
534
536
536
538
536
537
536
536
536
536
537
527
535
535
538
539
539
538
535
535
535
539
539
539
538
538
540
540
539
539
539
540
540
541
389
389
399
406
416
423
423
428
435
439
442
443
445
445
445
445
445
447
447
447
447
446
447
447
447
444
444
447
447
447
447
447
446
446
446
447
446
446
446
447
447
446
445
446
445
446
446
446
443
443
445
446
446
445
445
444
444
445
445
445
444
443
443
444
595
595
587
579
567
559
554
544
544
544
543
539
538
537
537
537
537
537
535
535
535
536
536
535
535
535
540
537
537
537
534
537
534
536
535
535
534
531
534
537
537
537
536
536
538
539
538
537
536
537
538
539
539
538
537
537
539
540
540
539
539
537
537
539
391
391
399
410
411
428
428
435
440
435
440
436
444
444
446
447
447
447
447
447
447
448
448
448
448
449
447
447
447
448
448
447
447
447
447
447
447
446
445
446
446
447
447
446
445
446
445
446
444
445
444
445
445
446
445
445
444
445
445
445
445
444
443
443
595
595
584
575
572
560
555
549
544
543
542
539
537
537
537
537
537
535
535
534
534
535
535
534
534
533
533
535
535
535
534
534
534
536
536
536
535
535
536
536
536
536
535
535
536
536
537
537
537
537
537
537
537
538
537
537
537
538
538
539
536
538
538
538
393
393
400
409
415
422
422
426
435
440
444
446
447
447
447
447
449
449
449
449
449
448
449
450
450
448
448
447
448
448
449
449
447
447
448
448
448
449
447
447
447
448
448
446
446
446
447
447
447
446
446
446
446
446
446
446
445
444
444
441
444
444
444
445
585
585
583
575
567
561
555
550
545
545
543
538
538
535
535
535
535
535
535
533
533
533
534
534
534
533
533
534
534
534
534
534
534
535
535
534
534
534
534
534
536
536
536
535
534
534
536
536
536
536
535
536
536
536
535
535
537
537
537
538
537
537
537
538
391
391
398
408
416
422
427
428
433
439
442
445
446
447
448
448
448
448
450
448
449
448
449
449
450
450
449
448
448
448
449
449
449
448
449
449
449
447
447
447
448
448
448
448
448
447
447
447
447
447
447
446
446
447
447
448
446
446
444
446
445
445
444
444
