480
480
480
480
481
481
480
480
480
480
480
480
480
480
480
480
480
480
480
480
480
480
479
479
480
480
480
480
480
480
480
480
480
480
480
480
480
480
480
480
480
480
481
481
480
480
480
480
480
480
480
480
480
480
480
480
480
481
481
481
480
480
480
480
527
527
526
525
524
524
523
523
522
522
522
522
522
521
521
521
521
520
520
520
516
515
515
520
520
519
519
519
519
519
519
519
519
519
519
520
519
519
518
518
518
519
519
525
519
518
518
519
519
518
518
518
518
518
518
518
518
518
518
517
517
517
517
517
434
434
438
440
443
444
446
446
448
449
449
451
451
451
429
453
455
455
456
456
456
457
458
458
459
459
459
460
460
461
461
461
461
463
463
463
463
463
463
463
464
464
464
464
464
465
465
465
466
466
466
466
466
466
466
466
466
467
467
467
467
467
467
467
546
546
541
538
539
538
539
537
533
533
533
531
531
530
529
529
528
528
527
527
526
526
526
524
525
524
524
524
523
523
523
523
523
522
522
522
521
521
521
521
520
520
520
520
519
519
519
519
519
519
518
518
518
518
518
518
518
518
518
517
517
517
517
517
438
438
441
444
445
447
448
449
449
449
452
453
454
454
455
456
456
456
458
458
458
459
459
460
460
460
460
461
461
462
462
462
462
462
462
462
462
463
463
463
464
464
464
464
464
465
465
465
465
465
466
466
466
466
466
466
466
466
466
466
467
467
467
467
546
546
546
544
543
540
537
536
535
535
534
532
532
531
530
530
528
528
528
527
527
526
526
526
525
524
524
524
524
524
522
522
523
523
522
522
522
522
522
522
522
521
521
520
520
520
520
520
520
520
520
520
519
519
518
519
519
520
520
519
519
518
518
518
435
435
441
441
444
444
444
446
449
452
451
451
451
452
452
454
454
455
455
456
456
456
457
457
458
458
459
459
459
460
460
461
461
461
461
462
462
462
463
463
463
464
463
464
464
464
465
466
466
465
465
465
465
466
466
466
466
467
467
467
467
467
467
468
547
547
544
542
540
538
537
537
536
535
535
532
532
531
531
531
531
528
528
528
527
527
526
526
526
525
525
524
524
526
526
524
523
523
523
522
522
522
522
522
522
521
521
521
520
518
518
520
520
519
519
519
518
518
518
518
518
518
516
516
516
518
517
517
438
438
440
443
446
447
447
447
449
450
452
453
453
454
454
454
456
456
456
456
458
458
458
458
459
459
460
460
460
460
461
461
461
462
462
462
462
463
463
463
463
463
464
464
464
464
464
464
464
464
464
464
465
465
465
466
466
466
466
466
466
466
467
467
547
547
544
542
541
540
538
536
536
535
534
533
532
527
527
530
530
529
528
528
528
528
527
527
526
524
524
525
525
525
524
524
523
523
523
523
522
522
522
522
521
521
521
521
521
520
520
520
520
520
520
519
519
519
519
519
519
519
519
519
518
518
518
518
435
428
435
440
442
444
445
446
447
449
450
450
453
453
453
452
453
454
455
455
455
456
457
457
458
458
458
458
459
459
460
460
460
460
461
461
461
462
462
462
463
463
463
463
463
463
463
464
464
465
465
465
465
465
465
466
466
466
466
466
466
467
467
467
530
530
527
524
523
519
518
518
516
516
516
516
514
514
514
514
513
513
513
513
512
512
512
512
511
511
511
511
511
511
511
511
510
510
509
509
509
509
509
509
509
509
509
509
509
508
508
508
508
509
508
508
508
508
508
508
508
508
508
508
507
507
508
508
443
443
443
449
449
451
453
454
455
456
457
458
459
460
461
461
462
463
463
463
464
465
465
466
466
467
467
467
467
467
472
472
472
470
471
471
471
471
471
471
472
472
472
472
472
472
465
465
473
474
474
473
473
473
474
477
474
474
474
474
475
474
475
475
542
542
539
536
534
533
531
531
531
529
527
526
525
523
523
522
522
522
521
521
520
520
519
518
517
517
517
517
507
507
516
516
515
514
514
513
513
513
513
513
512
512
512
511
511
511
511
511
511
511
511
511
511
510
510
510
510
509
510
510
510
510
509
509
441
441
443
446
448
450
451
453
454
456
457
457
457
458
459
459
461
461
461
462
448
463
464
464
466
465
466
466
466
467
468
468
469
469
469
470
470
471
471
471
471
472
472
472
472
472
472
473
473
473
473
474
474
474
474
474
474
474
475
475
475
475
475
475
541
541
537
532
537
532
532
530
528
528
534
534
527
525
525
524
524
522
522
521
520
520
520
519
519
523
523
517
517
516
516
515
515
514
514
514
514
513
513
513
513
512
511
511
511
511
509
509
511
511
510
510
510
510
510
510
510
510
513
510
510
510
509
509
441
441
444
447
448
448
450
453
454
455
456
457
458
459
459
460
461
461
461
462
463
463
463
464
464
465
466
466
466
467
467
467
468
469
468
469
469
470
470
470
471
472
472
472
472
472
472
472
473
473
473
473
473
474
474
474
474
474
475
476
476
475
475
475
543
543
539
537
536
533
531
530
530
530
529
527
526
525
525
523
523
523
522
522
521
520
520
519
519
518
518
517
517
516
516
516
514
515
514
514
514
514
512
512
512
513
512
511
511
509
511
509
510
509
510
510
510
510
510
509
508
508
509
509
508
508
508
508
443
443
444
447
449
451
453
454
454
455
456
457
458
458
459
460
460
460
461
462
463
464
467
464
464
464
469
473
469
469
468
468
468
468
468
469
469
470
471
471
471
462
462
458
471
472
473
473
473
473
473
473
473
474
474
474
474
475
475
475
475
475
475
470
541
544
541
537
533
505
530
505
528
528
528
528
530
530
524
524
523
523
521
521
521
520
520
519
519
519
518
518
518
517
516
516
515
514
514
514
513
513
513
512
512
511
511
511
511
511
511
511
511
511
510
510
510
510
510
510
510
509
509
509
509
509
508
508
442
442
445
447
449
449
450
453
455
456
457
459
459
460
460
460
460
461
462
463
462
463
464
465
465
465
465
464
465
467
468
468
468
469
469
469
469
471
471
471
471
471
472
472
472
472
472
473
473
473
473
473
473
474
474
474
474
474
474
475
474
475
475
476
531
531
526
524
523
519
518
517
514
511
510
511
510
510
509
509
508
507
507
507
507
507
507
507
506
506
506
506
506
506
505
505
506
506
506
505
505
506
506
506
505
506
505
506
506
506
506
506
506
506
506
506
507
507
507
507
507
504
504
506
512
512
506
506
445
445
449
452
455
457
458
461
463
464
466
467
468
470
470
471
472
473
473
474
474
474
474
475
476
476
479
479
476
476
477
477
479
479
477
473
477
478
478
478
479
479
479
478
478
478
478
478
478
478
478
478
478
478
478
479
479
479
478
478
478
477
482
479
536
536
533
530
526
524
512
520
519
519
517
517
516
517
515
514
513
512
511
510
510
510
509
509
509
509
508
508
507
507
507
507
507
507
507
506
506
506
506
506
506
506
506
506
506
506
506
506
506
506
506
506
506
506
506
506
506
506
506
506
506
506
506
506
444
444
448
448
451
456
457
461
462
463
465
466
468
468
470
470
470
470
471
473
473
473
474
474
474
474
475
476
476
476
477
477
477
477
477
477
478
478
478
478
478
478
478
478
478
478
478
478
478
478
478
478
479
479
479
479
479
479
478
478
478
479
478
478
542
542
534
530
528
525
524
522
521
518
517
517
516
515
514
514
512
512
511
511
511
510
510
504
504
508
508
508
508
507
507
507
507
507
508
507
508
511
511
506
506
506
510
505
506
506
506
506
506
506
505
505
505
505
506
517
517
506
506
506
506
506
506
506
444
444
448
453
453
457
459
461
462
463
465
466
467
469
469
470
470
470
448
472
473
474
474
474
475
475
476
476
476
476
476
476
477
476
478
478
478
478
478
478
478
478
478
478
478
479
479
479
478
478
478
479
479
479
479
478
479
479
479
479
479
479
479
479
537
537
534
534
530
526
524
523
523
521
518
518
516
516
515
514
513
512
511
511
511
510
509
509
509
508
508
508
508
508
507
506
507
506
506
506
506
506
506
506
506
506
506
505
505
506
506
506
506
506
505
505
505
505
505
505
505
505
505
505
505
505
505
506
445
445
449
451
454
457
460
461
462
465
466
466
467
468
469
469
469
471
472
472
477
477
475
475
475
475
475
476
476
477
477
477
477
479
478
479
478
480
478
478
478
478
478
478
479
479
479
480
480
480
479
479
479
480
481
481
479
479
479
479
479
479
479
479
537
538
537
535
526
524
524
522
521
519
519
518
516
515
515
515
514
511
510
509
509
505
505
509
509
509
508
508
508
507
507
507
506
506
506
506
506
506
506
506
506
506
505
505
505
505
505
505
505
505
503
505
505
505
505
505
505
505
505
505
505
505
510
510
446
446
449
453
456
457
459
461
463
464
465
466
468
469
470
470
471
472
473
474
474
474
475
475
475
476
476
476
477
477
477
477
477
477
478
478
478
478
478
478
479
479
479
479
480
480
480
479
479
479
480
480
479
479
480
480
479
478
460
460
480
480
480
480
522
522
517
513
510
507
506
506
506
506
507
509
509
505
505
504
504
504
496
505
505
505
505
506
506
506
506
505
506
506
506
506
506
506
506
506
506
506
506
506
506
506
506
506
507
507
507
507
507
509
507
507
507
508
508
508
507
508
508
508
507
507
507
507
444
444
456
463
463
466
472
474
475
477
477
479
479
480
480
480
480
480
479
479
479
480
480
480
480
480
480
480
480
479
480
480
480
481
480
480
480
480
480
480
480
481
479
480
480
480
479
479
479
480
479
480
480
480
479
479
479
479
479
479
479
479
479
479
535
535
524
519
519
516
515
510
508
507
507
506
505
505
505
503
504
503
504
503
503
503
504
504
504
504
504
504
504
504
504
504
504
504
504
504
505
505
505
505
505
504
504
504
505
515
515
505
505
505
505
505
506
506
506
506
506
506
506
506
505
506
506
506
465
459
459
459
466
470
472
474
475
477
477
478
478
476
476
479
480
480
480
480
480
480
480
481
481
481
481
480
480
481
481
481
481
481
481
481
481
480
480
480
482
482
482
480
480
480
480
480
480
480
480
480
480
480
480
480
480
480
480
480
479
480
480
480
529
536
529
519
517
513
511
511
510
507
506
505
505
504
504
504
503
503
503
503
503
503
503
503
503
503
503
503
503
503
503
503
504
504
503
503
503
503
504
504
504
504
504
504
504
504
504
504
504
504
504
504
504
504
504
504
504
504
504
505
505
505
504
504
474
459
463
463
466
469
471
472
475
476
478
478
479
480
480
480
480
480
481
481
481
481
481
481
481
481
482
482
481
481
481
481
481
481
481
481
481
481
481
481
482
482
481
481
481
481
481
481
481
481
481
481
481
481
481
481
481
481
480
481
481
481
481
481
528
528
528
523
516
516
509
509
508
507
506
506
505
504
504
503
503
503
503
502
502
502
502
502
503
505
505
504
502
502
502
502
502
503
503
503
503
503
503
503
503
503
503
503
503
503
503
503
503
502
503
503
503
503
503
503
503
503
503
503
504
504
503
503
455
455
460
465
468
471
474
476
477
478
480
480
480
480
480
481
481
482
482
482
482
482
482
482
483
483
483
483
483
483
483
483
482
482
483
497
497
483
483
482
483
483
483
482
482
483
483
483
483
482
482
482
482
482
482
482
482
482
482
481
481
482
482
482
525
525
517
515
515
511
511
510
506
506
505
505
504
503
503
502
502
502
501
501
501
501
501
501
501
501
501
501
501
501
501
502
502
501
501
502
502
502
502
502
502
502
502
502
502
502
502
502
503
503
503
503
503
503
503
502
503
503
503
503
503
503
503
503
455
455
459
464
467
471
473
475
476
481
501
501
481
481
481
482
482
482
482
482
482
483
483
483
483
484
484
483
483
483
483
485
485
483
483
483
483
483
483
483
483
483
483
483
483
483
483
482
482
483
483
483
483
483
483
483
483
483
483
483
483
483
483
483
