480
480
480
480
480
480
480
480
480
480
480
480
480
480
480
480
480
480
480
480
480
481
480
480
480
480
480
480
480
480
481
480
481
492
495
492
481
480
480
481
488
489
489
483
480
480
480
480
480
478
478
478
481
480
480
480
480
481
481
481
481
480
477
477
597
597
597
594
591
591
589
589
589
589
589
589
587
587
586
586
585
585
585
585
584
584
584
584
584
581
581
583
583
583
582
582
582
581
581
582
582
581
581
581
581
581
581
581
581
581
580
580
580
579
564
564
579
579
579
579
579
579
578
578
578
579
583
583
338
336
338
350
354
358
361
366
368
368
371
372
374
375
377
379
381
381
383
383
385
386
387
389
399
391
392
392
394
394
394
394
395
395
397
398
399
399
400
400
400
401
402
402
403
404
404
405
413
405
406
406
406
407
407
409
409
408
408
408
409
409
410
398
642
642
635
631
627
621
620
617
615
613
612
612
609
609
607
604
604
602
601
602
601
599
599
598
598
597
596
595
595
595
593
593
584
582
582
590
591
590
589
588
588
588
587
587
587
587
586
586
586
585
584
568
582
582
584
584
583
583
582
582
582
582
582
581
339
339
347
351
353
360
361
363
366
370
372
373
374
375
377
378
380
381
382
383
386
386
386
386
388
388
388
390
392
393
394
395
395
396
396
397
397
398
399
399
400
401
402
402
402
403
403
403
403
405
405
405
406
406
407
407
407
407
408
408
408
409
409
410
643
643
637
633
628
625
622
620
618
616
614
613
611
610
608
608
607
606
605
604
603
602
602
600
599
599
599
598
596
595
595
595
595
591
591
592
593
592
594
591
590
589
589
589
589
589
588
587
587
586
586
586
585
585
585
584
584
583
583
583
582
582
582
582
339
339
345
351
355
358
363
365
367
369
369
371
375
376
376
378
379
380
380
380
384
387
387
384
384
389
389
391
391
393
393
394
394
395
396
396
397
397
398
400
401
400
401
401
402
402
402
404
404
404
404
405
405
406
406
406
407
407
408
407
408
409
409
409
644
644
637
632
629
627
623
621
619
617
614
612
612
610
608
608
606
605
605
604
604
602
602
601
600
599
599
598
597
596
596
596
595
594
594
594
593
592
592
592
591
590
590
589
589
588
587
587
587
587
587
586
586
586
586
585
584
584
584
584
583
583
583
582
339
339
340
345
349
353
359
362
362
368
368
371
371
374
375
376
379
381
381
383
384
383
384
386
388
388
387
387
390
391
394
394
394
394
394
395
396
397
397
397
397
397
399
399
400
401
401
402
403
403
403
404
404
405
405
405
372
406
406
407
408
408
408
408
644
644
639
634
629
627
624
623
620
618
615
615
613
612
611
610
607
606
605
605
605
604
603
602
602
601
600
599
599
597
596
596
596
596
596
595
594
594
593
592
592
591
590
590
589
589
589
588
588
588
587
587
587
586
585
585
584
583
582
583
583
583
583
583
338
338
340
345
352
358
361
362
364
366
370
370
370
373
374
377
377
379
379
380
383
387
387
387
378
378
387
390
390
390
391
391
392
393
394
394
395
396
396
397
398
399
399
400
400
401
402
403
402
402
402
404
404
404
404
405
406
406
406
407
407
412
408
412
610
610
596
592
596
592
585
583
581
579
577
576
575
574
564
564
571
571
570
570
569
568
567
566
551
551
564
564
564
563
563
562
562
562
561
561
560
560
560
557
557
558
558
558
558
558
558
557
556
556
556
553
553
555
555
554
554
554
553
553
553
553
553
552
351
351
356
360
360
364
370
373
375
377
382
383
383
386
388
390
392
393
395
395
398
399
399
400
403
403
405
405
405
407
407
410
410
411
410
410
410
412
413
413
413
414
415
415
415
415
415
415
416
417
417
417
417
417
418
418
419
419
419
419
419
419
420
420
637
637
632
627
623
620
618
616
613
611
609
607
604
603
601
599
596
594
594
593
592
591
590
588
586
586
585
585
583
580
578
578
577
576
576
575
574
573
572
571
570
570
570
568
567
566
566
565
565
564
563
562
562
562
561
561
560
560
560
560
559
559
557
557
349
349
349
349
349
363
363
369
371
373
375
380
381
382
382
384
385
389
391
391
392
393
393
396
397
399
399
399
401
401
402
403
404
407
408
407
407
407
408
409
409
410
411
411
412
413
413
414
414
414
415
415
415
416
417
417
417
419
419
419
420
421
421
421
647
647
634
630
626
624
621
619
614
612
612
611
610
605
604
602
601
600
598
595
595
595
593
591
590
588
587
586
585
585
583
582
581
580
579
579
579
579
575
572
572
572
572
574
574
569
568
567
566
565
565
565
563
567
563
561
561
561
560
560
559
559
558
558
347
347
347
352
360
361
364
367
369
371
376
377
377
378
380
382
383
385
387
388
391
391
392
393
394
395
396
397
398
399
403
401
402
401
402
403
404
405
406
407
408
408
408
409
409
410
410
410
413
413
413
414
414
415
416
416
417
417
418
419
419
423
423
421
642
642
637
632
628
627
623
621
619
617
612
611
611
608
606
605
605
606
606
602
597
595
594
593
593
592
590
588
588
588
584
583
583
581
581
581
578
577
577
576
574
574
573
573
570
569
569
569
568
566
566
566
564
564
563
563
561
561
561
560
560
559
559
559
344
344
348
351
355
358
360
365
367
370
371
373
373
376
378
379
381
381
385
385
386
388
389
390
391
392
393
394
395
396
397
397
400
400
403
403
402
402
402
402
404
405
405
405
406
407
407
409
409
410
410
410
412
412
413
414
415
415
416
416
417
418
419
419
644
644
644
635
632
630
627
625
625
622
618
614
611
611
610
607
604
604
604
601
600
596
595
595
593
593
592
590
589
588
587
586
585
584
584
584
584
588
580
579
578
577
575
574
574
572
572
570
569
568
567
565
565
563
563
563
563
561
561
561
561
559
559
559
348
337
348
355
357
358
360
363
367
369
369
371
374
376
379
379
380
381
381
383
386
387
388
389
390
391
392
393
394
394
395
396
396
398
398
399
400
401
401
402
402
403
404
404
405
406
407
407
408
408
409
411
412
412
413
413
414
414
416
420
417
418
417
418
602
617
617
608
597
591
590
590
583
582
582
572
568
563
560
556
556
556
555
554
552
550
549
549
548
549
547
547
546
544
544
542
542
542
542
542
542
541
525
540
540
540
541
540
540
540
539
539
539
540
540
540
539
539
539
539
539
539
539
540
540
540
539
539
352
352
359
366
371
380
381
385
385
390
393
396
402
403
403
406
407
409
410
411
414
415
417
419
419
422
423
424
425
428
429
431
432
432
433
434
434
435
435
436
436
437
437
437
437
437
437
437
437
437
438
438
438
439
439
438
438
438
438
438
439
438
439
438
637
637
626
621
612
605
605
602
602
593
591
591
587
585
582
577
574
572
574
572
567
565
565
562
557
556
554
553
551
549
549
548
547
546
546
545
544
544
547
547
543
542
542
542
542
542
541
541
541
541
541
541
541
541
541
540
540
540
540
540
540
540
539
539
352
350
352
364
369
374
378
382
385
392
395
395
395
396
403
404
405
405
406
409
410
409
410
413
414
414
416
416
419
420
422
423
425
427
429
429
432
432
434
434
434
434
435
435
436
436
436
436
437
437
437
437
437
437
437
437
437
437
437
437
437
438
438
438
636
636
622
619
619
614
610
606
603
600
596
594
591
587
584
581
575
573
573
570
567
565
563
561
559
556
554
553
551
550
549
548
547
546
545
544
543
543
543
543
543
542
542
542
541
541
540
540
540
540
540
540
540
540
539
539
539
539
539
550
550
539
539
539
353
353
366
371
371
375
379
382
390
390
391
394
397
401
401
402
403
405
406
407
408
411
411
411
413
420
420
418
418
420
423
424
423
424
428
428
426
426
433
434
435
435
435
435
436
436
436
437
437
437
437
437
437
437
437
437
437
437
437
438
439
439
437
437
637
637
629
625
619
614
607
606
602
599
596
593
590
587
584
581
578
576
573
570
570
567
563
560
558
556
555
553
551
550
549
548
547
546
546
545
544
543
543
543
542
542
542
541
541
541
541
540
540
540
540
539
539
539
539
539
538
538
538
538
538
538
538
538
356
356
360
366
371
375
378
383
386
392
392
392
396
399
400
400
402
406
407
407
408
410
410
412
413
414
416
417
418
420
422
425
425
426
429
431
432
432
433
434
434
434
435
435
434
434
436
437
437
437
437
437
437
437
437
437
437
437
437
437
437
437
438
438
638
638
631
626
626
620
611
607
603
600
597
586
586
587
587
582
582
576
573
570
567
565
562
560
558
556
553
552
551
548
548
547
547
546
545
543
543
543
543
543
543
541
541
541
541
541
540
540
540
540
539
539
538
538
539
539
539
538
539
538
537
537
538
538
353
353
360
365
370
375
379
386
388
388
388
391
396
399
401
401
403
405
406
407
408
409
410
411
414
420
416
419
419
420
421
424
426
428
429
429
430
427
432
433
434
435
436
436
436
437
437
437
437
437
437
437
437
437
437
437
437
437
437
437
437
437
437
437
608
608
594
582
571
552
546
546
546
545
542
542
540
538
538
538
538
538
537
537
537
537
537
537
537
537
538
537
538
538
538
538
538
538
538
540
539
540
539
540
540
540
540
540
541
541
541
541
541
541
542
542
542
542
543
543
543
543
543
545
543
544
543
543
366
366
380
388
398
405
416
416
416
424
428
432
435
437
437
437
439
439
439
438
438
439
439
439
439
442
439
439
439
439
439
438
438
438
438
438
438
438
438
438
438
437
437
437
437
437
437
437
437
437
437
436
436
436
436
436
436
436
436
436
435
436
435
435
628
628
607
598
588
586
571
565
558
552
549
546
544
544
542
539
539
539
538
538
538
538
538
537
537
537
538
538
538
538
538
538
544
544
538
538
539
539
538
538
539
539
539
539
540
540
540
540
540
540
540
540
541
541
541
541
541
541
542
542
542
542
542
542
367
367
378
389
396
404
410
415
420
429
429
429
438
445
440
440
440
440
440
440
440
440
441
440
440
440
440
440
440
440
440
440
440
440
439
439
439
439
439
439
438
438
438
438
438
438
438
438
438
438
438
438
437
437
437
437
437
437
437
437
440
436
437
436
623
623
612
601
591
580
572
564
558
552
549
546
543
542
540
538
538
537
536
536
536
536
536
536
536
536
536
536
536
536
536
536
536
536
537
537
537
537
537
538
538
538
538
538
538
538
536
538
538
543
543
540
540
540
540
540
540
539
540
547
547
542
541
541
368
368
379
388
396
403
410
415
420
425
430
434
437
438
439
442
442
442
442
447
447
442
442
442
443
445
443
442
442
442
442
442
442
442
442
441
441
441
441
441
443
443
443
440
440
440
440
439
439
439
439
439
439
439
439
438
438
438
437
437
429
427
421
410
626
626
613
603
594
585
577
568
555
551
550
547
544
542
541
541
540
538
537
537
536
536
536
536
536
536
535
536
535
535
535
535
535
536
536
536
539
536
536
536
536
536
535
535
537
537
537
537
537
538
538
538
538
538
538
538
539
539
539
539
539
539
539
539
369
369
378
387
398
407
407
413
418
424
429
433
435
438
439
440
441
441
442
442
442
442
442
442
442
442
442
442
442
442
441
441
441
444
441
444
441
441
441
441
440
440
440
440
440
440
440
439
439
439
439
439
439
439
439
439
436
426
419
419
419
438
438
438
625
625
614
614
605
587
578
578
570
556
547
547
545
543
542
539
537
538
537
537
537
536
536
536
536
536
536
536
535
536
536
536
536
537
540
540
557
580
597
607
619
619
619
619
607
618
616
618
616
601
601
603
603
604
604
608
634
634
627
627
628
628
633
637
291
291
295
298
304
315
319
326
326
326
317
318
317
317
309
285
279
276
276
282
284
285
286
285
282
282
283
283
283
283
280
276
276
284
286
290
304
304
298
298
296
296
294
294
290
289
284
284
292
293
293
290
290
290
287
279
279
280
283
283
283
280
276
279
