366
366
372
372
374
377
377
379
380
382
382
383
383
385
386
386
387
387
388
388
388
389
390
390
391
391
391
392
393
393
393
393
394
395
395
395
395
396
397
397
397
398
398
398
398
399
399
399
400
400
400
401
400
401
402
402
403
403
403
402
402
402
403
403
656
656
649
644
639
635
632
629
626
624
622
621
618
616
614
613
611
611
607
606
605
605
602
601
600
599
598
597
595
595
594
593
592
591
591
591
590
589
588
588
587
587
587
585
585
585
585
584
584
583
583
583
582
582
581
580
581
580
580
579
579
578
578
578
321
321
331
336
336
340
341
345
347
353
353
355
357
359
361
361
363
367
368
369
372
371
372
373
374
376
377
379
379
381
384
384
384
384
384
385
386
386
388
388
389
389
390
391
392
391
392
392
393
394
394
395
395
396
397
397
397
397
398
398
398
398
399
400
654
654
647
639
638
635
632
629
625
624
623
619
618
616
613
612
611
609
608
606
605
603
601
601
601
601
597
597
597
595
594
593
592
592
591
591
589
589
588
588
588
586
585
585
585
584
583
583
582
582
582
581
581
581
580
580
579
579
578
576
578
577
578
577
319
319
325
330
334
337
341
343
346
348
351
353
355
359
361
361
362
364
366
366
368
370
371
373
373
374
376
376
377
378
381
381
381
382
383
384
384
386
386
387
388
388
388
389
390
390
391
391
392
391
393
394
395
395
396
396
396
397
397
398
399
399
399
400
655
655
650
643
639
635
632
630
627
624
622
618
617
615
615
612
610
609
608
606
605
604
601
601
600
599
598
596
595
594
594
593
592
591
590
590
589
589
589
587
587
586
586
585
584
583
583
583
583
583
581
581
580
580
580
579
579
579
579
579
578
577
577
577
318
318
324
329
333
336
339
344
345
347
350
351
354
356
358
360
361
363
363
367
367
368
370
372
372
374
374
375
375
377
379
380
380
382
383
384
384
385
386
386
387
388
388
388
390
391
391
391
391
392
393
394
394
395
396
396
396
396
397
397
398
399
399
399
658
658
648
642
635
632
632
630
628
625
622
619
619
616
614
613
611
609
607
606
605
604
602
601
600
600
599
597
596
594
594
594
593
591
591
591
591
588
588
587
587
586
585
584
584
584
583
583
582
581
581
581
580
580
580
579
578
578
578
577
575
575
576
576
316
316
324
329
333
336
339
342
344
346
349
351
353
356
358
359
360
363
364
365
366
369
370
371
372
374
375
376
377
378
379
380
380
381
382
383
384
385
386
387
387
388
388
388
390
390
392
392
392
393
394
394
395
395
395
396
397
399
399
399
399
399
399
399
656
656
650
641
634
634
633
630
625
625
622
621
617
615
615
613
611
608
606
606
605
604
602
601
600
600
599
596
596
595
595
593
593
591
591
590
589
589
588
588
587
586
585
584
584
583
583
582
582
581
580
580
580
579
579
578
578
577
577
579
579
576
575
575
317
317
323
328
332
335
338
341
344
346
349
350
351
355
359
359
360
362
364
365
367
368
369
369
372
373
374
375
376
378
378
379
380
381
382
384
384
384
385
387
387
388
388
388
390
390
391
391
392
393
394
394
395
396
396
396
396
398
398
398
398
400
400
400
611
611
602
593
587
582
575
574
573
571
569
568
567
566
565
565
564
563
562
562
562
561
561
560
560
559
559
559
558
558
558
558
557
557
557
557
556
556
556
556
555
555
555
555
555
555
555
555
555
554
554
554
554
554
554
554
554
554
553
553
553
553
553
552
334
334
343
350
355
362
365
370
374
377
384
387
387
389
392
396
398
400
400
401
402
403
404
406
407
407
408
409
409
409
410
411
411
411
411
412
412
417
417
416
415
415
415
415
417
417
416
416
416
417
416
417
417
417
417
417
417
418
418
418
418
418
418
418
636
636
627
621
614
609
604
600
596
592
589
587
584
581
579
577
575
574
575
572
569
568
567
566
566
566
565
564
563
563
562
562
561
561
560
559
559
559
559
559
558
558
558
558
557
557
557
557
556
556
556
556
555
555
555
555
554
554
554
554
554
554
554
554
333
333
341
347
356
360
368
369
373
374
379
382
385
388
391
391
393
397
399
401
403
404
404
405
406
407
408
409
409
409
411
411
412
412
413
414
414
414
415
415
415
415
416
416
416
417
417
416
416
417
417
418
418
419
419
419
419
419
419
419
419
420
420
420
638
638
630
622
616
611
606
601
598
595
591
586
582
582
580
577
576
575
573
572
570
569
568
567
566
566
565
564
563
563
563
563
563
563
560
560
560
559
559
559
559
558
558
558
558
557
556
557
556
556
556
556
556
556
557
555
555
554
555
554
554
554
553
554
335
335
340
346
353
353
359
368
372
375
379
382
390
390
390
392
395
397
400
401
401
402
404
405
405
406
407
408
409
410
410
411
412
412
412
414
414
414
415
415
415
416
416
416
417
417
417
417
418
418
418
418
422
419
422
419
419
419
419
420
420
420
420
420
639
639
631
623
617
611
606
602
598
594
591
588
588
583
580
578
575
574
573
572
570
569
565
565
566
566
565
562
562
562
562
562
562
562
561
560
559
559
559
559
558
558
558
557
557
556
556
556
556
556
556
555
555
555
555
555
555
554
554
554
554
553
553
553
322
322
339
347
353
358
363
364
371
375
378
383
383
389
390
395
397
397
397
397
397
402
403
403
405
407
407
409
409
409
410
411
412
413
413
413
414
414
414
415
415
416
416
417
417
417
417
417
418
418
418
418
419
419
419
419
419
420
420
420
422
423
422
424
639
639
631
624
617
612
607
602
599
595
592
589
587
583
580
578
576
574
573
572
570
569
568
567
566
565
564
564
564
563
563
561
561
561
561
560
559
559
559
558
558
558
557
557
556
556
556
556
556
556
556
555
555
554
554
554
554
554
554
553
553
553
553
553
331
331
340
346
353
357
363
367
370
375
378
381
384
387
390
393
395
397
399
401
402
404
404
404
405
408
409
409
409
409
411
411
412
413
414
414
414
415
415
415
416
416
417
417
417
417
417
418
418
418
419
419
419
419
418
418
420
421
421
421
421
421
421
421
603
603
579
578
570
567
564
561
559
557
556
556
555
553
553
552
552
551
550
551
550
550
549
549
548
548
548
548
548
548
547
547
547
546
546
546
546
546
546
545
545
545
545
546
545
544
544
544
544
544
544
544
544
544
544
545
543
543
543
543
543
543
543
542
349
349
360
370
377
385
393
394
397
399
402
404
405
406
409
410
410
411
412
413
414
414
415
416
417
417
418
418
418
419
420
421
421
421
421
422
422
423
423
423
423
423
424
424
424
425
424
425
425
425
426
426
426
426
426
426
426
427
427
427
427
427
428
428
621
621
608
597
589
583
578
575
572
570
568
566
565
563
563
563
563
559
559
558
557
556
556
555
554
554
553
553
552
552
552
551
550
550
550
549
549
548
548
548
548
547
547
547
547
546
546
546
546
545
545
545
545
545
544
544
544
544
544
543
543
543
541
543
346
346
355
368
375
383
388
393
396
398
401
403
404
404
405
408
409
410
410
411
413
415
415
415
416
416
418
418
419
420
420
421
421
422
422
423
424
425
425
425
425
425
426
426
426
426
427
427
427
428
428
428
428
428
428
428
429
429
429
429
430
430
430
430
622
622
609
598
590
583
578
576
572
568
568
566
565
564
563
561
560
559
559
558
557
557
556
555
554
554
553
553
552
551
551
550
550
550
550
549
548
548
548
547
547
547
546
546
546
546
545
545
545
544
544
544
544
544
544
544
544
543
543
543
543
543
542
542
350
350
358
368
374
382
387
387
393
401
402
403
404
406
407
408
409
410
410
412
413
414
414
415
417
417
419
419
420
420
420
421
422
423
423
424
424
424
425
426
426
426
426
427
428
428
428
429
429
429
429
429
429
430
430
430
430
430
431
431
431
431
431
432
623
623
610
601
589
582
577
574
572
569
567
565
564
562
561
560
559
558
557
557
556
551
551
553
553
552
551
550
550
549
549
549
548
548
547
546
546
546
546
546
545
545
544
543
543
543
543
543
543
543
542
542
542
542
542
542
541
541
541
541
540
540
540
540
349
349
359
369
377
383
390
395
398
401
403
405
406
407
409
410
410
412
413
413
414
415
415
416
418
418
419
420
421
421
421
423
423
424
425
425
425
426
426
427
428
428
428
428
428
429
429
429
430
430
430
430
430
431
431
431
431
432
432
432
432
432
432
436
622
622
606
598
590
582
578
573
569
567
566
565
562
561
560
559
558
557
556
556
555
554
553
552
552
552
552
550
550
549
548
548
548
547
547
546
546
545
545
545
544
544
544
544
543
543
544
544
542
541
541
541
541
540
541
541
541
540
540
540
540
540
539
539
347
347
359
369
377
385
391
395
401
403
403
405
407
408
409
411
411
411
413
414
415
416
416
417
418
418
419
420
421
421
422
423
423
424
424
425
426
426
427
427
427
428
428
429
428
429
429
430
430
430
431
431
431
432
432
432
432
432
432
433
433
433
433
433
572
572
560
559
555
552
549
546
545
543
543
542
540
539
539
538
538
537
537
537
537
537
536
535
535
535
535
535
535
534
534
535
535
534
534
534
534
534
534
534
534
534
534
534
534
534
533
533
533
534
534
534
534
534
534
534
534
534
534
534
534
534
534
534
377
377
393
397
399
402
403
409
411
412
415
417
417
418
421
422
422
424
424
425
426
427
428
429
429
430
431
431
431
432
432
432
433
433
434
434
434
435
436
436
436
436
436
436
436
436
436
437
437
437
437
437
437
437
437
437
437
438
438
437
437
437
437
438
590
590
578
571
567
562
558
556
552
551
550
549
546
546
544
542
541
540
540
540
538
537
536
536
536
535
534
534
533
533
532
532
531
531
530
530
530
529
529
529
528
528
528
528
528
528
528
528
528
528
528
528
528
528
528
528
528
528
528
528
528
528
528
528
379
379
394
400
409
411
412
414
416
418
420
422
424
425
427
428
430
431
431
432
433
434
434
435
436
437
437
437
437
438
439
439
439
440
440
440
440
440
440
440
441
441
441
441
441
441
441
441
441
441
445
445
442
441
442
441
442
442
442
442
442
441
441
441
587
587
575
567
561
557
553
551
549
547
544
542
542
541
540
539
538
537
536
535
534
532
532
532
531
529
530
530
530
530
529
529
529
528
528
528
528
528
527
527
527
527
527
527
525
525
525
527
527
527
527
527
527
527
527
527
527
527
527
527
527
527
527
527
384
384
395
402
406
409
412
415
417
419
421
423
424
427
428
428
430
431
432
433
438
439
439
437
437
438
438
439
440
439
440
440
440
440
441
441
441
441
441
441
442
442
442
442
442
443
443
443
443
443
443
442
442
442
443
443
443
443
443
443
443
443
443
443
587
587
573
566
558
555
552
550
548
546
544
543
541
541
540
538
536
536
534
534
532
530
531
530
530
529
529
529
529
528
527
527
527
527
527
527
527
526
526
526
526
526
526
526
526
527
527
526
526
526
526
526
526
526
526
526
527
526
526
526
526
526
526
526
385
385
396
407
415
414
415
416
417
420
420
423
426
427
428
429
431
433
435
435
436
437
438
439
439
439
439
440
441
441
441
441
443
443
442
442
442
442
442
442
443
443
443
443
443
443
443
443
443
443
443
443
443
443
443
443
443
443
443
443
443
443
443
443
587
587
572
566
560
558
552
549
547
544
543
542
539
538
537
536
535
533
533
532
532
531
529
529
529
528
528
527
527
526
526
526
526
525
525
525
525
525
525
523
523
523
523
524
522
524
524
524
524
524
524
524
524
523
523
523
524
524
524
524
524
524
524
524
386
386
399
405
409
413
415
418
420
423
426
426
429
431
431
432
433
434
436
436
436
438
439
439
439
440
440
441
441
441
442
442
442
442
442
442
443
443
443
443
443
443
443
443
443
443
443
444
444
444
444
444
444
444
444
444
444
444
444
444
444
444
444
444
