480
479
479
479
480
480
480
479
480
481
481
481
478
478
478
480
480
480
479
480
481
481
481
479
481
479
480
480
480
485
485
482
480
481
480
480
480
480
480
480
480
480
480
479
480
479
479
479
478
480
480
480
480
480
479
480
480
480
480
478
481
478
480
480
552
552
552
550
547
547
546
545
545
545
545
544
542
510
542
511
543
537
537
537
543
544
544
547
541
545
541
541
541
541
541
540
540
540
540
539
539
539
539
540
538
537
537
539
539
539
540
539
538
537
537
537
537
536
536
536
536
537
537
537
537
536
536
537
399
399
404
407
411
415
415
417
418
419
421
423
424
425
426
428
429
429
430
431
434
434
432
432
434
435
436
435
436
437
438
439
440
440
440
440
441
441
441
442
442
443
443
443
444
444
444
444
444
445
445
445
446
446
446
446
446
446
447
447
448
447
447
447
584
584
579
575
575
572
568
567
566
564
562
561
561
561
559
558
556
557
556
553
553
553
553
553
552
552
551
551
551
550
549
549
548
548
547
547
546
546
546
545
545
544
544
544
543
543
543
543
543
543
548
545
545
542
542
541
541
541
541
541
541
541
540
540
398
398
407
407
407
410
413
414
418
418
419
420
422
423
424
424
427
426
427
429
429
431
431
431
433
433
433
433
433
431
434
434
436
438
438
438
438
438
420
440
436
440
441
441
442
443
443
443
433
443
443
444
444
444
444
445
445
445
445
445
446
446
446
446
585
585
583
583
583
573
570
569
568
566
565
565
564
562
561
560
560
556
556
558
558
556
555
555
555
554
554
551
551
551
550
550
550
550
550
548
547
547
547
547
546
546
545
545
545
544
544
544
545
545
543
543
543
541
541
541
540
540
541
541
541
540
541
540
396
396
402
407
407
410
413
415
417
417
417
420
420
425
425
425
426
426
427
429
429
429
429
431
431
432
433
433
434
434
436
436
436
436
436
436
439
439
439
439
439
440
440
440
441
441
441
441
441
444
444
444
444
444
443
443
443
445
445
446
446
446
446
446
585
585
578
578
578
572
572
571
567
561
561
562
563
562
562
561
560
560
559
558
557
556
556
555
555
554
553
553
553
552
553
552
552
551
550
550
550
549
549
547
547
547
547
547
547
548
548
546
545
544
544
544
544
544
544
544
544
543
543
543
540
540
541
541
398
398
400
404
408
409
411
415
415
415
417
418
419
421
421
423
423
425
425
425
427
427
427
429
429
430
430
431
432
432
433
433
434
434
434
434
437
437
437
437
443
443
449
441
440
440
440
439
439
438
440
440
442
442
443
443
444
444
444
437
437
443
445
445
575
583
580
580
576
542
573
571
571
568
567
567
565
564
563
563
563
560
560
560
559
559
561
561
559
555
555
555
554
555
552
552
552
552
549
549
550
554
554
550
548
548
548
548
547
547
547
546
546
546
546
545
545
545
545
543
543
543
542
542
542
546
546
542
397
397
402
405
406
412
412
412
415
415
416
419
420
420
422
422
422
424
425
425
426
428
428
429
429
430
431
431
431
432
428
432
434
435
435
435
435
437
437
437
437
438
438
439
440
440
440
438
441
441
442
442
442
443
445
443
444
444
444
444
445
446
446
446
561
561
555
551
547
547
542
541
541
539
537
536
536
536
540
533
533
533
533
532
531
530
529
529
529
529
530
529
530
530
530
530
527
529
527
529
528
529
528
528
528
528
529
528
529
528
528
528
528
528
528
528
527
529
529
529
545
528
526
526
526
526
526
525
395
395
408
412
412
412
417
423
424
424
428
428
428
430
430
432
435
435
437
438
439
441
441
443
443
443
445
445
446
446
446
448
449
449
450
450
450
450
451
450
451
452
454
454
453
453
455
455
455
455
456
456
454
454
455
456
456
456
457
455
458
455
457
457
580
580
576
573
568
567
568
568
568
564
561
559
558
556
558
556
553
552
551
549
547
547
546
545
544
543
542
541
540
539
538
538
537
537
536
534
534
534
534
534
534
534
533
533
533
532
532
531
531
531
531
531
531
530
530
530
527
528
527
528
528
528
528
528
404
404
410
414
414
414
414
418
419
423
424
424
426
429
431
433
433
434
434
435
436
437
438
439
439
439
441
440
441
442
444
459
459
446
445
446
448
448
448
449
448
449
449
450
450
450
451
453
456
456
455
453
453
453
453
454
456
456
457
457
458
458
459
457
573
573
573
573
573
571
568
567
547
547
560
560
558
557
555
554
555
553
551
551
550
548
545
547
545
544
544
544
547
543
540
540
540
540
539
538
537
536
536
536
535
534
533
533
535
535
533
532
530
530
531
531
530
529
528
528
528
528
526
526
526
527
528
528
402
402
404
407
411
412
416
416
420
420
422
424
425
425
426
430
432
433
433
433
436
436
437
437
438
439
440
440
440
440
442
441
443
444
444
445
446
446
446
447
446
448
447
450
449
450
451
452
452
452
453
453
454
453
455
454
456
456
456
457
457
458
458
459
584
584
578
576
573
571
569
567
566
563
563
560
560
557
555
554
552
552
551
550
550
549
547
545
545
544
543
542
541
541
540
539
539
538
538
538
537
534
535
533
533
533
532
532
532
533
533
531
527
530
530
530
537
528
528
527
527
527
527
526
527
526
526
526
405
405
407
410
413
414
416
416
419
419
423
424
426
427
429
431
431
432
435
433
435
436
437
437
437
439
440
440
440
441
441
441
441
443
443
445
448
447
448
448
448
448
449
450
450
450
451
452
452
452
453
455
459
455
456
453
456
456
456
456
456
457
458
458
582
582
578
577
576
569
569
565
564
564
564
562
559
557
555
554
552
552
552
550
549
548
547
547
545
545
545
542
542
540
540
540
540
539
538
537
537
535
535
534
526
526
530
531
531
529
529
529
528
528
526
527
526
527
527
527
526
526
526
525
525
524
526
523
404
404
410
410
410
408
408
418
420
421
422
423
424
429
430
430
430
432
433
434
434
434
436
434
437
438
439
439
440
441
441
441
440
441
442
444
444
445
446
447
447
448
448
448
450
449
451
449
451
452
453
453
454
454
455
455
455
455
457
456
457
457
457
458
568
568
562
555
549
547
540
538
537
533
532
531
529
525
525
525
524
524
522
522
522
524
524
520
513
520
521
521
520
520
521
521
512
512
520
521
521
521
519
519
520
520
519
519
520
520
520
519
519
521
521
521
521
521
521
521
521
519
519
521
521
521
521
521
407
407
415
422
426
430
435
437
438
442
442
446
448
449
449
450
450
454
456
456
457
458
459
459
459
459
459
462
462
462
462
463
464
463
463
463
464
464
464
464
462
462
464
464
464
464
464
460
460
462
463
465
465
463
463
463
464
464
464
464
464
464
464
464
572
572
568
560
559
555
553
551
546
544
542
540
538
536
532
532
532
531
531
526
526
526
526
523
522
523
522
524
522
521
521
522
522
520
520
520
520
520
523
523
523
520
519
519
519
520
520
520
519
519
519
519
519
519
523
523
519
519
519
520
520
519
519
520
421
416
416
421
421
426
433
435
439
440
442
445
448
448
449
449
452
453
453
453
453
455
456
457
458
458
459
460
459
457
457
457
461
462
462
462
462
463
464
463
463
463
464
464
465
464
464
463
463
463
462
462
463
463
463
464
464
464
463
463
461
463
464
464
573
573
567
563
556
555
552
552
550
542
542
540
540
538
533
532
531
529
526
525
525
525
524
523
522
522
522
522
520
520
520
520
520
519
519
519
519
519
519
519
519
519
518
518
524
524
519
519
516
516
520
520
518
518
519
519
516
516
516
518
519
519
519
519
410
410
422
423
427
428
433
436
439
442
442
444
447
449
449
450
450
454
454
455
456
456
457
457
457
457
458
461
461
461
461
461
462
462
463
464
464
464
463
461
463
463
464
464
464
464
464
464
464
462
462
465
465
464
464
464
464
464
464
464
464
464
464
463
573
573
570
568
555
552
552
551
546
543
541
540
538
532
532
532
532
532
530
526
526
526
525
521
521
522
522
522
521
520
519
519
519
519
519
519
519
518
518
518
519
519
518
518
518
518
518
517
517
518
518
518
517
517
518
518
518
517
518
517
518
516
517
517
413
413
416
423
427
430
431
438
438
440
443
444
445
449
449
450
452
454
454
448
448
455
458
459
459
459
460
460
460
461
461
462
463
463
462
462
462
464
464
463
463
465
465
464
462
462
465
465
465
464
465
465
465
465
463
463
464
464
464
463
463
465
465
464
574
574
567
564
553
552
552
549
548
542
540
540
539
540
536
537
536
532
529
525
525
525
523
523
522
522
522
519
519
519
520
520
523
523
519
519
519
518
518
518
518
517
517
517
517
518
518
518
516
516
519
519
519
517
517
518
518
515
515
519
519
518
517
517
406
406
416
423
427
431
433
435
439
441
442
444
447
449
452
452
450
450
455
455
456
456
458
459
459
459
459
462
462
462
462
462
463
463
464
464
464
465
465
464
464
464
465
465
465
465
465
466
465
465
465
466
466
466
466
466
466
466
465
465
465
465
465
464
551
551
540
539
525
523
520
519
518
517
517
517
517
517
517
517
518
518
518
518
518
518
518
518
519
519
519
519
519
519
520
520
520
520
519
519
521
521
521
521
521
521
522
522
521
521
521
522
522
522
521
521
522
522
522
523
523
522
522
523
523
524
523
523
420
420
432
449
450
458
462
462
464
467
468
469
469
470
470
470
469
469
469
470
471
470
470
468
470
469
470
469
469
468
469
470
470
468
468
468
468
468
468
467
467
467
468
468
468
469
467
467
466
467
466
465
465
465
465
466
464
465
464
465
466
466
466
465
556
556
546
538
531
527
525
520
520
516
514
514
511
510
510
510
511
511
511
512
511
511
511
513
514
514
514
513
511
511
513
514
513
513
513
515
515
516
515
515
515
516
516
517
517
518
518
518
518
518
518
518
518
519
519
521
519
520
520
521
521
519
519
518
434
434
444
448
451
453
457
459
459
459
463
462
463
463
463
463
464
464
464
464
464
463
463
463
463
463
463
462
462
462
463
462
462
460
460
460
456
456
459
459
459
460
461
461
462
462
459
459
460
460
460
459
459
459
459
459
459
456
456
459
459
459
458
458
567
567
564
545
536
532
530
523
522
518
515
515
515
513
513
512
512
511
511
511
511
511
511
511
511
511
511
511
511
510
512
511
511
511
511
512
512
513
512
516
513
514
513
513
512
512
513
514
514
514
513
511
511
515
515
515
515
515
517
518
518
517
516
516
426
426
433
438
442
449
455
456
460
460
460
462
464
465
464
463
463
464
465
465
465
464
464
464
465
465
465
464
462
462
463
463
462
461
461
462
462
462
462
460
460
462
462
461
461
460
460
461
461
460
458
458
460
461
462
462
460
460
460
460
460
460
459
458
569
569
557
550
540
535
530
527
522
522
522
525
522
522
519
515
515
514
514
513
513
514
514
513
513
512
512
512
512
512
512
512
510
512
512
513
513
511
511
512
513
513
513
513
514
514
514
514
514
514
515
515
515
515
514
514
514
516
516
516
515
515
516
516
420
420
425
434
445
451
454
454
455
459
459
461
462
462
462
462
462
463
463
463
463
463
463
464
464
463
463
463
463
463
460
460
463
463
463
463
463
462
462
462
463
463
462
462
462
462
462
462
462
462
460
461
461
462
462
461
461
461
461
461
461
461
460
461
572
572
560
555
548
540
533
528
525
525
521
518
518
515
515
516
516
515
514
513
513
513
513
512
512
512
510
512
511
511
511
509
509
511
512
511
511
511
511
513
513
513
511
513
512
514
512
513
512
513
513
513
513
514
512
514
514
514
514
514
512
515
512
515
440
428
433
433
443
445
451
451
451
456
460
462
460
462
462
463
463
463
462
463
463
463
463
464
462
462
462
463
463
464
463
464
463
464
463
463
463
462
463
463
463
462
461
461
461
462
462
461
461
461
461
461
461
460
459
460
460
460
460
460
459
459
460
460
