359
359
365
367
367
371
372
374
375
376
379
379
379
381
382
383
383
383
381
388
387
388
389
389
389
390
390
390
392
392
393
394
394
394
395
395
396
397
398
398
398
398
399
399
399
400
401
401
402
402
402
402
403
403
403
403
406
406
412
405
406
406
406
406
671
671
662
656
651
647
643
640
637
635
634
629
627
624
621
618
618
615
614
613
612
611
611
608
603
602
602
601
600
599
599
597
596
595
594
592
592
591
591
589
589
587
587
587
586
586
585
584
582
582
582
582
581
580
580
580
579
579
578
577
577
576
575
576
304
304
313
318
322
327
330
333
336
339
339
344
347
351
352
352
356
357
359
361
361
363
366
367
369
370
371
373
373
374
376
377
379
379
381
382
382
382
383
383
386
386
387
387
388
388
389
389
391
392
393
394
394
394
395
395
396
396
398
399
399
399
400
401
664
664
661
651
650
646
642
640
635
633
630
628
626
624
621
619
617
615
613
610
609
609
607
605
605
603
602
600
599
597
597
595
591
591
591
591
590
589
588
588
587
587
586
586
585
582
582
582
581
581
579
579
578
578
577
577
576
576
575
574
574
574
573
573
302
302
317
318
321
324
328
331
337
337
337
342
347
348
351
351
353
355
357
357
361
361
362
362
365
367
370
370
371
372
374
375
375
373
373
379
380
380
380
381
382
384
385
386
387
388
388
389
390
391
392
392
393
393
394
395
396
397
397
397
398
398
399
400
672
672
660
655
650
646
642
639
636
631
631
629
629
624
622
619
617
617
615
612
610
610
609
607
604
603
601
601
599
598
597
595
594
593
593
591
591
589
588
588
586
585
585
584
583
583
582
581
581
580
580
579
578
578
577
576
575
574
573
573
573
572
572
572
302
302
307
316
320
324
327
330
332
338
339
341
343
348
348
350
354
355
355
357
357
359
361
364
365
367
370
371
371
373
374
374
375
376
377
379
379
380
379
382
383
383
385
385
387
388
388
389
390
390
391
392
393
394
395
395
395
397
397
397
398
399
399
399
669
669
664
655
650
646
642
639
636
634
629
625
625
625
622
619
617
615
613
612
610
608
606
605
604
602
602
599
599
596
595
595
594
593
591
591
590
589
587
586
586
586
584
584
583
582
581
580
579
579
577
577
577
576
575
575
575
574
573
573
572
572
571
571
301
301
309
316
322
323
327
327
334
338
341
341
344
344
344
349
350
353
355
358
360
360
361
361
363
366
367
369
369
370
372
374
375
376
377
378
380
381
380
381
383
384
384
385
387
387
387
389
390
391
392
392
392
394
395
395
396
396
397
398
398
398
399
400
669
669
669
661
646
646
641
641
640
633
631
627
626
624
622
622
620
615
614
610
609
609
608
605
604
603
603
600
598
598
596
596
595
594
592
591
587
587
587
587
586
586
585
583
582
581
580
580
579
578
578
577
577
576
575
575
574
573
573
572
571
571
570
570
300
300
309
315
322
326
326
329
331
332
337
339
341
342
347
349
351
351
353
357
358
360
362
363
363
365
367
367
369
371
372
373
375
376
377
379
380
381
381
382
383
384
385
387
387
387
388
388
390
392
392
392
393
394
395
395
396
397
397
397
397
399
400
401
620
620
605
595
583
579
574
569
565
563
561
559
559
557
555
554
554
552
551
551
550
550
549
548
548
547
547
547
546
546
546
545
545
545
545
544
543
543
543
543
542
542
542
542
542
542
541
541
540
537
540
541
541
540
540
540
539
539
539
539
539
539
539
539
317
317
329
343
345
352
358
360
368
373
377
382
384
387
391
393
396
399
401
403
405
406
408
409
409
410
411
412
412
412
414
420
414
415
415
416
416
416
417
417
417
417
417
418
418
418
419
419
419
419
419
419
419
420
423
420
421
421
421
421
421
421
421
421
649
649
641
632
625
618
612
612
609
596
591
591
583
580
576
573
568
567
566
563
561
561
558
557
556
556
554
553
552
552
552
550
550
549
548
547
547
547
547
546
545
545
545
544
544
544
544
544
544
543
542
542
542
541
541
541
541
541
541
541
540
540
540
540
316
316
328
343
344
350
355
359
366
371
375
383
383
386
389
392
395
398
399
402
404
405
407
408
408
410
412
412
412
413
414
414
415
415
415
416
417
417
417
417
418
418
418
418
419
419
419
419
419
420
420
420
420
420
420
420
421
421
421
421
421
421
421
421
655
655
643
635
627
622
614
609
604
601
594
590
586
581
578
575
572
569
566
565
563
561
560
558
557
556
555
554
552
552
551
550
549
548
548
548
546
546
546
546
545
545
544
544
544
544
543
543
542
542
542
542
542
541
541
541
541
541
540
540
540
540
539
540
321
321
327
334
343
349
355
361
366
370
378
378
382
386
389
392
394
398
400
401
402
405
407
409
409
412
414
414
413
413
413
414
414
415
416
416
416
416
417
417
417
418
418
418
419
419
419
419
419
419
418
420
420
420
421
420
421
421
421
421
421
424
424
422
661
661
645
636
628
622
615
610
604
599
593
590
585
582
578
575
571
567
567
565
563
561
560
558
557
557
552
553
552
552
551
550
550
549
548
547
547
546
545
545
545
545
545
544
543
543
542
542
542
542
542
542
541
541
541
540
540
540
539
539
539
539
537
537
312
312
333
336
343
347
357
361
366
370
374
380
382
388
389
393
396
398
400
402
404
405
406
409
409
410
411
412
412
413
413
414
415
415
415
416
417
417
417
417
418
418
418
418
417
419
419
419
420
420
420
421
421
421
421
421
421
421
421
421
421
422
422
422
658
658
646
637
628
622
616
610
606
600
598
588
586
582
581
575
570
569
566
565
563
559
559
558
557
556
555
555
553
552
551
550
550
548
547
547
547
547
546
543
543
544
544
543
543
543
543
542
542
542
541
541
541
540
540
540
540
540
539
539
539
539
539
539
320
320
326
332
346
349
355
359
366
370
374
378
382
387
390
393
396
398
401
402
404
406
408
412
408
412
412
412
413
414
418
415
416
416
416
417
417
417
418
418
418
418
420
420
420
420
420
420
420
421
421
421
421
421
422
422
422
422
422
422
423
423
423
423
610
610
590
574
562
557
554
549
547
543
541
540
540
538
537
537
537
536
536
536
536
535
535
534
534
534
534
533
533
533
533
533
532
532
532
532
532
532
531
531
531
531
531
531
531
531
531
531
531
531
531
531
531
530
530
530
530
530
530
530
530
530
530
530
341
341
354
367
378
390
395
400
404
407
409
411
413
415
416
417
418
419
420
421
421
423
423
423
423
424
424
424
424
425
425
425
425
425
425
425
425
425
426
426
426
426
427
427
427
427
427
428
428
428
428
428
428
428
429
429
429
429
429
429
429
429
429
429
629
629
616
608
599
593
575
571
562
559
559
553
551
551
548
547
546
544
543
542
541
540
539
539
538
537
537
536
535
535
535
534
533
533
533
532
532
532
531
531
531
531
530
530
530
530
529
529
529
529
529
529
528
529
529
529
529
529
529
528
526
526
528
528
345
345
359
370
378
384
392
398
401
406
408
412
414
416
417
418
419
421
422
422
423
423
424
425
425
426
426
426
426
426
426
427
428
428
428
428
428
428
428
429
429
429
429
429
429
430
430
430
430
430
430
430
430
430
431
431
431
430
430
431
431
431
430
431
632
632
616
604
593
583
576
570
565
560
558
555
552
551
546
546
545
543
542
540
540
539
538
537
535
535
535
534
533
533
533
533
531
531
531
530
530
529
529
529
529
532
529
528
527
527
527
527
526
526
526
526
526
526
526
526
526
525
525
525
525
525
525
525
344
344
359
370
379
387
394
400
404
408
413
415
415
417
418
419
422
423
422
423
423
424
425
425
426
426
426
427
427
430
430
429
428
429
429
429
429
431
430
430
430
430
430
431
431
431
431
431
431
431
431
431
431
431
431
432
432
432
432
432
432
432
431
431
631
631
617
604
597
587
579
573
569
563
559
557
554
551
549
547
545
545
542
541
540
538
537
537
536
535
535
534
533
533
532
531
531
531
531
530
530
530
529
528
528
528
528
527
527
527
527
527
527
527
526
526
526
526
526
526
526
526
525
525
525
525
525
525
347
347
357
368
378
387
394
400
404
408
409
412
413
416
417
418
419
420
421
422
422
423
423
424
424
424
425
425
426
427
432
427
428
428
428
428
428
428
428
429
429
429
430
430
430
430
430
430
430
430
430
431
431
431
431
431
431
431
431
431
431
432
432
431
634
634
619
607
597
587
580
573
568
564
560
556
556
552
550
549
548
545
542
542
541
540
539
538
534
534
535
535
534
533
533
533
533
533
531
530
530
529
529
529
529
529
528
527
527
527
527
527
527
527
526
526
526
526
526
525
525
525
525
525
525
521
521
525
343
343
356
362
376
385
393
398
403
406
409
411
412
415
415
417
419
421
420
421
421
421
423
423
424
424
424
424
425
425
426
426
427
427
427
427
427
427
428
428
428
428
429
429
429
429
429
429
429
429
430
430
430
430
430
430
430
430
430
430
431
431
431
431
572
572
558
550
544
537
536
534
533
530
529
527
527
526
526
526
526
526
526
525
526
525
526
526
526
524
524
525
526
526
525
525
525
525
525
525
526
526
526
526
526
526
526
526
526
526
526
526
526
527
527
527
527
527
527
527
527
527
527
527
527
527
527
527
375
375
390
401
406
411
414
417
420
422
423
425
425
427
427
428
429
429
430
430
431
431
431
431
431
432
432
432
432
432
432
432
432
432
432
432
433
433
433
433
433
433
433
433
433
433
432
433
433
433
433
433
433
433
433
433
433
437
437
434
434
434
434
434
599
599
582
572
560
555
555
552
548
546
544
542
540
538
537
535
534
533
532
531
530
530
530
529
528
527
525
527
525
525
525
526
526
526
526
526
526
526
525
525
525
525
525
525
526
526
525
525
525
526
525
526
526
526
526
526
526
526
526
526
526
526
526
526
382
382
389
398
403
407
410
412
415
417
418
420
420
422
423
424
425
426
426
427
428
428
428
428
429
429
430
430
430
429
429
431
431
431
431
432
432
432
434
435
435
432
432
432
432
432
432
432
432
433
433
432
432
433
433
433
432
432
432
433
433
433
433
433
602
602
584
574
568
561
559
556
553
550
546
545
543
541
541
537
536
536
536
534
533
532
531
530
530
530
531
528
528
528
527
527
527
527
527
527
526
526
526
526
526
526
526
525
526
526
526
526
526
527
526
526
526
526
526
526
526
526
526
526
526
526
526
525
380
380
389
400
401
406
409
411
413
413
417
418
419
421
421
422
423
424
424
425
426
427
427
427
427
428
429
429
429
429
430
430
430
431
431
431
431
431
431
431
431
431
432
432
432
432
432
432
432
432
432
432
432
432
432
432
432
432
432
432
432
432
432
433
603
603
585
576
567
565
561
558
554
553
549
547
545
541
540
540
538
537
535
534
533
532
532
530
530
530
529
529
529
528
528
528
528
527
527
527
526
526
525
525
525
526
526
526
526
526
526
525
526
526
526
526
526
525
525
525
525
525
525
525
525
525
525
525
371
371
387
395
400
404
407
409
412
415
416
416
418
419
419
420
422
422
424
425
426
426
427
427
428
428
429
429
429
429
429
430
430
431
431
431
431
431
431
431
432
432
432
432
432
432
432
432
432
431
432
432
432
432
432
432
432
432
432
432
432
432
432
432
606
606
589
577
566
566
563
555
553
552
551
549
546
544
543
540
539
538
537
536
536
533
532
531
531
530
530
529
529
528
528
527
527
527
527
527
526
526
526
526
525
525
525
525
525
525
525
525
525
525
524
525
525
525
525
525
525
525
525
525
525
525
525
525
371
371
387
395
400
403
406
409
411
412
414
417
418
418
419
421
422
422
423
423
424
425
426
426
427
428
428
428
429
429
429
430
430
430
430
430
430
431
435
434
434
431
431
431
431
432
432
432
432
432
432
432
432
432
432
432
432
432
432
432
432
433
433
432
