484
491
481
480
480
482
482
482
480
480
480
480
480
480
480
480
480
480
480
479
480
480
480
480
478
478
479
480
479
480
480
480
480
479
480
479
479
479
480
480
480
480
480
480
480
480
481
481
480
480
481
485
485
481
481
480
481
478
480
480
480
480
480
480
543
548
543
540
539
539
538
537
537
536
536
541
541
548
543
543
534
534
534
534
534
534
534
534
533
533
533
533
532
532
532
532
531
530
531
531
532
532
532
531
531
531
529
529
529
530
530
530
529
529
530
530
529
529
530
530
529
529
529
529
529
529
529
529
407
407
413
416
417
420
424
430
430
430
431
432
434
435
435
437
437
437
438
439
439
441
442
443
443
443
444
444
444
445
446
446
446
445
448
448
448
449
449
449
449
449
450
450
450
451
451
452
452
452
452
452
451
451
452
452
454
454
454
454
454
455
455
455
573
573
568
565
562
559
558
556
553
552
552
551
550
551
548
547
546
545
545
545
543
555
541
541
540
540
540
539
539
538
538
536
536
537
537
536
535
535
536
536
535
534
534
533
533
533
533
533
533
533
532
532
527
531
531
531
531
531
531
531
531
531
531
530
408
408
408
412
420
421
424
427
427
429
431
432
432
434
434
437
437
437
437
439
440
440
441
442
442
443
443
443
444
445
445
446
446
446
447
447
449
449
448
448
448
450
450
450
450
451
451
451
452
453
453
453
453
452
467
453
470
454
454
453
453
454
455
455
576
576
570
568
565
562
561
559
559
557
555
553
551
551
551
550
548
546
546
546
546
544
532
532
541
542
541
540
540
541
541
540
540
540
539
538
538
537
537
536
536
536
536
536
535
535
535
528
528
535
535
532
532
532
533
533
533
533
533
533
522
522
532
532
405
405
410
415
419
421
423
425
428
429
429
431
433
433
433
434
434
435
437
438
438
439
440
441
441
441
442
442
444
444
444
444
445
445
446
446
446
447
447
447
448
449
449
450
450
450
450
451
451
452
452
455
451
452
452
453
453
453
453
454
454
454
455
454
569
572
572
566
566
561
561
561
560
556
556
555
552
552
551
549
549
548
546
546
546
546
544
544
544
543
543
543
543
543
541
540
540
540
539
539
538
538
538
538
538
537
537
536
536
536
535
535
534
535
534
535
535
535
533
533
533
532
532
532
532
532
532
532
407
407
411
412
417
420
423
423
423
427
428
431
431
431
432
434
435
436
437
437
437
439
439
439
441
441
441
422
442
443
443
444
445
444
445
444
446
447
447
447
447
448
448
448
449
449
449
449
450
451
451
451
451
451
452
452
452
453
453
453
453
453
453
454
578
578
574
569
567
566
562
560
560
558
555
554
544
553
551
551
550
549
549
548
548
547
545
545
546
552
552
543
542
543
542
542
541
540
540
540
540
540
538
538
538
538
538
537
542
537
536
536
536
536
536
535
535
534
534
533
533
533
533
533
533
533
533
533
404
404
410
415
416
419
422
423
425
425
427
428
431
431
432
434
434
435
435
435
437
438
439
439
439
440
440
441
442
442
442
443
443
444
445
445
445
445
446
446
447
448
448
448
448
448
449
450
450
450
450
451
451
452
452
452
452
452
453
453
451
451
452
453
551
551
545
542
538
536
534
532
530
530
529
530
528
531
527
527
527
527
524
524
524
525
525
525
518
518
524
524
524
524
524
523
523
522
522
522
522
523
522
522
522
522
523
522
522
522
536
536
527
522
522
522
521
521
521
521
520
520
519
520
520
520
520
520
415
415
418
426
426
431
431
434
436
437
438
441
443
444
445
446
447
449
450
452
452
452
453
455
455
455
455
455
455
455
459
459
459
460
460
461
463
463
462
460
462
461
462
462
463
464
464
464
464
464
463
464
464
464
465
467
466
466
466
465
466
465
466
466
566
566
562
559
557
555
552
548
548
548
548
544
543
542
542
542
541
540
539
538
537
538
536
535
533
532
532
532
532
531
528
528
531
531
530
528
527
528
527
527
527
527
526
526
526
525
526
524
525
525
525
525
525
525
526
524
524
524
523
524
523
523
523
523
413
413
417
421
423
426
427
431
431
434
436
437
439
440
441
442
443
446
446
448
448
448
449
451
451
451
453
453
454
454
455
456
456
457
459
459
459
459
459
461
461
461
461
461
462
463
463
463
464
464
464
464
464
464
464
464
464
465
465
465
465
465
465
465
566
566
566
564
558
556
554
551
548
548
548
547
545
544
543
542
541
541
540
540
540
537
537
536
534
535
534
534
533
533
531
533
531
529
529
529
529
528
527
527
527
527
526
526
526
526
525
524
523
523
523
522
523
523
523
523
523
523
532
532
523
522
522
522
435
418
419
419
424
425
428
429
431
433
435
437
438
439
440
443
444
444
444
446
446
446
449
450
450
450
451
452
454
454
455
455
455
454
437
437
458
458
459
459
460
460
460
460
460
461
461
462
463
464
464
464
464
464
465
465
465
464
464
465
465
465
464
465
569
569
563
562
558
556
554
553
550
549
549
547
547
547
544
543
541
541
541
540
539
538
538
537
536
535
535
533
532
532
531
531
531
531
530
529
528
528
528
526
526
526
526
534
526
535
526
527
524
522
522
522
523
523
523
523
522
522
522
522
522
522
523
522
413
413
417
421
423
426
428
430
432
433
435
435
435
438
440
441
442
443
444
445
445
446
447
448
448
450
451
452
452
452
453
454
455
455
455
458
458
458
459
460
460
460
461
460
462
462
462
462
462
463
463
463
464
464
469
469
461
461
464
464
465
465
465
465
568
568
565
561
558
558
556
553
550
549
548
548
546
546
545
545
540
542
540
539
539
539
540
540
536
535
535
535
534
532
532
532
531
531
530
529
529
528
528
527
511
511
525
525
525
525
525
524
524
524
524
524
523
522
522
522
522
522
522
522
522
521
521
520
409
409
417
419
419
425
427
428
431
433
434
436
437
438
439
441
442
443
444
445
446
448
447
448
449
449
450
451
453
453
453
454
455
455
456
457
456
457
458
459
463
460
460
460
461
461
460
460
461
462
463
462
463
463
464
464
464
465
463
465
464
465
465
466
553
555
553
544
544
540
537
533
532
531
528
523
523
522
522
521
521
521
521
520
520
520
520
520
519
519
520
520
520
520
520
520
520
520
520
520
520
521
521
521
525
525
521
521
519
520
520
520
520
520
520
520
521
521
520
520
520
521
520
520
520
521
521
521
419
419
430
434
434
442
445
445
447
449
453
455
457
457
458
461
462
462
463
464
465
465
464
464
465
468
468
467
467
467
467
467
468
468
468
468
468
468
468
468
468
469
468
468
468
468
468
467
467
468
468
468
467
467
467
468
468
468
468
468
468
468
468
468
558
558
553
546
546
544
544
539
537
535
534
533
530
529
528
528
527
526
524
524
524
524
521
521
522
522
521
521
521
521
521
521
520
520
520
520
520
520
520
520
521
521
520
520
521
521
521
520
520
520
519
519
519
520
520
520
519
519
519
521
521
520
520
520
418
418
425
431
435
438
443
445
446
450
451
452
456
458
459
459
460
460
463
463
463
464
465
465
465
464
464
464
466
444
466
458
466
467
467
467
467
467
468
467
466
466
468
468
467
467
467
468
468
468
468
468
468
468
467
467
467
468
468
468
468
468
468
467
559
559
550
547
547
542
538
536
536
534
533
533
533
531
527
526
501
501
523
523
522
522
522
521
520
520
520
520
520
519
518
519
519
519
519
519
519
519
519
519
519
519
519
519
519
519
519
519
518
518
518
518
519
519
519
519
519
520
520
519
519
519
519
519
421
421
426
433
436
439
441
444
447
450
452
454
455
458
458
459
459
461
462
463
464
464
464
465
466
465
466
467
467
467
467
467
467
467
468
469
468
468
468
468
468
468
469
469
469
468
468
468
468
469
469
468
468
468
468
468
468
468
468
468
468
468
467
468
559
559
553
551
551
544
542
541
536
535
533
530
530
530
527
525
524
523
523
522
522
522
522
521
520
520
519
519
520
520
520
518
518
518
518
518
518
518
518
518
518
518
518
518
518
518
518
518
518
518
518
518
518
518
518
517
517
518
518
518
518
518
518
518
421
421
431
432
435
438
441
445
448
449
451
453
455
457
458
458
459
462
462
462
462
464
464
466
466
466
465
466
466
466
467
468
468
466
466
467
468
468
469
469
469
469
467
467
467
468
468
469
469
468
468
468
468
465
468
470
470
468
466
468
468
469
469
469
561
561
551
548
548
542
540
538
537
536
534
532
530
530
527
526
525
524
523
523
522
521
521
521
521
521
521
520
519
519
519
519
519
519
519
518
518
518
518
518
518
519
519
517
517
517
517
518
518
518
517
517
510
511
511
517
517
517
517
522
522
517
517
517
416
416
425
432
436
439
441
443
446
449
451
453
455
456
457
459
460
460
462
463
464
464
465
465
465
466
466
466
466
467
467
467
467
467
468
468
468
468
468
468
468
468
469
469
469
469
468
468
468
469
469
469
469
469
468
468
468
469
469
469
469
469
469
469
539
539
531
526
523
520
519
519
518
518
517
517
517
517
517
517
517
517
517
518
518
519
519
518
518
518
518
518
517
508
508
519
519
520
520
520
520
520
520
520
523
523
521
521
521
520
520
520
520
520
521
521
521
522
522
521
521
521
522
515
522
509
526
523
428
428
438
447
454
458
463
464
464
467
469
469
470
471
472
473
473
473
473
473
473
473
473
473
477
473
473
473
473
472
472
472
472
470
471
470
471
470
471
470
470
470
470
469
470
469
470
469
469
469
469
468
468
468
468
468
468
468
468
468
468
467
467
467
548
548
542
534
530
524
522
524
522
525
519
519
517
517
517
517
517
517
517
517
517
517
517
517
518
518
518
518
518
518
519
518
518
518
518
518
522
522
519
519
519
520
520
519
519
519
520
520
520
520
520
520
520
520
521
521
521
522
522
522
526
521
525
522
428
428
437
444
452
457
459
464
466
468
470
470
471
472
473
474
474
474
474
475
474
476
474
474
474
476
476
476
476
476
476
474
474
474
474
474
474
473
473
473
473
473
473
472
472
472
472
471
471
471
471
471
471
471
470
470
470
470
470
469
469
470
470
469
544
544
541
535
530
527
524
524
520
518
518
517
517
516
515
515
516
516
516
516
516
521
517
517
517
516
517
515
517
517
517
517
518
518
518
517
518
518
518
519
518
518
518
519
519
519
519
519
519
519
520
520
520
519
520
520
520
520
520
521
521
521
520
521
429
429
438
447
453
458
459
464
468
468
468
470
471
472
472
472
472
473
473
473
473
473
473
474
474
475
474
474
474
474
474
475
475
475
474
474
473
474
474
474
474
472
472
472
472
472
472
473
472
474
471
470
470
470
470
471
471
471
470
470
470
470
470
469
549
549
541
536
530
529
523
522
520
519
517
517
517
516
515
516
515
515
515
515
512
515
515
515
517
517
517
516
516
516
516
516
516
517
516
517
517
517
517
517
520
517
518
518
518
518
518
518
518
519
519
519
519
519
518
518
509
519
519
519
519
519
519
519
435
435
441
445
446
458
461
463
466
469
469
469
470
472
473
472
473
473
474
474
474
474
474
472
474
475
475
475
475
475
475
488
474
475
474
475
474
474
474
474
474
475
475
474
473
473
473
474
474
473
473
473
473
473
473
472
472
472
472
472
469
469
471
471
549
549
540
537
531
531
525
523
522
519
518
517
517
517
516
515
515
516
520
516
515
515
515
515
515
515
515
516
516
516
516
516
516
516
516
517
517
517
517
517
517
517
517
517
518
518
518
518
518
518
518
518
518
518
519
518
519
518
519
519
519
519
519
519
428
428
437
445
452
457
461
464
465
467
468
468
468
469
472
472
472
473
473
473
474
474
474
474
474
474
474
474
475
474
475
475
475
475
475
468
475
474
474
474
474
474
474
474
474
474
474
473
473
473
473
472
472
472
472
472
472
472
472
472
472
472
472
472
