357
357
364
371
368
370
370
375
375
375
375
377
378
380
380
380
381
382
382
383
386
386
386
388
387
387
387
387
388
389
389
389
390
390
390
391
392
392
392
392
393
393
393
394
394
395
395
395
396
396
396
396
397
397
397
397
397
398
398
398
398
399
399
399
676
676
668
662
656
653
648
642
641
640
640
635
634
631
630
626
626
624
623
620
619
618
617
617
616
613
611
610
608
608
606
606
605
604
603
602
601
601
599
599
599
598
597
596
596
596
594
594
594
593
592
592
592
591
590
590
589
589
588
587
587
587
587
586
305
305
312
319
321
327
333
333
337
338
340
344
346
347
350
352
353
356
356
356
359
359
364
365
365
365
369
370
371
374
375
375
376
377
377
379
379
380
380
381
383
383
384
388
388
387
387
387
389
389
390
391
391
391
392
393
393
391
391
394
396
395
396
396
674
674
666
659
655
651
646
645
642
637
636
637
634
634
629
628
626
624
623
620
619
618
614
614
614
612
611
609
608
608
606
606
604
603
603
603
600
599
595
595
597
597
596
595
594
594
594
592
592
592
591
590
590
589
588
588
587
587
587
586
586
586
585
585
302
302
310
316
320
324
325
327
336
336
339
340
343
345
347
349
353
354
354
356
358
360
361
363
364
364
367
368
369
370
371
373
374
375
376
378
378
378
379
381
383
383
382
382
382
385
386
387
387
388
389
390
390
390
391
391
392
392
393
393
393
394
394
394
675
675
666
660
658
652
649
649
646
640
638
636
634
629
628
628
625
623
622
621
620
616
615
615
614
612
610
610
609
607
606
606
605
603
602
602
599
599
599
598
597
596
595
594
593
593
592
591
590
590
590
590
589
588
588
587
587
586
585
585
585
585
583
583
301
301
309
317
320
323
323
325
333
336
338
340
343
344
347
349
350
352
353
356
358
359
361
364
364
364
366
368
369
369
369
371
370
373
377
378
378
379
379
381
381
381
382
384
385
386
387
387
387
387
389
389
390
391
391
392
396
393
394
394
394
395
395
395
674
674
666
660
655
648
648
645
641
640
635
635
633
631
630
629
624
624
621
619
619
617
616
615
613
611
610
609
608
608
609
609
604
603
603
602
600
599
598
597
597
596
594
593
593
593
592
591
591
590
589
588
588
588
588
587
586
586
586
585
584
584
583
583
304
304
307
314
318
322
326
328
335
336
337
339
339
344
346
347
347
353
353
355
358
359
359
361
363
363
365
365
368
369
370
371
372
375
375
375
377
379
380
380
381
381
382
383
384
387
387
387
387
388
388
391
390
390
389
389
391
392
393
393
391
391
392
394
675
675
665
661
658
654
649
646
643
641
636
635
632
632
630
628
626
624
623
621
620
617
616
614
613
612
611
609
608
607
605
603
604
603
602
600
600
598
597
596
596
595
594
593
592
593
592
591
591
589
589
589
588
587
587
586
586
585
585
584
584
584
583
583
299
299
307
315
318
322
327
329
331
334
337
339
342
343
346
348
352
352
353
355
357
359
361
361
363
364
365
367
368
369
370
373
373
373
375
377
378
378
379
380
381
382
383
385
385
390
386
387
387
388
389
390
390
393
392
392
392
392
393
393
394
394
395
395
628
628
614
605
596
590
587
584
579
579
577
576
575
575
573
573
573
572
572
572
571
571
570
570
570
569
569
568
568
568
568
568
568
568
567
567
565
567
565
566
566
566
566
566
566
566
565
565
565
565
565
564
564
564
564
564
563
563
563
563
563
563
563
563
319
319
329
337
344
349
359
361
364
368
372
375
378
379
381
385
387
391
391
392
394
397
397
400
400
400
400
401
402
402
403
403
405
405
405
407
407
407
407
408
408
408
409
409
410
410
410
410
411
412
412
412
412
413
413
413
413
413
413
412
412
414
415
415
658
658
647
640
636
628
624
619
614
610
606
602
599
595
593
591
588
587
585
584
582
581
581
579
578
578
578
577
575
574
573
573
573
573
572
572
572
571
571
571
571
570
570
569
569
569
568
568
568
568
567
567
567
567
566
566
566
566
566
566
566
566
565
565
315
315
329
333
339
348
349
355
360
366
368
371
374
377
380
382
384
386
388
389
391
392
394
395
396
397
398
399
401
405
402
403
402
403
404
404
405
406
407
408
408
408
409
409
410
410
411
411
411
412
412
413
413
414
414
415
415
415
415
415
415
416
416
416
659
659
650
642
636
631
625
617
616
611
608
604
600
597
595
590
590
589
588
584
582
582
581
580
580
578
578
578
577
576
575
574
574
573
573
573
573
572
571
571
571
570
570
569
569
569
569
568
568
568
568
568
567
567
567
566
566
566
566
566
566
566
565
565
314
314
324
331
336
344
348
354
356
361
367
370
374
376
379
380
382
384
386
388
391
391
392
393
395
395
396
397
398
399
400
401
402
403
403
403
403
405
405
406
408
408
408
408
410
410
410
411
411
412
414
414
414
414
414
414
415
415
415
415
416
416
416
416
660
660
650
643
637
632
626
621
617
612
608
604
602
597
594
594
590
588
587
585
584
583
582
580
579
579
578
577
577
576
575
575
575
575
573
573
573
572
571
571
571
570
570
570
569
569
569
569
568
567
567
567
567
567
567
566
566
566
567
567
566
565
566
565
311
311
322
330
336
345
348
357
363
363
365
369
372
375
377
379
382
383
385
386
388
389
390
392
393
394
394
396
397
397
398
400
400
401
401
403
404
404
404
405
408
408
407
407
408
410
410
409
409
410
410
411
411
411
411
412
412
413
413
415
418
418
414
414
663
663
654
645
635
628
628
623
619
615
611
611
607
600
598
596
594
592
590
589
585
585
585
585
585
584
582
581
581
580
580
579
579
579
577
576
576
576
576
576
575
574
574
574
574
573
573
572
572
572
572
572
571
571
571
570
570
570
569
569
569
569
569
569
313
313
315
324
331
336
342
347
351
354
354
359
365
369
372
372
376
381
383
385
385
387
387
388
390
392
393
393
394
395
395
397
397
397
398
399
399
399
400
401
402
403
403
403
404
405
405
405
405
407
408
408
408
408
409
409
409
409
409
409
409
409
409
411
625
625
608
597
591
587
584
584
580
579
577
575
575
573
572
572
572
572
571
573
571
573
570
568
568
568
568
568
568
568
566
566
566
565
565
565
565
565
565
565
565
565
564
564
564
564
564
563
563
564
564
564
563
563
563
563
563
563
563
563
563
562
563
562
324
324
334
345
353
358
363
366
369
371
376
376
379
380
381
384
385
386
389
390
395
396
396
397
399
400
401
402
404
405
405
407
408
408
409
410
410
410
411
411
412
412
413
413
414
414
414
415
415
416
416
416
416
418
418
417
417
417
417
419
419
418
418
418
643
643
631
621
609
603
600
598
595
592
591
590
589
587
585
584
584
583
582
580
579
578
576
575
575
574
573
572
572
571
570
570
569
569
568
568
567
567
567
566
565
565
565
564
564
564
563
563
563
563
562
562
562
562
562
562
562
561
561
561
559
559
560
561
319
319
333
344
352
356
360
364
366
369
372
375
376
378
380
382
384
388
391
391
392
394
396
397
400
401
401
404
405
405
406
407
408
410
410
412
414
413
414
413
414
413
414
416
416
416
416
417
417
417
418
418
418
418
418
418
419
419
419
419
419
419
420
420
637
637
633
622
612
607
603
601
598
596
594
592
590
589
589
587
586
585
584
581
579
579
579
577
575
574
574
572
572
571
570
570
569
568
568
567
567
566
565
565
564
564
564
563
563
562
561
561
561
561
561
560
560
560
560
559
559
559
559
559
560
560
559
559
317
317
331
344
352
358
359
359
368
369
372
373
376
378
381
384
385
389
389
390
392
392
395
397
399
401
402
404
405
404
405
407
409
409
410
411
412
413
413
414
415
415
415
416
417
417
418
418
418
418
419
419
419
419
419
420
420
420
420
420
420
420
421
421
648
648
634
623
613
608
604
601
600
599
595
592
590
590
589
588
586
586
584
582
581
579
577
575
575
574
574
574
574
572
570
568
567
567
567
566
565
565
564
564
562
562
563
563
562
562
561
561
561
561
561
560
560
560
559
558
559
559
559
559
558
558
558
558
317
317
332
335
341
358
361
365
365
369
371
372
377
377
379
381
383
387
389
389
390
393
394
396
398
401
402
403
404
404
407
407
410
410
410
411
412
414
414
414
415
415
416
416
416
417
418
418
419
419
419
419
422
422
420
420
420
420
421
421
421
421
422
422
650
650
635
623
614
608
604
602
598
597
595
594
591
590
591
590
587
586
584
584
582
579
579
577
576
575
574
572
572
571
570
569
568
568
567
566
565
565
564
563
563
563
562
561
561
561
560
560
560
559
558
557
557
557
558
558
558
558
558
558
558
557
557
557
318
318
332
344
352
357
363
365
370
370
370
372
376
377
379
383
385
385
387
389
389
394
394
396
398
400
402
402
403
405
406
407
409
410
410
411
412
413
414
415
415
416
416
417
417
417
418
418
418
419
419
419
420
420
421
421
421
421
421
421
421
422
422
423
601
601
595
588
583
574
573
569
566
566
561
559
558
558
557
557
556
556
556
555
555
555
555
555
555
554
554
554
556
556
554
553
553
552
552
553
553
553
553
553
553
553
553
553
553
553
553
553
553
552
552
552
552
552
552
552
552
552
552
552
552
552
552
552
350
350
357
364
368
371
374
377
378
383
387
392
392
394
398
401
403
404
405
411
411
412
414
415
416
417
418
418
419
419
420
422
423
422
423
423
423
424
424
424
424
424
424
425
429
429
426
426
426
426
426
426
426
426
426
426
426
426
426
427
427
427
426
426
609
609
601
600
594
594
592
592
587
582
579
574
573
570
568
565
563
563
562
560
558
557
557
556
556
555
555
554
554
553
553
553
552
552
552
551
551
551
550
551
550
550
548
547
546
542
539
538
538
537
536
535
535
534
534
534
534
534
533
533
533
533
533
532
375
375
387
395
401
407
411
415
417
420
426
429
429
430
430
431
432
433
434
438
438
438
437
437
438
439
439
440
439
440
440
441
441
441
441
441
441
441
441
441
441
442
442
440
440
441
441
442
442
442
442
442
442
443
443
442
441
442
441
441
441
442
442
442
592
592
581
573
563
560
559
556
556
553
548
546
544
544
541
541
540
537
537
537
537
536
536
535
535
535
535
534
534
534
532
532
533
533
533
533
532
532
532
532
532
532
532
532
532
532
532
534
534
533
533
533
532
532
532
533
533
533
533
533
533
533
534
534
371
371
383
388
396
401
406
409
413
416
422
424
424
426
427
429
430
431
432
432
433
434
434
434
435
435
436
436
436
436
437
437
438
438
438
438
438
439
438
437
437
439
439
439
444
444
440
439
440
440
440
440
440
440
440
440
440
440
440
439
439
439
440
440
601
601
587
580
575
574
568
564
562
559
556
554
551
549
548
546
545
544
543
542
541
541
540
540
539
539
539
538
538
538
537
536
536
536
536
536
536
536
536
536
536
536
535
535
535
535
535
535
535
535
535
535
535
535
535
536
536
536
536
536
536
536
536
536
364
364
376
383
386
390
391
397
404
405
409
412
417
419
421
423
425
426
428
429
429
430
431
432
433
433
433
434
434
436
436
436
437
437
437
437
437
442
442
438
438
437
438
438
438
438
438
438
438
438
438
438
438
438
438
438
438
438
438
438
438
438
438
438
604
604
603
586
582
577
575
565
565
565
563
560
558
555
553
551
549
547
545
545
544
542
541
539
538
538
538
538
538
538
537
537
536
536
536
536
535
536
535
536
536
536
535
535
535
535
535
535
535
535
535
535
535
535
535
535
535
535
535
535
535
535
535
536
368
368
380
387
389
393
396
399
400
406
409
412
416
421
421
424
425
427
428
429
430
430
432
433
433
433
433
434
434
435
435
436
436
436
436
436
436
437
437
437
437
437
437
437
437
437
437
438
438
438
438
438
438
438
438
438
438
438
438
436
436
438
438
438
