479
480
480
480
479
479
479
479
479
479
480
480
480
481
480
481
480
480
479
479
479
479
479
480
480
480
480
480
480
480
480
481
481
481
479
479
480
481
483
481
480
480
480
480
480
480
481
481
480
480
480
479
480
480
480
480
479
479
480
481
480
480
480
480
538
538
536
535
534
534
534
533
533
534
534
532
532
534
534
532
532
531
531
531
530
530
530
530
530
530
530
531
531
530
530
521
529
517
529
528
530
529
529
529
529
529
529
529
529
528
528
528
528
528
528
520
528
528
528
528
527
527
527
528
528
527
527
527
410
410
416
419
422
424
427
428
429
432
432
433
437
437
437
438
439
439
441
441
442
442
444
445
445
446
446
446
447
448
448
448
448
449
449
450
450
450
452
452
452
452
449
449
453
454
454
454
455
454
455
454
454
454
455
455
455
455
455
455
455
457
457
457
566
566
564
560
557
556
553
552
551
550
549
547
546
546
545
545
544
542
542
541
541
541
541
539
539
538
537
537
537
537
537
536
536
534
534
534
534
537
534
532
532
532
532
532
532
532
531
531
531
531
531
531
531
530
530
530
529
529
529
529
529
528
529
528
410
410
417
420
422
424
424
424
428
431
432
433
435
436
437
438
437
438
437
439
440
441
442
444
444
444
445
445
445
447
447
447
447
448
450
450
449
449
451
451
451
451
451
451
451
451
452
453
453
453
453
453
453
453
454
454
454
454
454
454
456
455
456
456
570
570
565
558
558
559
559
555
554
552
551
550
549
548
547
545
545
546
546
544
543
543
543
542
542
542
542
540
538
538
538
537
537
536
537
537
537
537
537
536
539
536
535
535
534
534
534
533
533
533
533
532
532
532
531
530
508
530
508
521
521
530
530
529
411
411
414
419
420
423
424
424
426
427
430
431
431
432
435
438
438
437
437
439
439
440
441
442
443
443
452
444
444
444
445
446
446
446
447
448
448
448
448
449
450
450
450
450
450
450
450
451
451
452
453
453
453
452
454
453
454
454
454
454
453
453
453
453
570
570
564
560
560
558
558
558
555
553
551
550
549
548
549
548
547
546
547
546
544
544
543
543
542
540
540
540
540
540
539
537
537
538
538
537
537
536
536
536
535
535
535
535
534
534
534
534
535
533
533
530
530
532
532
531
529
529
531
531
530
530
530
531
410
410
416
416
421
423
424
426
427
429
430
432
432
433
434
436
436
436
436
438
439
439
439
439
441
441
442
443
443
444
445
445
446
449
449
447
447
447
446
446
446
449
449
449
449
449
450
451
451
451
451
451
452
451
452
452
452
451
451
453
453
453
454
454
560
565
565
565
562
560
558
557
557
554
552
552
551
551
550
550
549
548
547
547
548
548
545
544
544
544
543
543
541
541
541
545
545
539
539
538
538
537
537
537
537
537
536
536
535
534
535
535
535
535
535
535
540
535
533
532
532
532
532
532
531
531
531
531
409
409
409
414
419
422
422
426
430
430
430
429
430
431
431
432
433
435
435
436
437
439
439
439
438
438
438
442
443
443
442
442
444
445
445
447
447
447
446
447
448
449
449
449
450
450
450
450
450
450
450
452
452
452
452
453
453
453
453
454
454
454
454
454
547
547
544
541
536
536
531
531
529
527
527
526
526
526
525
524
524
524
523
523
523
523
523
523
523
523
522
522
522
521
521
521
519
520
520
520
519
519
518
518
518
518
518
518
518
518
517
517
518
518
518
518
518
518
518
518
518
518
516
516
517
517
517
517
419
419
421
425
429
431
433
435
437
440
442
443
444
445
445
446
448
448
449
449
449
450
451
452
453
454
455
454
455
456
458
458
458
458
458
460
460
461
461
462
462
462
463
465
466
466
466
466
466
465
465
465
465
466
466
465
465
465
465
466
466
466
465
465
570
570
561
558
555
552
548
547
546
544
542
542
542
542
542
541
539
537
537
538
538
537
536
536
535
536
535
534
534
534
533
533
527
531
530
530
528
528
527
526
525
524
523
523
522
522
522
522
521
521
521
521
521
521
521
521
521
521
521
521
522
522
522
522
416
416
418
422
426
429
429
430
431
434
435
435
437
439
441
442
444
445
446
447
448
449
451
451
452
452
451
447
447
451
452
452
452
453
454
454
455
457
457
457
458
458
460
460
461
461
462
463
463
464
464
465
465
465
464
464
466
466
466
466
466
466
469
467
564
564
560
555
552
551
551
551
548
547
545
544
543
540
540
540
536
536
535
534
534
533
533
533
533
533
533
532
532
531
531
531
530
528
528
528
527
526
526
526
525
524
524
524
523
522
522
521
521
520
519
520
519
520
519
521
519
519
518
518
518
517
517
517
421
421
423
426
428
429
429
432
433
435
438
438
440
441
443
444
445
445
445
446
447
447
448
448
450
451
455
455
453
453
453
453
454
454
454
454
454
455
456
456
456
458
458
459
459
460
460
461
462
462
462
462
462
463
463
464
465
466
466
466
467
471
471
469
565
565
560
560
559
554
553
551
549
548
545
545
545
544
543
542
541
540
540
539
538
537
537
536
534
533
533
532
532
532
535
530
530
530
530
529
528
528
528
527
527
526
525
524
523
523
522
522
521
521
520
519
520
519
519
517
517
517
517
517
517
517
517
517
418
418
421
422
426
427
430
432
433
434
435
437
438
438
438
438
440
444
444
447
447
447
448
448
448
450
450
451
452
452
452
452
452
453
453
453
453
453
453
453
457
457
457
455
457
458
458
460
460
461
461
461
462
462
462
463
465
466
466
466
466
467
468
467
564
564
562
559
555
553
553
552
551
548
548
546
545
545
543
542
541
540
540
538
537
537
537
536
534
534
534
534
533
533
532
531
530
530
530
530
530
530
530
527
526
526
526
525
524
524
524
522
521
520
520
519
520
523
523
523
517
516
517
517
517
517
517
517
418
418
421
424
426
427
427
430
430
432
428
435
438
438
439
441
442
443
445
446
446
446
447
448
449
449
450
450
450
451
451
452
452
453
453
453
454
454
454
454
454
455
455
456
456
456
459
459
459
461
462
462
466
463
464
464
464
464
465
466
466
465
465
465
554
554
549
543
537
534
533
531
531
530
522
521
521
520
517
517
517
515
512
512
515
515
513
512
512
512
512
512
510
500
509
509
513
513
511
511
512
512
512
512
512
512
512
512
511
510
510
512
512
512
512
513
513
513
513
513
513
513
520
520
520
512
512
512
423
423
429
431
437
438
444
446
448
451
453
453
454
456
458
458
458
457
457
462
463
464
464
467
469
467
470
468
468
468
468
468
468
469
469
471
470
470
470
470
470
470
470
470
470
470
470
470
470
468
468
470
470
470
470
470
470
470
469
469
469
470
470
469
558
558
552
547
545
542
538
537
536
535
533
531
530
529
528
526
524
524
524
522
521
520
519
519
518
516
516
515
514
514
514
514
513
513
513
513
513
513
512
513
514
514
512
512
512
512
512
512
512
512
513
513
513
512
512
512
512
513
513
512
512
513
513
513
424
424
431
433
435
441
442
446
447
450
450
452
453
455
456
457
459
459
459
459
463
463
463
463
465
465
465
465
465
466
468
468
468
468
468
469
469
469
469
468
469
469
469
469
469
469
470
470
470
469
469
471
471
470
470
470
470
469
475
468
468
468
469
469
554
554
553
550
547
542
541
538
536
534
531
530
528
528
527
525
525
524
523
523
521
520
519
517
516
516
516
516
513
513
513
514
514
513
512
512
513
513
513
512
512
511
512
513
513
513
512
512
512
512
513
512
512
512
512
512
512
512
513
513
513
513
514
513
429
429
429
429
436
440
443
445
445
450
451
452
453
454
454
457
457
458
461
462
462
462
463
464
464
465
466
466
467
468
468
468
468
468
468
461
461
468
468
468
470
470
469
469
469
469
473
469
470
470
470
469
468
468
468
469
469
469
468
468
469
469
469
470
559
559
553
549
547
547
542
539
537
534
533
531
531
529
528
525
524
521
521
521
521
519
518
518
518
516
515
513
513
513
513
514
514
513
512
512
511
512
512
512
512
512
512
512
512
512
511
511
511
511
511
511
511
512
512
512
512
511
511
511
511
512
511
512
426
426
430
433
438
440
443
443
449
449
453
453
453
453
454
456
457
458
458
460
462
462
463
465
465
466
467
467
467
467
467
468
468
468
468
469
471
469
469
469
469
469
469
469
469
469
469
469
470
469
470
470
470
470
469
470
469
469
469
469
468
470
469
469
560
560
556
556
551
545
539
538
538
535
535
533
531
530
528
527
525
525
523
522
521
518
518
516
516
515
514
514
514
514
514
514
514
514
512
512
512
512
511
510
511
512
513
512
512
512
511
511
511
511
512
512
512
512
512
512
511
512
511
512
511
512
512
512
426
426
431
434
436
440
441
442
447
447
450
452
453
454
460
460
458
456
458
463
464
463
464
462
464
465
465
466
465
467
467
468
469
469
467
467
467
468
469
470
470
470
470
470
469
468
468
470
470
470
469
469
469
469
468
468
469
469
459
459
468
468
468
468
540
540
532
527
521
518
514
511
512
511
511
500
500
510
511
511
511
512
515
515
513
513
514
514
513
511
513
513
513
514
513
513
513
508
508
513
513
512
512
513
514
514
514
513
513
515
515
515
514
515
514
515
516
516
516
516
516
516
516
516
516
516
516
516
436
436
443
450
454
456
459
461
461
465
465
465
468
468
468
468
467
467
469
469
468
468
468
468
468
468
468
467
466
466
467
467
467
467
467
467
467
466
465
466
466
466
466
467
467
466
466
465
465
466
466
466
465
465
465
465
464
464
464
464
464
464
464
464
554
554
545
538
532
524
522
519
516
513
513
511
511
510
509
509
507
508
508
508
508
508
508
507
507
507
508
508
508
508
509
513
513
510
510
510
510
511
511
511
511
512
512
512
512
512
512
513
513
513
513
514
514
514
514
514
514
514
514
514
514
514
515
515
435
435
436
448
452
455
457
457
462
464
465
465
465
466
466
466
467
467
467
467
466
466
467
467
466
466
466
467
467
467
465
464
465
465
465
465
465
465
465
464
464
464
465
465
465
464
464
464
464
464
464
464
464
463
463
463
463
463
463
463
463
463
463
462
558
558
548
539
536
528
526
522
519
518
515
515
517
517
517
511
511
510
510
509
509
508
508
507
505
505
509
509
509
511
511
508
508
508
510
510
510
510
510
510
510
510
510
510
509
511
511
511
511
511
510
512
512
512
512
513
513
513
512
507
512
513
513
514
432
432
440
450
455
459
459
461
463
463
465
466
467
468
468
468
468
468
467
468
467
469
467
468
468
468
467
467
467
467
465
466
466
466
466
465
465
465
465
464
464
464
465
467
465
465
464
464
463
463
463
464
464
463
463
463
463
463
462
462
462
463
463
462
557
557
548
534
529
529
526
522
522
520
528
516
512
512
512
511
511
511
511
511
510
509
509
509
511
511
510
510
510
510
511
511
511
511
511
511
511
511
511
511
513
513
512
511
512
512
512
511
511
512
513
513
513
513
514
514
515
515
515
513
513
512
512
515
435
435
438
448
450
457
460
460
462
464
464
464
466
467
471
472
475
478
478
478
484
484
484
483
475
474
474
473
474
473
470
469
468
466
462
466
467
467
467
468
468
467
466
466
466
467
465
465
465
466
466
465
465
465
466
465
465
465
465
465
465
465
465
463
555
555
544
538
527
526
527
521
518
515
514
513
512
512
511
511
511
510
510
511
512
512
511
511
511
512
512
514
514
513
513
518
518
517
517
514
514
514
515
515
515
515
515
515
515
518
518
518
517
516
517
517
517
517
515
515
516
520
517
519
517
519
517
519
423
423
432
443
448
448
452
454
456
459
461
462
462
461
461
461
463
455
461
452
461
463
463
462
462
462
462
462
462
462
462
461
461
461
461
461
460
460
460
460
460
460
459
460
459
460
458
458
457
457
459
459
459
459
459
459
458
458
457
457
458
458
458
457
