480
480
480
480
480
482
480
480
480
480
480
481
481
480
480
480
480
480
480
480
481
480
480
480
480
481
481
480
480
480
480
480
480
480
480
480
480
480
480
480
480
480
480
480
480
480
480
480
480
480
480
480
480
480
480
480
480
480
480
480
480
480
480
480
592
592
588
588
587
584
583
583
582
581
581
581
581
580
580
580
580
578
578
578
578
578
578
572
572
576
577
577
577
577
576
576
576
576
576
576
576
576
575
575
575
575
575
575
575
575
575
575
575
575
575
574
574
574
574
574
574
574
574
575
574
574
574
574
346
346
353
358
363
367
368
372
374
376
378
380
380
382
385
386
388
388
389
389
391
391
394
394
395
396
397
397
399
402
401
401
401
401
402
403
403
404
405
406
406
407
407
407
407
408
408
408
409
408
409
408
411
411
411
411
410
411
413
413
412
412
413
413
643
652
643
629
625
625
620
615
611
609
608
606
605
603
602
601
600
599
598
597
595
595
595
594
593
593
592
591
591
590
590
589
588
588
588
587
586
586
586
586
585
585
585
585
584
585
583
583
582
582
582
581
581
581
581
581
581
574
574
580
580
580
579
579
345
345
352
358
361
365
368
370
372
377
377
377
379
380
383
384
385
387
387
389
390
391
393
394
394
395
396
398
399
399
400
400
401
402
402
403
403
403
405
406
406
406
407
407
408
408
409
409
409
410
410
410
411
411
412
412
412
412
412
413
414
413
414
414
642
642
634
628
623
620
617
615
610
610
607
606
606
605
607
602
599
598
597
596
596
594
594
594
594
593
595
592
593
590
589
589
589
587
587
587
586
586
586
586
585
584
584
584
584
584
590
582
582
572
572
581
581
581
581
581
580
580
580
580
579
579
579
579
344
344
353
363
367
367
367
371
371
374
377
378
378
381
382
383
385
386
386
387
389
389
391
392
393
393
394
395
395
395
395
398
400
400
401
401
402
403
403
403
403
398
396
396
406
407
406
407
408
408
408
408
409
409
409
409
410
410
411
411
411
411
412
411
645
645
637
631
627
623
620
620
616
612
611
609
607
606
605
604
603
603
602
601
600
598
597
596
595
595
594
594
593
593
593
592
591
591
591
590
590
590
589
588
588
589
589
586
586
586
586
585
585
590
590
584
584
583
583
582
581
581
582
582
582
581
581
581
345
345
351
356
360
363
366
368
372
372
372
372
376
378
382
383
383
384
386
387
389
390
390
391
392
393
394
394
395
397
397
397
399
400
401
401
401
401
403
403
405
405
405
405
406
407
407
399
399
408
410
410
410
410
411
411
412
412
412
412
412
413
413
413
642
642
633
628
624
621
617
617
618
618
610
610
607
604
602
601
601
599
598
598
597
596
596
595
594
594
593
593
592
591
591
590
590
589
584
584
588
588
588
587
587
586
586
586
585
585
584
584
584
584
583
583
583
582
582
582
582
581
581
581
581
581
581
581
345
345
352
357
360
364
364
370
371
372
373
373
375
378
380
381
382
382
383
386
386
390
390
390
391
392
393
393
395
395
395
397
398
398
398
399
400
401
401
402
403
403
404
404
405
405
405
406
406
407
407
407
407
408
409
409
409
410
410
410
411
411
411
409
605
605
598
591
590
589
584
581
579
579
578
575
574
574
572
576
571
570
570
569
569
568
568
568
568
566
566
567
567
566
566
566
565
565
565
565
564
564
564
564
563
562
561
561
559
559
559
560
561
561
558
558
558
558
558
558
559
558
558
557
557
557
557
556
357
357
357
361
370
375
376
376
377
379
382
386
388
388
391
391
391
395
395
396
398
398
400
401
402
408
404
404
404
407
407
408
409
410
410
411
412
413
416
416
418
417
419
419
419
420
420
420
421
422
423
423
423
423
423
424
424
424
425
425
426
426
426
427
629
629
620
617
617
612
612
612
608
606
604
603
601
597
597
597
595
594
593
593
592
597
591
590
590
590
588
585
585
583
583
583
583
580
580
579
577
577
575
574
573
571
571
571
570
569
568
567
567
567
566
566
566
564
564
564
564
563
563
562
562
561
561
560
347
347
357
360
364
366
368
371
374
375
377
378
380
383
384
384
386
387
389
390
391
392
393
394
395
396
397
397
399
399
400
403
403
403
403
405
405
408
409
409
409
409
411
409
412
413
414
415
416
418
418
418
419
420
422
422
422
423
423
425
426
426
426
427
637
637
627
624
620
618
617
612
610
610
608
607
605
604
601
600
600
598
597
596
595
592
592
592
591
590
589
589
587
585
585
584
583
582
581
581
578
578
578
577
577
576
575
574
572
571
572
568
570
568
569
568
569
566
566
566
565
564
563
563
562
558
558
559
373
358
363
363
363
364
367
370
370
371
376
376
376
379
380
383
383
384
385
386
387
389
390
391
392
393
394
395
396
397
397
398
399
399
400
400
403
404
404
405
406
407
407
409
409
410
411
413
414
414
415
417
417
417
418
419
421
421
421
427
429
429
428
428
623
628
627
627
622
622
620
618
614
614
610
610
608
605
601
602
601
600
598
597
597
597
596
593
592
592
590
590
591
591
587
585
587
585
583
582
582
582
580
580
578
577
577
577
575
567
567
572
572
572
577
570
568
567
566
565
564
564
566
566
567
560
559
558
353
353
353
357
362
364
366
368
369
370
370
373
375
378
379
380
383
383
383
385
387
388
388
390
390
392
393
394
395
395
396
397
398
399
399
400
401
403
404
404
405
405
406
406
407
409
410
411
413
413
413
415
417
418
418
418
419
417
419
417
419
427
428
428
633
633
629
626
623
621
617
617
615
614
598
598
607
607
606
603
602
601
600
600
599
596
595
593
593
593
592
590
589
589
588
587
587
584
584
584
583
581
581
581
580
578
577
577
576
574
573
573
572
570
570
570
567
566
566
565
565
563
566
561
559
559
558
557
353
348
353
359
362
364
366
368
370
372
372
373
375
377
378
379
383
384
384
385
386
387
387
388
390
391
394
394
394
394
395
396
397
397
398
399
401
403
402
403
403
404
404
404
405
408
410
410
412
412
412
415
416
416
418
419
422
423
424
424
426
427
428
428
605
616
605
605
600
595
591
587
584
580
576
572
568
564
560
557
552
551
551
548
547
545
545
544
542
541
541
540
539
539
538
537
537
537
536
536
536
536
535
535
535
535
534
534
534
534
534
534
534
533
533
533
533
533
532
532
531
531
533
533
533
532
524
532
364
364
370
376
377
387
391
392
392
396
398
400
403
406
409
410
413
416
418
421
424
427
429
432
434
434
437
442
442
441
441
442
443
443
443
444
445
446
446
445
445
446
447
447
447
448
448
448
450
448
449
448
448
448
448
449
449
449
449
449
449
449
449
449
617
617
611
607
603
600
597
594
591
588
588
585
580
574
573
573
571
566
564
564
562
562
560
557
555
552
551
551
549
547
544
544
542
540
539
538
538
538
537
536
536
535
535
535
534
534
534
534
535
538
538
533
533
533
533
533
533
535
535
533
533
532
532
532
368
368
373
377
380
383
389
391
395
397
398
400
403
405
410
410
413
415
417
419
421
426
428
428
429
433
435
436
437
439
439
440
443
444
444
444
444
444
445
445
446
446
446
446
447
448
448
448
449
449
449
449
449
449
449
449
449
450
450
450
449
449
449
449
616
616
611
604
602
599
595
592
590
588
586
583
575
575
575
573
571
568
567
567
564
560
557
546
553
551
551
550
548
546
544
543
541
540
539
539
538
537
536
535
535
534
534
534
533
533
532
532
532
532
531
531
531
531
531
530
530
531
531
531
531
531
537
531
370
370
375
384
384
385
395
397
397
399
399
393
393
405
413
413
414
417
418
419
421
424
431
434
433
434
434
435
437
439
441
442
442
444
444
444
447
445
445
445
447
447
447
447
447
447
447
448
449
449
449
449
449
449
449
450
450
449
449
446
446
450
450
450
615
615
609
606
603
598
595
591
585
583
583
579
578
578
574
571
568
568
566
561
561
560
558
558
553
551
550
548
548
547
544
541
540
540
538
537
537
537
536
536
534
534
533
533
533
533
533
532
532
531
531
531
531
531
531
531
531
530
530
530
530
529
529
529
364
364
376
380
384
389
392
393
396
399
400
400
400
404
410
412
414
414
417
420
421
425
427
432
433
433
434
435
437
437
439
441
442
442
443
445
445
446
446
447
447
447
447
447
449
449
448
448
449
449
449
449
449
449
450
450
450
450
450
450
450
450
450
450
605
610
610
606
605
594
591
594
591
583
580
583
580
575
573
570
569
567
564
562
560
556
554
554
553
552
548
544
544
543
543
541
540
539
539
537
536
535
535
534
534
534
533
532
532
532
531
531
531
530
530
530
530
530
530
530
530
529
529
529
529
528
528
529
375
375
376
379
385
389
391
393
394
399
400
405
408
408
410
413
415
418
418
419
423
426
427
429
430
432
434
436
437
439
440
442
443
443
443
443
443
446
446
447
448
448
447
447
448
448
447
447
450
450
450
450
450
450
450
451
451
451
451
451
454
454
452
451
590
590
580
570
568
553
546
541
537
533
532
531
530
529
528
529
527
528
527
527
527
527
527
527
527
527
528
528
528
528
529
530
529
529
529
529
529
529
530
530
531
531
531
531
531
531
531
531
531
531
531
532
531
532
532
533
533
533
533
533
533
534
534
534
390
390
394
401
410
416
424
428
436
440
444
447
449
451
453
455
455
455
456
457
457
458
458
457
457
457
461
461
461
457
457
457
457
457
457
457
456
456
456
455
455
455
455
455
455
455
455
455
454
454
454
454
454
454
453
453
453
453
452
451
451
452
452
452
592
592
585
579
569
562
556
550
546
543
537
531
531
531
528
528
527
526
525
525
524
524
524
524
522
522
523
523
523
523
524
524
524
524
524
524
524
524
524
524
525
525
525
524
525
525
525
525
526
526
526
526
527
527
527
527
527
527
527
528
534
528
528
528
388
378
388
405
411
419
426
433
437
441
445
448
452
452
454
455
456
456
457
457
457
458
457
458
458
458
458
458
458
459
457
458
458
458
457
457
456
456
456
456
456
456
456
456
456
455
455
454
454
454
454
454
454
454
454
454
453
453
453
453
452
452
452
452
583
585
583
579
574
563
556
555
546
541
536
534
531
527
526
527
526
524
524
524
523
523
523
523
523
522
522
522
522
522
522
521
522
522
522
522
522
522
523
523
523
523
523
524
524
524
524
524
520
520
523
523
524
505
520
520
524
524
526
526
526
527
526
527
390
390
398
405
416
419
426
432
437
442
445
448
450
450
452
455
455
456
457
457
458
458
458
458
458
458
458
458
458
458
458
458
458
457
457
457
457
457
457
457
456
456
456
456
456
456
456
456
456
455
455
455
455
455
455
455
454
454
454
453
453
453
457
457
603
603
587
579
564
559
558
552
547
547
542
532
532
530
530
530
530
525
524
523
523
523
523
522
523
522
522
521
522
521
522
521
521
521
521
521
521
529
529
528
522
522
522
523
523
523
523
522
522
522
523
523
523
523
523
524
523
524
523
524
524
524
524
524
414
399
405
405
413
418
426
432
436
441
444
447
448
455
448
455
455
458
457
457
457
456
459
458
460
458
457
457
460
460
460
460
460
461
459
459
459
457
458
457
458
457
457
456
457
456
457
456
456
456
456
456
456
455
455
455
455
454
454
454
454
454
453
453
597
597
586
579
569
564
556
552
546
543
537
535
531
530
527
525
526
525
524
524
524
523
523
523
523
522
522
522
522
522
522
522
522
522
522
522
522
526
526
522
522
522
522
522
522
522
522
523
523
523
523
524
524
528
528
524
524
524
525
525
525
525
525
525
391
391
399
405
412
419
427
432
439
442
446
448
451
451
453
453
455
455
457
457
457
457
457
457
457
457
457
458
457
458
457
461
458
458
457
457
457
457
457
457
457
457
457
457
457
457
457
456
456
456
456
456
458
458
455
455
455
455
455
454
454
454
454
454
