480
480
480
480
480
480
480
481
480
480
480
480
480
480
480
480
480
480
480
480
480
480
480
480
480
480
480
480
480
480
481
481
481
480
480
480
480
480
480
480
480
480
480
480
480
480
480
480
480
480
480
479
478
478
475
480
479
479
479
480
480
480
480
480
539
539
536
534
533
533
533
531
531
532
532
532
531
547
531
530
530
530
529
529
529
529
529
528
528
528
528
528
530
528
527
527
528
528
531
531
527
526
526
525
521
525
528
530
530
528
528
527
528
527
527
527
527
527
527
527
527
527
527
527
527
523
523
527
407
407
412
415
418
418
421
423
425
427
428
429
430
432
433
433
434
435
436
437
437
438
440
438
440
441
441
441
442
442
443
443
444
444
444
435
445
445
445
445
446
446
446
447
447
447
447
448
448
448
448
448
448
449
449
449
448
448
449
449
449
449
449
449
583
583
577
574
571
570
568
565
564
563
562
561
560
558
557
556
555
554
553
552
552
546
546
549
549
547
547
547
547
545
544
544
544
543
542
542
541
541
540
540
540
540
539
539
539
539
538
539
537
536
536
536
535
535
535
535
535
534
534
534
534
533
532
532
406
406
406
410
417
418
420
422
424
425
426
428
429
430
431
432
433
433
434
436
436
437
439
439
440
440
442
442
443
443
444
445
445
446
446
446
447
447
448
449
449
449
449
449
450
450
451
451
451
452
452
452
452
452
452
452
453
453
454
454
454
454
454
454
574
574
571
565
565
563
561
560
558
557
557
554
553
553
553
553
550
550
549
549
549
549
547
547
544
545
544
544
543
543
543
542
542
541
541
540
540
539
539
539
538
538
538
537
537
537
537
536
536
536
536
535
535
535
535
535
534
534
534
534
534
534
534
534
404
404
404
409
412
416
417
419
419
421
422
424
425
427
427
429
430
430
432
432
432
433
435
434
434
434
436
436
436
436
438
439
439
439
440
440
441
441
441
441
442
435
443
443
444
444
444
444
445
445
446
446
446
447
447
447
447
447
447
439
447
439
447
448
556
581
578
578
575
574
572
570
568
568
567
565
564
563
562
562
560
560
558
558
558
557
556
555
555
554
553
553
552
552
557
557
550
550
549
548
548
548
547
546
546
545
545
544
544
543
543
543
542
542
541
539
539
539
540
540
539
538
538
539
539
539
539
538
398
398
401
405
407
409
411
413
415
416
418
418
420
422
423
423
424
424
425
427
428
429
431
431
431
432
433
433
437
436
440
438
438
438
439
440
441
442
442
442
444
445
445
445
445
445
446
447
448
449
449
449
450
450
450
451
451
452
452
453
452
453
454
454
576
576
572
568
567
564
563
561
560
559
559
558
560
556
554
554
553
552
551
551
550
549
549
548
548
547
546
546
546
544
544
544
544
543
543
543
541
541
528
528
539
539
537
537
537
538
538
538
538
537
537
537
536
536
536
535
533
535
535
535
535
535
534
534
403
403
408
410
413
416
417
417
417
420
421
422
423
424
426
426
432
432
430
429
423
423
432
432
432
434
434
434
434
435
438
435
437
437
437
438
439
439
440
440
441
441
442
443
443
443
443
443
444
445
445
445
446
446
446
447
447
447
447
448
448
448
448
448
561
561
556
552
548
544
541
538
537
536
534
533
533
532
532
531
530
529
528
527
527
526
526
526
526
527
527
527
527
528
529
530
529
530
530
530
530
530
530
530
530
529
529
529
530
530
529
529
529
528
528
528
527
528
532
532
526
526
526
526
526
527
528
527
409
409
414
417
421
423
423
426
427
429
432
433
434
437
439
440
440
442
440
446
447
449
450
451
452
452
454
454
455
456
456
456
456
456
456
456
457
457
457
456
456
456
457
457
456
456
456
457
457
458
458
458
458
459
459
459
459
459
460
462
462
462
462
461
570
570
567
564
562
560
558
557
556
555
554
553
551
550
550
550
546
544
526
544
543
543
543
542
541
540
539
539
539
536
535
535
535
533
533
533
533
533
533
533
533
533
533
533
533
533
533
533
533
532
532
529
532
531
531
531
531
531
531
531
531
531
532
532
404
399
404
411
414
416
418
423
425
425
428
428
424
424
434
435
437
441
444
444
445
445
447
447
448
448
448
448
449
449
449
450
450
451
451
451
451
452
452
452
452
453
457
457
456
456
456
458
458
458
459
460
460
462
461
462
461
461
460
458
458
459
459
459
578
578
578
574
569
567
565
562
561
558
557
553
552
552
548
546
546
545
545
544
544
542
539
538
538
538
539
539
540
540
540
540
540
539
539
538
538
537
536
536
536
535
533
533
533
531
530
530
530
530
530
529
529
529
528
528
528
528
527
528
529
530
530
531
402
402
405
409
411
414
415
418
418
420
425
427
429
434
436
436
437
438
438
439
442
442
442
445
446
447
446
447
448
448
447
447
447
447
449
449
449
450
451
451
451
451
452
452
453
453
454
454
456
457
457
457
457
458
457
458
458
460
462
462
461
461
461
461
553
575
575
570
567
567
565
563
562
560
560
558
558
556
554
552
551
547
547
547
545
543
543
543
543
541
540
539
538
538
537
533
533
536
536
536
536
535
535
535
534
534
534
535
535
534
534
533
533
533
532
531
531
531
530
529
529
534
534
529
528
528
528
528
403
403
408
410
412
415
416
418
419
423
423
423
425
425
429
429
429
431
433
435
436
436
439
439
439
441
443
443
444
446
447
447
448
449
450
450
450
451
450
451
451
451
451
452
452
453
453
453
453
454
455
455
455
455
455
456
456
456
457
457
457
458
458
458
577
577
572
570
567
565
564
564
561
560
559
559
557
555
554
554
553
552
552
550
549
548
548
546
544
544
544
543
543
542
540
540
540
538
536
536
535
535
534
535
535
535
535
533
533
533
533
533
532
531
531
532
532
531
531
531
531
531
530
530
530
529
529
528
404
404
407
411
417
418
420
421
421
424
426
426
427
429
430
432
433
434
435
435
435
436
437
438
438
438
441
442
443
443
444
445
446
446
446
447
448
449
449
451
451
451
452
453
453
453
454
454
454
455
455
456
456
456
456
468
468
456
456
456
457
457
457
458
551
551
548
547
546
546
543
541
539
536
533
531
531
529
529
528
528
527
527
525
525
524
524
524
526
526
525
525
525
524
524
524
524
526
526
526
525
525
524
524
524
524
526
526
526
526
525
525
526
526
526
527
527
525
525
525
525
526
526
526
527
527
527
527
414
414
414
418
422
427
431
434
438
441
442
443
444
446
447
447
449
453
454
456
455
456
456
456
457
457
459
460
460
460
459
459
460
460
461
461
461
462
461
461
461
461
461
461
462
462
461
461
461
460
461
460
461
461
461
461
461
460
460
460
461
461
461
460
575
575
570
564
560
558
555
548
547
547
545
543
541
538
538
538
535
535
535
535
533
538
536
536
531
530
529
529
529
529
528
527
527
527
527
527
527
527
526
526
525
525
525
525
526
526
525
525
525
525
525
525
525
525
525
525
525
525
526
526
525
525
526
526
406
406
414
419
423
426
430
433
436
438
441
445
447
447
448
448
449
451
451
451
454
456
456
456
456
456
458
458
459
462
460
460
460
460
460
460
460
461
461
461
461
461
461
461
461
461
461
461
461
461
461
461
461
461
462
462
461
461
461
461
460
460
461
461
576
576
573
572
558
557
556
554
554
553
553
549
548
547
545
544
538
535
538
536
536
536
536
539
539
538
534
530
530
531
535
535
537
537
533
532
531
531
531
535
536
535
534
532
529
529
529
529
530
532
537
537
528
528
528
531
531
531
530
530
530
530
529
527
395
395
400
406
412
417
424
425
428
428
430
431
433
437
440
442
444
446
446
445
445
445
447
451
454
453
453
452
452
452
452
452
454
456
456
455
455
455
456
456
456
456
456
457
457
456
456
456
455
456
456
457
457
457
457
456
457
456
457
457
458
458
457
457
597
597
589
576
571
568
566
563
560
558
556
555
550
547
544
545
545
545
543
542
541
540
539
538
538
538
538
535
530
533
533
533
533
532
531
531
532
532
531
530
530
530
530
530
530
530
530
529
529
529
529
529
529
529
530
529
516
516
529
529
529
529
530
530
394
394
399
403
408
413
418
419
423
428
432
434
434
436
439
440
441
442
445
466
467
466
449
449
449
451
451
452
453
453
454
454
454
454
454
455
456
456
455
455
455
455
455
455
455
456
456
456
455
456
456
456
455
455
456
456
456
456
455
455
455
455
455
456
592
592
587
583
577
573
572
568
562
560
558
557
554
553
550
548
546
546
545
544
544
542
541
540
540
539
539
538
537
536
535
535
535
534
532
532
533
533
533
533
532
531
531
531
530
531
531
531
531
532
531
530
530
531
531
531
530
530
530
530
530
530
530
530
383
383
402
407
407
410
410
414
408
424
426
429
432
434
435
438
439
439
441
443
444
445
445
447
446
448
449
450
450
450
452
453
454
454
454
454
453
453
445
455
455
455
455
455
455
455
455
455
455
455
455
456
455
455
455
455
455
456
455
455
455
458
458
456
567
567
557
556
544
537
537
537
533
532
531
530
530
530
530
530
530
530
530
531
531
531
531
532
529
533
533
533
533
533
533
533
534
523
539
534
534
534
534
534
534
535
534
535
535
536
536
536
536
535
537
537
537
535
535
536
536
536
536
537
537
538
538
537
399
399
412
424
429
438
443
448
450
453
455
456
457
457
457
464
464
458
457
457
457
457
457
457
456
457
456
457
456
457
456
456
456
456
457
456
457
456
457
454
456
456
456
456
456
456
456
457
457
456
456
455
454
454
455
455
455
455
455
454
454
454
454
454
582
582
571
556
555
550
546
543
538
536
536
536
534
534
533
533
532
531
531
531
531
532
531
531
531
532
532
532
533
533
532
532
533
533
533
533
534
534
534
534
534
534
534
532
534
534
535
535
535
535
539
539
535
535
535
535
536
535
535
535
535
536
536
536
397
397
410
421
430
435
443
446
451
452
452
453
453
454
455
454
455
455
455
455
455
456
455
456
456
456
457
455
456
455
456
456
456
456
455
455
455
455
454
454
454
455
454
455
454
454
454
454
454
453
454
453
454
453
453
453
453
453
453
454
454
453
452
452
572
574
574
565
557
552
545
542
537
535
532
531
531
529
528
527
527
527
526
526
526
526
527
527
527
527
527
526
527
527
527
527
526
528
528
528
528
526
526
525
525
528
528
528
528
528
528
530
527
530
529
530
529
529
529
529
530
529
530
528
532
529
532
531
398
398
415
417
432
432
441
442
448
451
453
453
457
453
458
454
457
455
455
455
455
458
458
458
458
457
455
456
456
456
457
455
456
455
456
456
456
456
455
455
456
457
457
457
454
455
454
455
455
455
455
455
456
453
455
453
454
454
454
454
454
454
455
454
582
582
575
564
555
551
549
542
540
530
529
529
528
526
526
526
523
524
523
523
523
523
523
523
523
522
523
521
524
521
523
523
523
522
522
522
522
523
522
522
522
523
524
524
525
525
526
525
526
524
523
518
518
519
524
524
524
524
527
526
527
527
528
528
399
399
410
416
429
429
438
440
445
447
449
449
451
452
452
452
455
453
454
454
454
455
454
455
454
455
454
454
454
454
454
449
449
453
454
453
454
453
453
453
453
454
453
454
454
454
454
453
452
452
452
452
453
452
452
451
451
450
451
451
451
450
410
399
648
648
648
644
663
680
700
700
700
716
721
723
723
723
723
714
714
716
719
732
732
732
731
731
734
734
735
736
739
739
734
734
737
740
740
733
724
724
557
557
734
734
734
745
745
744
744
744
745
745
747
743
749
749
761
761
760
756
748
748
758
760
760
760
213
211
211
216
216
209
209
209
216
220
220
219
219
430
430
224
219
216
216
214
210
208
208
207
206
207
206
205
205
205
205
203
201
199
199
201
201
198
198
198
198
198
198
197
197
197
196
195
195
196
196
196
195
204
211
211
195
195
195
195
195
195
194
194
