357
357
362
368
369
369
371
374
375
375
377
378
379
380
382
382
382
383
384
391
391
387
387
387
388
388
389
390
390
391
391
392
392
393
393
394
394
395
396
396
396
397
397
398
398
398
399
399
400
400
400
400
400
400
401
400
401
402
402
402
402
403
403
403
676
676
666
660
654
649
645
642
638
635
633
631
628
625
623
621
619
616
615
613
612
608
607
607
605
604
604
602
601
600
599
597
596
595
595
594
593
593
592
591
591
590
590
589
588
587
587
586
586
585
584
584
584
583
583
583
580
580
581
581
580
580
580
579
304
304
312
318
323
325
330
333
333
342
342
344
347
347
349
354
358
358
359
359
360
363
365
366
368
369
370
371
371
373
376
378
378
378
378
380
381
382
383
383
384
386
386
385
385
389
390
390
390
390
391
392
392
393
394
395
395
395
396
396
397
398
398
399
674
674
666
657
652
646
645
644
641
635
634
630
627
625
623
619
618
618
615
612
610
608
608
608
607
604
603
602
601
599
598
596
595
595
594
593
593
592
592
590
590
589
588
588
588
586
586
585
582
582
583
583
583
582
581
581
581
580
580
580
579
579
578
578
301
301
310
313
320
325
327
331
334
336
340
342
344
347
349
349
352
353
357
358
360
363
363
363
365
367
367
368
370
371
372
374
375
376
376
377
379
381
382
383
383
384
385
385
386
387
389
390
390
390
391
392
392
394
394
394
394
395
396
396
397
397
398
398
674
674
666
657
652
649
643
642
640
639
635
628
627
626
624
622
619
617
615
614
612
611
609
607
604
607
604
603
601
601
600
598
596
596
595
593
593
592
590
590
589
589
588
587
586
585
585
585
585
583
583
582
582
582
581
581
580
579
579
579
579
578
577
577
300
300
309
313
319
323
327
329
333
336
338
340
343
345
347
350
352
352
355
357
359
360
362
363
365
366
367
369
370
371
372
372
375
376
377
377
378
380
380
380
382
384
384
384
386
387
388
389
389
389
391
392
392
393
393
394
394
395
395
396
397
397
398
398
674
674
663
658
654
649
645
642
639
636
633
631
628
626
626
622
621
617
615
614
612
609
609
607
606
605
605
602
601
599
598
598
596
595
595
594
592
592
590
590
590
589
585
585
586
586
586
585
584
583
583
582
582
581
580
579
579
579
579
578
578
577
577
577
299
299
308
314
319
324
329
331
331
335
338
340
342
344
347
349
351
353
355
356
358
359
361
363
364
366
366
368
370
371
371
373
374
374
376
376
377
380
380
381
383
383
384
386
386
387
388
388
388
390
391
391
393
394
394
394
397
397
396
396
396
397
398
398
673
673
666
659
653
649
648
642
639
633
633
631
628
626
624
623
620
617
616
614
612
611
609
609
607
605
602
602
601
601
600
598
597
596
596
594
593
592
591
591
590
589
588
586
586
586
585
585
584
583
583
583
582
581
580
580
580
579
578
578
578
577
577
577
299
299
306
312
321
323
325
330
340
335
340
341
342
343
346
348
351
351
352
356
358
361
363
363
364
365
367
368
369
370
372
372
373
375
376
377
379
380
381
382
383
383
384
385
386
387
388
387
388
391
392
392
392
393
393
393
395
395
396
396
397
397
397
398
624
624
608
598
590
584
580
576
574
572
570
569
567
567
566
565
565
565
563
563
562
562
562
561
561
561
560
559
559
559
559
559
558
558
558
558
557
557
557
557
556
556
556
556
556
556
556
556
555
555
555
555
554
554
554
554
554
554
554
554
553
553
553
552
324
324
333
337
348
353
359
364
373
373
376
380
384
387
389
392
395
397
400
403
402
403
403
404
405
406
406
406
407
408
408
408
408
408
409
409
410
410
411
411
411
411
411
411
412
412
412
412
413
413
413
413
412
413
413
413
414
414
414
415
414
414
414
415
651
651
639
630
622
616
610
604
599
595
591
586
585
582
577
576
576
574
573
572
570
570
568
568
567
566
565
565
564
564
563
562
562
562
561
561
561
561
560
560
560
560
560
560
559
558
558
558
558
558
558
557
557
556
556
556
556
556
555
556
555
555
551
551
320
320
331
339
343
346
357
362
367
371
375
379
382
385
390
390
393
395
397
400
401
401
402
403
404
405
405
405
405
405
407
407
407
408
409
409
409
410
410
410
411
411
411
411
412
412
412
413
412
412
412
413
413
413
413
414
414
414
414
414
414
414
414
414
652
652
641
633
625
617
614
606
601
597
593
587
587
586
580
578
577
575
574
572
571
570
569
569
568
567
566
566
565
564
564
563
562
562
562
561
562
561
560
560
560
560
559
559
558
558
558
557
558
557
557
557
557
557
556
556
556
556
556
556
556
555
555
555
319
319
331
338
345
351
356
361
368
370
373
377
381
383
387
390
392
394
397
400
400
401
401
402
402
402
403
405
406
406
406
407
408
408
408
408
409
410
410
410
410
411
411
411
411
412
412
412
415
415
413
413
413
413
414
414
414
414
414
415
415
415
415
415
654
654
642
633
625
619
609
607
602
597
593
591
587
584
581
579
577
576
574
571
569
570
569
569
567
567
567
566
566
565
564
564
564
561
561
561
561
561
560
560
560
559
559
558
558
558
558
557
557
557
557
557
556
556
556
556
556
555
555
556
556
555
555
555
319
319
329
337
348
350
356
360
365
373
375
377
380
384
387
390
392
394
394
397
399
399
400
401
403
404
405
405
405
406
406
407
407
407
408
409
409
409
408
408
410
411
411
411
411
411
412
412
412
412
412
413
413
413
414
414
414
414
414
414
415
415
415
415
655
655
646
634
626
619
613
608
603
598
593
591
585
584
579
578
577
576
574
574
572
571
570
569
567
565
566
565
565
565
565
563
563
562
561
561
561
560
560
559
559
559
559
559
558
559
558
558
557
557
556
556
556
556
556
555
555
555
555
555
554
554
554
554
319
319
328
338
343
349
355
360
371
373
377
377
380
384
387
391
394
395
398
399
399
399
401
402
403
403
404
405
408
409
409
407
407
407
408
408
409
409
409
409
409
410
411
411
411
411
412
412
412
413
415
415
413
413
414
414
414
415
415
415
415
415
415
415
608
608
590
579
573
570
565
565
563
559
558
557
557
556
554
554
553
552
552
551
551
550
550
550
549
549
549
542
542
548
548
548
547
547
547
546
546
546
546
546
546
546
545
545
545
545
545
545
545
544
544
544
544
544
544
544
544
543
543
543
543
543
543
543
344
344
357
369
376
384
398
399
399
399
400
403
403
404
405
406
407
408
409
409
409
409
410
411
412
412
412
413
413
413
413
414
415
415
415
416
416
416
416
417
417
417
417
418
418
418
418
418
418
418
418
419
419
419
419
419
420
420
420
420
420
421
421
421
629
629
612
595
590
585
580
577
575
572
571
569
567
566
564
564
562
560
560
560
560
558
557
556
556
555
555
554
553
553
553
552
552
552
551
551
551
551
550
550
549
548
548
548
548
548
548
547
547
547
547
546
546
546
546
546
545
545
545
545
545
547
553
547
344
344
351
364
374
382
389
393
395
395
397
400
402
403
404
404
405
405
407
407
408
408
410
410
410
411
412
412
413
413
414
414
415
415
415
415
416
416
417
417
417
418
417
418
423
423
418
418
418
419
419
419
420
420
420
420
420
420
421
421
421
421
421
421
626
626
613
602
588
584
582
579
576
575
571
568
568
567
566
565
563
563
561
560
559
558
557
556
556
556
554
554
553
552
552
552
552
550
550
550
550
549
549
549
548
548
548
548
548
546
546
546
546
546
546
545
545
545
545
545
543
543
544
544
544
544
544
543
341
341
353
364
373
381
388
392
393
396
398
401
403
403
406
407
407
407
407
408
410
410
410
412
412
412
412
413
413
415
415
416
416
417
418
418
418
419
419
419
419
419
420
420
421
421
421
421
421
421
421
421
424
422
422
422
422
423
423
423
423
423
423
423
632
632
615
603
593
587
583
579
576
573
571
567
566
566
564
562
561
560
559
558
557
557
554
551
553
552
552
552
551
550
550
549
549
548
548
548
547
547
546
546
546
545
545
544
545
544
544
541
544
541
543
543
543
543
543
542
542
542
542
540
542
541
541
541
344
344
354
364
371
381
387
393
397
399
401
403
404
405
406
407
408
409
410
410
410
412
412
412
411
414
415
415
415
415
416
416
417
417
418
418
418
418
418
418
419
419
420
420
420
420
420
420
420
421
421
421
421
421
422
422
422
422
422
423
423
423
423
423
632
632
615
602
592
587
582
578
574
574
571
569
567
565
564
564
563
560
560
559
557
557
557
557
554
553
552
551
551
550
550
549
549
548
548
547
547
547
546
546
546
546
546
541
544
542
544
543
544
543
543
543
543
543
543
542
542
542
542
542
542
541
541
541
340
340
352
363
372
380
387
393
396
396
401
402
404
404
406
406
413
415
416
415
414
412
412
413
413
414
414
415
415
416
417
417
418
418
418
418
418
419
419
419
419
419
420
420
420
420
420
420
421
421
421
421
420
420
423
423
422
422
423
423
423
424
423
424
578
578
569
563
558
554
552
549
547
546
544
543
543
542
541
540
540
539
539
538
538
538
538
537
537
537
537
537
537
537
537
536
537
537
537
537
537
537
537
534
534
537
537
537
537
537
537
537
537
537
537
537
537
537
537
537
537
537
538
538
538
538
538
538
375
375
385
390
397
398
401
403
403
405
405
407
409
410
410
412
413
413
414
414
415
416
417
418
418
418
420
420
421
421
422
423
424
424
424
424
426
426
426
426
427
427
428
428
432
432
428
428
428
428
428
429
429
429
429
429
429
430
430
430
430
430
429
430
594
594
583
576
571
568
565
562
558
558
556
554
552
551
549
548
547
546
546
544
538
538
540
540
539
538
538
538
537
536
536
535
535
535
534
534
534
533
533
533
533
533
533
533
532
532
532
533
533
533
532
532
532
532
532
532
532
532
533
533
533
533
533
534
372
372
386
393
399
399
402
405
405
407
409
410
411
413
415
416
418
419
420
421
421
421
424
425
425
425
426
427
427
427
428
429
429
430
430
431
431
432
433
433
433
433
434
434
434
434
434
435
435
435
435
435
435
435
435
435
435
435
435
435
435
435
435
435
591
591
591
571
569
562
556
555
553
551
548
546
545
543
541
540
540
540
535
535
534
534
533
532
531
530
529
529
529
528
528
528
528
527
527
527
527
527
527
527
527
527
527
527
527
527
527
526
527
527
527
526
526
526
526
526
526
526
526
526
524
524
526
526
379
379
391
398
402
405
408
411
413
415
416
417
419
420
420
422
423
424
425
425
426
428
430
430
429
429
430
430
431
431
431
431
432
433
433
433
434
434
434
434
434
434
435
435
435
435
435
435
435
435
435
435
435
435
435
435
435
438
435
435
435
435
435
435
594
594
581
573
562
559
558
556
556
553
548
546
545
545
543
540
539
537
536
535
534
533
531
530
530
529
529
529
529
529
528
528
527
527
527
527
527
527
526
526
526
526
526
526
526
526
526
526
526
526
526
526
526
526
526
526
524
524
527
527
527
527
525
527
373
366
373
397
401
404
407
409
409
411
415
416
419
419
421
421
425
425
424
424
424
425
426
427
427
428
429
430
430
430
430
430
431
432
432
432
433
433
433
433
434
434
434
434
434
434
435
435
435
435
435
435
435
435
435
435
435
435
435
435
435
435
435
435
596
596
582
573
567
561
559
556
554
552
548
547
545
543
542
541
539
537
536
536
534
533
532
532
531
530
530
529
528
528
528
528
528
527
527
527
527
526
526
526
526
526
526
526
526
526
526
526
526
526
526
526
526
525
525
525
525
526
526
525
525
525
525
525
385
385
393
400
400
408
411
412
415
416
418
420
421
422
424
425
426
428
428
428
429
430
430
431
431
432
432
433
433
434
434
434
435
435
435
436
436
436
436
435
436
436
436
436
437
437
439
437
437
437
437
438
437
438
438
438
438
438
438
438
438
438
438
438
