368
368
372
375
377
382
382
383
384
386
387
389
389
391
391
391
393
394
394
395
396
397
397
398
399
399
400
400
400
400
400
402
403
403
404
405
406
406
407
407
407
407
408
409
409
410
410
410
410
411
417
412
413
412
413
412
412
412
412
414
414
414
415
415
663
663
653
647
642
638
632
630
627
625
621
619
614
612
612
610
608
606
603
600
600
598
597
595
595
592
590
589
589
588
586
585
584
585
582
582
581
579
579
579
578
577
577
577
576
574
574
574
573
571
573
571
570
569
569
569
569
569
568
567
567
566
566
566
314
314
321
328
332
335
339
343
345
348
352
353
355
356
355
362
364
366
368
368
371
375
377
378
378
379
381
382
383
384
386
387
388
390
390
391
392
394
396
396
397
397
397
399
400
400
400
401
401
403
403
404
404
405
408
408
408
408
408
408
409
410
410
411
663
663
654
652
641
637
634
630
627
623
622
619
617
615
610
609
607
606
604
602
601
599
597
596
593
593
592
590
589
588
586
585
585
583
582
580
580
579
579
578
578
576
576
574
574
573
572
572
571
571
570
570
567
566
566
566
566
566
564
564
564
564
564
564
312
312
319
324
331
334
337
340
343
347
348
352
356
363
359
362
362
364
366
366
368
370
373
373
374
377
380
380
381
383
383
383
384
384
387
389
390
391
392
395
395
395
395
396
396
398
400
401
401
401
402
403
404
405
405
405
407
407
407
409
409
409
409
410
662
662
652
646
641
641
640
630
630
628
621
617
615
615
613
610
608
606
604
603
601
599
596
596
593
593
593
591
589
588
587
585
584
584
583
581
581
580
579
577
577
576
576
575
574
573
572
572
570
570
569
568
568
567
567
566
566
565
565
565
565
564
563
563
312
312
319
327
329
334
337
339
342
345
347
348
352
355
358
359
362
363
365
366
368
370
372
373
375
376
379
383
382
382
382
386
386
387
387
389
391
392
392
392
394
394
396
396
397
401
401
401
401
401
403
403
404
405
405
406
407
407
407
408
409
409
409
411
664
664
653
646
641
637
634
631
627
625
622
620
612
612
612
611
608
606
604
603
599
598
597
596
595
593
591
591
590
588
586
586
584
580
580
580
579
578
578
577
576
575
575
574
574
573
572
570
570
570
570
568
567
566
566
566
565
563
563
562
562
562
562
562
307
307
322
325
327
332
336
339
345
346
347
351
351
352
357
359
363
364
364
366
371
371
371
370
370
376
377
379
381
381
383
384
384
386
387
389
390
391
392
393
395
395
395
396
397
398
401
401
401
401
401
403
403
404
405
406
407
407
408
409
409
409
409
408
662
662
653
647
644
639
638
631
628
625
621
620
618
616
613
611
608
606
604
602
599
599
597
595
594
592
592
590
589
587
586
585
583
582
580
580
580
579
578
577
576
575
575
574
573
572
571
570
569
569
568
568
567
567
566
565
565
565
564
563
563
563
562
562
309
309
319
325
331
332
335
336
342
344
347
350
352
355
356
359
360
362
364
366
368
369
371
373
374
375
377
378
380
387
387
384
383
384
387
389
391
390
391
393
394
396
397
397
398
398
399
400
400
402
402
403
405
405
405
405
406
407
407
408
410
410
410
410
616
616
594
585
576
570
565
560
558
556
553
552
550
549
548
548
546
546
546
545
545
545
544
544
543
542
542
542
540
540
540
540
541
540
540
540
539
539
540
540
538
537
538
538
538
538
537
537
537
537
537
537
536
536
536
536
536
535
535
535
536
536
536
533
329
329
346
349
364
364
371
374
378
384
390
392
397
401
403
406
409
409
413
415
417
424
424
421
421
421
421
422
424
424
424
424
424
425
426
426
426
426
426
426
426
427
428
428
427
427
427
429
429
429
429
429
429
429
429
429
429
429
429
429
429
429
429
429
639
639
628
618
611
603
596
591
586
585
577
574
570
567
564
560
558
558
555
553
551
550
550
548
548
547
546
545
545
545
543
543
542
542
541
541
541
541
538
538
539
539
538
538
538
538
538
538
536
537
536
537
537
537
536
536
536
536
535
535
535
535
534
534
330
317
330
347
357
361
366
377
378
380
385
390
391
396
399
404
406
409
412
412
416
416
418
419
420
420
422
422
422
424
425
425
425
426
426
426
427
427
427
427
427
427
427
428
428
428
428
428
430
430
430
429
427
429
429
429
429
430
431
430
431
430
430
429
641
641
628
620
612
604
598
593
585
582
578
571
569
567
565
563
560
559
557
555
553
552
551
549
549
547
547
547
547
544
544
544
542
541
541
541
540
539
539
539
539
539
538
538
537
537
537
537
537
536
536
536
536
536
535
535
535
535
534
534
534
534
534
533
330
330
340
349
358
362
367
373
373
376
385
387
392
396
398
403
405
409
412
413
415
416
419
420
423
424
423
423
423
425
425
425
425
425
426
426
426
427
427
427
428
428
428
429
429
429
429
429
429
430
430
430
432
430
430
429
429
430
431
430
431
431
431
431
641
641
630
620
612
607
597
593
587
583
578
574
569
568
564
562
560
557
555
554
552
550
550
549
546
546
546
545
543
543
542
542
540
542
540
540
540
539
539
539
538
538
538
538
537
537
537
536
537
536
538
535
537
535
534
534
533
534
533
533
533
533
534
533
330
330
346
349
355
361
367
371
375
381
384
389
392
396
400
404
406
409
413
414
416
417
418
421
421
422
424
424
424
424
425
426
426
427
427
427
428
428
428
428
428
428
428
428
429
429
429
429
429
430
429
429
429
430
431
430
430
430
430
431
431
434
431
431
642
642
627
623
613
606
603
593
588
583
578
574
570
565
564
562
559
559
555
553
551
549
548
548
546
545
545
545
544
542
543
542
541
541
541
539
539
539
539
539
539
539
538
537
537
537
536
536
536
536
535
535
535
535
534
534
534
534
533
532
532
532
532
532
335
335
340
347
355
361
366
370
376
380
380
385
392
393
399
402
406
410
413
415
423
419
420
420
420
420
422
423
424
424
424
425
426
427
427
427
427
427
427
428
428
428
428
429
429
430
430
430
430
430
430
430
430
430
430
431
431
431
431
431
431
430
431
431
594
594
574
561
554
548
544
544
542
540
537
537
536
533
533
533
533
533
532
532
530
528
529
529
529
529
528
528
528
529
529
527
527
527
527
527
527
527
527
526
526
526
526
526
526
526
526
527
526
526
526
526
526
526
525
524
525
524
525
525
525
525
525
525
357
357
368
378
386
395
402
407
414
416
418
420
422
423
424
424
424
426
426
427
427
428
428
428
428
432
432
430
430
430
429
429
431
431
431
434
431
431
431
431
429
431
431
431
431
432
432
432
432
433
433
433
433
433
434
433
434
433
433
432
432
432
434
434
617
617
597
587
576
568
562
559
554
553
551
548
546
545
544
543
543
541
540
540
539
536
536
536
536
535
535
535
534
534
532
532
533
533
534
535
535
535
531
529
529
530
530
530
529
528
528
528
529
529
529
529
529
529
529
529
528
528
528
528
528
528
528
527
340
340
364
374
383
391
400
407
411
413
416
419
421
422
422
422
422
423
425
425
426
427
427
427
427
428
428
428
429
429
430
430
430
430
430
430
431
431
434
434
432
432
432
432
432
432
432
432
433
433
433
433
433
433
433
433
433
433
434
434
432
432
434
434
620
620
603
590
579
570
565
558
554
553
552
550
549
548
547
544
544
543
543
540
540
540
540
539
538
537
537
536
535
535
535
535
534
533
532
529
532
532
532
532
531
521
531
529
530
529
529
529
529
530
530
530
529
529
529
529
528
528
528
528
528
528
528
528
350
350
368
371
382
391
398
404
410
410
414
419
419
421
421
423
423
423
423
424
426
426
426
427
427
428
429
428
429
430
430
430
430
430
430
430
430
430
430
431
431
432
432
432
431
430
430
431
432
433
435
435
433
432
432
433
433
433
433
433
433
433
433
433
622
622
606
592
572
571
566
562
558
556
553
550
550
547
547
546
545
544
543
542
541
541
539
539
539
538
537
537
537
536
536
534
534
534
534
534
534
533
532
532
532
531
531
531
531
531
531
530
529
529
529
530
529
529
529
529
529
529
529
528
529
528
529
529
349
349
359
376
380
388
396
404
409
409
415
417
418
421
422
422
422
422
423
425
425
425
425
425
425
427
427
428
428
428
429
430
429
429
429
430
430
430
431
431
433
434
434
432
432
432
432
432
432
432
432
432
432
432
432
432
433
432
432
432
432
433
433
433
623
623
608
592
581
572
567
562
559
555
553
551
550
549
547
547
546
545
544
543
542
541
540
540
539
537
535
537
535
535
535
535
535
535
534
533
533
533
533
532
532
532
532
532
532
531
531
530
530
531
531
533
530
530
529
529
529
529
529
529
529
529
528
528
348
348
361
371
379
387
396
403
407
412
414
416
418
419
420
420
421
423
423
423
423
425
425
426
426
426
427
427
428
428
428
429
429
429
429
430
429
430
429
431
431
431
431
431
431
431
431
431
432
432
432
432
433
433
433
433
433
433
433
433
433
433
433
433
562
562
551
547
540
538
537
535
534
532
530
530
530
529
528
528
528
528
528
528
527
527
527
527
527
525
526
526
526
527
528
528
527
526
526
526
526
527
527
527
527
527
527
527
527
527
527
527
528
526
528
528
528
528
528
528
528
528
528
528
528
527
521
521
377
377
393
401
403
408
410
413
415
420
420
420
422
422
423
423
423
424
426
427
427
429
429
429
429
430
430
430
432
432
432
432
434
434
434
434
434
435
436
435
436
436
436
436
436
437
437
437
437
437
438
438
438
438
438
438
438
438
437
437
437
438
438
438
585
585
571
562
557
554
551
548
547
545
543
542
540
539
539
537
536
536
535
534
534
534
533
532
531
531
531
530
530
530
530
529
529
529
529
528
528
527
528
527
528
528
528
528
529
528
528
528
528
527
528
527
528
527
528
528
529
530
530
528
528
527
527
527
374
374
391
400
403
405
407
412
414
416
418
419
420
420
422
422
424
424
426
426
427
428
429
431
430
431
431
431
432
432
433
433
433
433
436
436
436
436
436
436
436
437
437
436
436
437
438
438
438
438
438
438
438
437
438
437
438
438
438
438
438
439
439
438
586
586
574
561
560
555
552
550
548
547
545
543
542
540
539
537
537
536
535
534
534
532
532
532
531
531
531
530
530
530
529
529
529
529
529
529
528
528
527
527
527
527
527
527
527
527
527
527
527
526
526
526
526
527
527
527
527
527
527
527
527
527
527
527
374
374
392
401
404
406
412
412
413
416
419
419
422
423
424
426
427
427
427
427
429
429
430
431
433
433
433
433
436
434
435
435
435
435
435
436
437
437
438
440
439
439
438
438
438
438
439
438
439
439
440
440
440
440
440
440
440
440
440
440
440
440
440
440
588
588
573
565
558
554
551
548
546
545
543
541
541
539
538
535
535
535
535
533
532
531
530
529
529
529
528
528
527
527
526
526
526
526
526
526
526
526
526
526
526
525
525
525
525
525
525
525
525
525
525
524
525
525
525
524
524
524
524
525
524
525
525
525
375
375
393
402
402
399
399
415
417
420
420
423
424
425
425
427
427
428
429
429
430
431
431
432
433
433
434
434
434
434
434
434
435
435
436
436
436
436
437
438
438
438
438
438
434
439
439
441
439
440
439
439
439
438
439
440
440
440
439
440
439
440
440
440
565
574
565
565
559
554
551
549
547
544
541
541
540
538
537
535
535
534
533
531
530
529
529
529
528
527
527
527
526
525
525
525
525
525
525
525
524
524
524
524
524
523
523
523
524
524
524
524
524
523
523
523
523
523
523
524
524
524
524
523
523
523
524
524
376
376
394
401
409
410
415
415
415
420
421
423
424
426
427
429
430
430
430
431
432
432
434
434
433
432
432
436
436
436
436
436
437
437
438
439
439
439
438
440
439
440
439
439
439
440
440
440
440
440
440
440
441
441
440
440
440
440
441
441
441
440
440
440
