364
368
372
374
375
376
379
380
381
382
383
384
385
386
386
387
387
389
389
389
389
389
391
392
394
394
393
393
394
394
394
394
395
396
396
396
397
397
401
398
398
398
398
398
399
400
400
400
400
400
400
401
401
402
402
402
403
405
403
403
403
403
403
404
652
652
646
642
636
634
632
629
627
622
621
620
618
616
613
613
611
610
609
606
605
604
602
601
600
599
599
595
595
595
594
593
592
591
591
590
589
589
588
587
586
586
586
585
584
584
584
583
582
582
582
581
582
581
580
580
579
579
579
579
579
578
577
577
322
322
330
339
340
341
345
347
349
352
355
359
361
361
363
364
366
368
369
372
373
374
377
378
377
378
380
380
381
382
383
384
384
386
386
388
388
389
389
389
390
391
392
393
393
394
394
395
396
396
396
400
400
400
398
398
398
399
400
400
400
400
400
401
652
652
649
643
638
634
631
628
625
624
623
620
618
617
612
612
611
608
606
606
605
602
602
601
600
599
598
596
595
594
594
593
592
591
591
589
589
588
588
586
586
584
584
584
583
583
583
582
582
582
581
581
579
579
579
579
578
578
577
577
577
577
577
576
326
326
328
332
336
339
341
345
347
350
352
354
357
358
362
368
366
367
367
369
370
372
373
374
378
378
378
378
380
381
382
383
384
384
385
385
387
388
389
389
389
390
391
392
392
395
395
396
395
395
395
395
396
397
397
398
398
400
400
400
400
402
402
401
652
652
647
642
637
637
629
628
628
622
620
620
616
614
614
612
611
609
608
606
605
604
599
599
599
599
597
596
595
594
594
593
592
591
590
590
589
588
586
586
586
585
585
585
583
583
582
581
581
580
580
580
579
579
579
578
577
577
577
576
576
576
575
575
321
321
327
335
336
338
341
344
347
350
352
354
355
358
360
360
363
365
367
368
371
371
371
375
376
377
377
377
378
374
380
382
383
383
385
385
385
387
387
388
389
391
391
391
392
392
392
393
394
394
396
396
396
396
396
398
398
398
399
400
400
400
401
401
652
652
645
642
637
634
631
629
624
624
622
620
618
616
614
612
611
609
607
606
604
603
601
600
599
598
597
596
594
592
592
591
590
590
590
589
588
587
587
585
585
585
583
583
583
582
582
581
580
580
580
579
579
578
578
578
577
576
576
575
575
575
574
574
319
319
326
332
336
339
342
344
347
349
351
353
355
357
359
363
363
363
365
365
370
370
372
373
375
376
377
377
379
381
381
382
383
384
384
385
386
387
388
388
388
390
391
391
391
392
393
393
393
392
392
396
397
397
397
398
398
398
399
399
400
400
401
401
653
653
646
641
637
634
632
631
628
625
622
620
618
616
615
613
611
610
608
607
606
604
602
601
600
600
599
597
596
596
594
593
591
591
591
589
588
588
587
587
586
584
584
584
583
583
583
581
581
581
580
579
579
578
578
577
577
576
576
575
575
575
575
575
325
325
328
331
335
338
343
346
346
348
350
353
354
357
359
362
363
364
366
367
369
371
372
373
374
376
377
377
378
379
379
383
383
384
381
384
386
387
388
389
389
389
391
392
391
392
393
397
394
396
395
396
396
396
397
397
398
398
399
399
400
400
400
401
613
613
601
593
586
582
577
574
573
570
569
567
566
565
564
563
562
562
562
562
561
561
560
560
559
559
559
559
559
559
558
558
558
558
557
557
557
557
556
556
556
556
556
555
555
555
555
555
555
555
555
554
554
554
554
552
552
553
553
553
553
553
553
553
337
337
346
354
360
365
370
374
378
381
384
387
390
392
393
397
397
399
400
403
404
404
404
405
407
409
410
410
411
412
412
412
412
412
414
419
414
415
415
415
416
416
416
417
417
417
417
418
418
418
418
419
419
419
419
419
420
420
420
419
420
420
420
420
634
634
625
618
612
603
602
598
594
591
587
584
582
579
576
575
573
571
569
568
566
566
564
563
562
560
560
558
558
558
556
555
555
554
552
552
552
552
552
551
551
550
550
550
549
549
549
549
549
549
549
548
548
548
548
548
548
548
548
550
550
548
547
547
341
341
353
358
364
368
374
378
381
385
388
388
392
395
399
400
403
404
404
406
407
409
409
409
411
411
413
413
414
415
415
415
416
417
417
418
418
418
419
420
420
420
420
421
422
422
422
422
422
422
422
422
423
423
423
423
423
424
424
424
424
424
424
424
634
634
624
617
611
606
597
593
593
589
585
583
580
577
576
575
571
569
567
566
564
563
563
561
560
560
559
558
557
556
556
555
554
554
553
552
552
552
552
551
551
551
550
550
550
550
550
549
548
548
548
548
548
548
547
547
547
547
546
546
546
546
546
546
340
340
350
356
363
368
372
379
381
385
388
390
393
395
396
400
402
403
405
406
406
409
410
411
412
413
413
414
416
416
416
417
418
419
419
419
419
420
420
420
420
421
421
421
422
422
422
422
423
423
423
423
423
423
423
424
424
424
424
424
425
425
425
425
634
634
625
618
612
605
600
596
592
589
586
582
579
577
573
572
571
568
566
565
564
563
562
560
559
558
557
557
556
554
554
554
553
553
552
552
552
552
551
550
550
550
550
549
549
549
549
549
548
548
548
548
548
548
547
547
547
547
547
547
547
546
546
546
339
339
348
355
361
366
372
376
380
383
387
389
392
395
397
400
401
403
406
409
406
410
410
412
412
413
413
414
415
415
417
417
417
418
418
418
419
420
420
420
420
420
421
421
423
423
423
424
425
424
423
423
423
424
424
424
424
424
425
425
425
425
425
425
635
635
627
618
612
605
602
598
592
589
586
583
581
577
571
569
568
567
566
565
563
562
561
561
560
557
557
556
556
555
555
553
553
553
552
552
551
551
551
551
550
550
549
549
549
549
549
548
548
547
547
547
547
547
547
547
546
546
546
546
545
545
545
546
338
338
348
355
361
366
371
376
380
384
387
390
396
398
398
401
402
404
406
406
409
411
411
412
413
415
415
415
415
417
418
422
422
419
419
419
420
421
421
422
422
423
423
423
423
424
424
424
424
425
425
425
426
426
426
427
427
427
427
427
427
428
428
428
599
599
581
571
563
558
554
553
550
549
548
547
546
545
544
544
544
544
544
544
543
543
543
543
543
543
543
542
542
542
542
542
542
542
542
542
541
541
541
541
541
541
541
541
541
541
540
540
540
540
540
539
539
540
540
540
540
540
540
540
540
540
540
540
359
359
371
380
388
394
399
402
405
408
409
411
413
416
417
417
418
418
419
421
421
422
422
423
423
423
424
424
425
425
426
426
426
426
426
427
427
427
427
428
428
428
428
428
429
430
430
430
430
430
430
430
431
432
432
432
432
433
433
433
433
433
433
434
611
611
597
587
579
572
566
563
557
557
555
552
551
549
548
547
546
544
544
544
543
542
542
541
540
540
540
539
538
537
537
537
537
536
536
536
535
535
535
535
534
534
534
534
534
532
532
532
532
533
533
533
533
533
533
532
532
533
533
533
533
533
532
532
367
367
379
390
395
404
406
410
413
416
418
419
421
422
423
425
426
426
428
429
430
430
430
430
431
432
433
433
434
434
434
434
435
435
435
435
436
435
436
436
436
436
436
436
436
436
436
436
436
437
437
437
437
437
437
437
437
437
437
437
437
437
437
437
610
610
597
580
573
573
567
560
560
557
554
552
549
549
548
545
544
543
543
540
541
540
539
539
538
538
538
537
537
536
536
535
535
535
535
535
534
534
534
534
534
534
533
533
533
533
533
532
532
532
532
533
532
532
532
532
532
532
532
532
532
532
532
532
363
363
376
386
393
399
404
412
414
415
416
418
420
421
423
424
424
424
426
427
428
429
429
430
431
432
432
432
432
433
433
434
434
435
435
435
435
435
435
437
437
437
437
437
437
440
440
440
438
438
438
438
439
443
439
439
439
439
439
439
440
440
440
440
611
611
598
587
578
570
565
560
556
555
551
550
547
545
544
543
542
541
539
538
538
537
536
536
536
535
534
534
534
534
534
533
533
532
532
532
532
532
532
532
532
531
531
531
531
531
531
531
531
531
531
531
531
530
529
529
530
530
529
529
530
530
530
529
366
366
379
387
395
405
407
412
412
416
419
421
424
425
427
428
428
429
430
430
430
432
432
433
433
433
434
434
435
435
435
435
436
436
437
437
437
437
437
437
438
438
438
437
438
438
439
439
439
439
440
440
440
439
432
432
441
441
441
441
441
441
441
441
606
606
593
583
574
567
561
557
553
549
548
546
544
542
542
540
538
537
536
536
535
534
534
533
533
532
532
531
531
531
530
530
530
530
529
529
529
529
529
528
528
528
528
528
528
528
528
528
527
527
527
527
527
527
526
526
526
527
527
527
527
527
527
526
371
371
388
392
399
405
410
414
417
420
422
423
426
428
428
429
430
433
433
433
433
433
433
434
435
436
436
436
436
437
437
437
438
438
438
438
439
439
439
439
439
440
440
440
440
440
440
440
440
441
441
441
441
441
441
441
441
441
441
441
442
442
442
442
559
559
547
541
537
536
535
532
532
530
530
530
530
529
529
529
528
528
527
527
527
526
526
526
526
526
526
526
526
526
526
526
526
526
526
526
526
526
527
527
527
527
527
527
527
527
527
528
528
528
527
528
527
526
526
528
528
528
528
529
529
529
529
529
391
391
401
408
414
418
421
423
425
427
428
430
430
430
432
432
432
433
433
433
434
434
434
435
435
435
435
436
436
436
437
437
437
437
437
437
437
437
438
439
438
439
439
439
439
439
439
439
439
439
439
439
440
440
440
440
440
440
440
440
440
440
441
441
590
590
576
568
560
554
549
547
545
543
542
541
540
540
538
537
537
537
536
535
535
535
534
533
533
533
532
532
532
532
531
531
531
531
531
530
530
530
530
529
529
529
529
529
529
530
530
530
530
530
530
530
530
530
530
531
531
531
531
531
530
531
530
530
383
383
394
400
409
410
413
416
418
419
421
423
424
426
427
428
429
430
431
431
432
432
433
433
433
434
435
435
435
436
437
437
437
437
437
438
438
438
438
438
439
439
439
439
439
439
440
440
440
440
440
441
441
441
441
441
441
441
441
441
441
442
441
442
589
589
575
568
561
555
549
547
547
545
544
543
541
541
541
540
539
538
538
537
536
536
536
535
535
535
534
534
534
533
533
533
533
532
532
532
532
532
532
531
532
532
532
532
532
532
532
532
531
532
531
532
532
532
532
532
532
532
533
533
532
532
532
532
374
374
388
395
399
403
408
410
415
415
418
420
421
423
424
426
427
429
429
429
431
432
432
433
433
434
434
435
435
435
436
436
436
437
437
437
437
438
438
439
439
439
439
440
440
440
441
441
441
441
441
441
441
441
442
442
443
444
444
445
445
445
445
445
585
585
570
558
551
549
546
544
543
541
539
538
538
536
536
535
535
533
532
532
532
532
531
530
530
530
532
529
529
528
528
528
527
527
526
526
526
526
526
526
526
526
526
526
525
525
525
525
524
524
524
525
524
525
524
525
525
525
525
525
525
525
525
525
388
388
397
405
410
416
419
422
425
426
429
430
431
433
434
436
437
437
439
440
440
441
441
441
441
443
443
443
443
444
444
444
445
445
445
445
447
447
446
446
446
446
446
447
447
446
446
446
446
446
449
446
448
447
447
447
447
448
448
448
448
449
449
449
580
580
568
557
550
546
543
541
539
538
536
535
534
534
532
531
531
531
530
529
529
528
527
526
525
525
525
525
528
524
524
524
523
523
523
523
523
522
523
523
523
523
523
523
523
524
523
523
523
523
523
523
523
524
524
525
524
524
524
524
525
525
525
525
386
386
396
403
408
414
418
421
424
427
429
431
432
434
435
435
436
437
439
439
439
439
441
442
442
442
442
443
443
444
444
444
445
445
445
445
440
440
446
446
446
446
446
447
447
447
447
447
447
447
447
447
447
447
447
447
447
447
447
447
447
447
447
447
