480
480
480
480
480
480
480
480
480
480
480
480
480
480
480
480
480
480
480
480
480
479
480
480
480
480
481
481
480
480
480
480
480
480
480
480
480
480
480
477
477
480
480
479
479
480
480
480
480
480
480
480
480
480
480
480
480
480
480
480
480
480
480
480
547
547
546
546
544
543
543
542
541
541
541
540
540
540
539
539
538
538
538
538
538
538
538
537
537
537
537
537
537
537
537
537
537
537
536
536
536
536
536
536
535
535
535
535
535
535
535
535
535
535
535
534
535
534
534
534
534
534
534
534
534
534
534
534
400
400
405
410
414
416
418
420
422
423
425
426
427
428
429
429
432
432
432
433
434
439
439
437
437
438
439
438
439
440
440
440
441
441
442
441
442
442
443
443
444
444
445
445
445
446
446
446
446
447
447
447
447
447
447
447
448
448
449
449
451
449
449
449
583
583
583
577
571
567
565
565
564
563
560
557
555
555
554
554
553
552
552
550
549
549
549
553
548
547
546
546
545
544
544
544
544
543
543
542
542
542
541
541
540
540
540
540
540
539
539
539
538
538
538
537
537
537
537
537
537
537
537
536
536
536
536
536
400
400
406
413
415
413
415
419
421
421
422
425
426
429
429
429
430
431
431
432
433
434
435
435
436
437
437
437
438
438
439
440
440
441
441
442
442
442
442
442
444
444
444
444
445
445
445
446
446
446
446
447
447
447
448
448
448
448
449
449
449
449
449
444
584
584
578
574
572
569
565
564
565
564
560
559
558
557
556
555
554
554
554
554
554
551
550
549
549
549
548
547
547
547
546
546
545
545
544
544
543
543
543
543
542
542
542
547
541
540
540
540
540
539
539
539
538
538
538
538
538
538
536
536
537
537
537
536
400
400
405
408
412
412
414
418
420
420
422
418
418
418
429
429
430
430
431
432
432
433
434
434
435
435
436
437
437
438
438
439
439
439
440
441
441
441
442
442
443
443
443
443
444
444
445
445
445
445
446
446
446
447
447
447
448
448
448
448
448
449
449
464
585
585
579
579
575
570
568
566
564
562
561
560
559
558
557
556
556
555
554
553
553
551
551
550
551
550
549
548
547
547
547
547
546
546
545
545
544
544
544
543
543
541
543
541
541
541
541
541
540
540
540
539
539
539
539
539
538
538
538
538
537
537
537
537
393
393
405
409
412
414
417
417
418
421
422
424
425
426
427
428
429
431
431
432
432
432
432
434
435
435
435
432
435
437
437
437
439
439
439
440
440
441
441
441
441
442
442
443
443
444
444
445
445
445
445
446
446
446
447
447
447
447
447
447
447
448
448
449
584
584
580
575
573
570
567
565
565
564
560
559
559
559
557
556
556
556
557
557
554
553
552
551
550
550
549
549
549
553
553
547
546
546
545
545
545
545
544
544
543
543
543
542
542
542
541
541
541
541
541
540
540
539
539
537
538
537
525
525
537
537
537
537
400
400
405
411
411
411
416
417
419
422
423
423
424
425
427
427
427
429
429
431
431
432
432
433
434
434
435
435
436
436
437
437
438
438
438
439
439
440
441
441
441
442
442
442
443
443
444
444
445
445
445
445
446
446
446
446
446
446
446
447
447
447
447
448
557
567
557
547
542
542
542
537
536
533
533
533
532
531
530
529
529
529
529
528
528
528
528
526
526
526
526
526
525
525
525
525
525
524
524
524
523
523
523
523
523
522
522
522
522
522
521
521
521
521
521
521
521
520
520
520
520
520
520
520
520
519
519
519
405
405
415
416
421
424
429
429
434
429
433
433
435
436
437
438
438
440
441
443
444
444
445
445
447
447
448
448
448
449
450
451
451
453
453
453
454
454
454
454
455
455
456
457
457
458
458
458
459
459
459
459
459
460
460
460
461
467
467
462
462
462
462
462
572
572
570
569
570
564
564
559
557
555
555
555
553
552
551
549
549
547
546
544
543
543
541
541
542
542
542
538
538
538
540
540
537
535
533
533
533
532
531
530
530
529
529
529
528
528
528
527
526
527
526
526
526
524
525
524
524
524
524
524
524
523
524
523
409
409
413
415
418
418
420
424
425
426
426
432
432
433
433
434
436
436
437
438
439
439
441
441
443
443
443
444
445
446
447
447
448
449
450
450
451
451
451
451
453
453
454
454
454
455
456
457
457
457
458
458
458
458
459
459
460
460
460
461
461
461
462
462
574
574
571
566
564
558
561
559
559
558
557
557
556
556
552
551
550
549
546
546
545
545
544
543
542
542
541
540
539
539
539
538
536
536
536
535
535
535
535
532
532
532
531
531
531
529
529
528
528
528
527
527
527
526
526
526
525
525
525
527
527
524
523
523
409
409
412
415
417
420
420
420
424
424
426
429
430
431
432
433
434
435
436
436
437
438
440
440
440
441
442
443
443
445
445
445
446
447
447
448
449
449
450
450
451
452
452
452
453
454
454
455
455
455
456
456
457
458
458
458
459
459
459
460
461
461
461
464
565
572
569
569
566
565
564
562
562
560
556
556
555
554
553
552
551
550
548
547
546
546
546
544
543
542
542
541
540
540
538
538
538
537
536
536
535
534
534
534
533
532
532
531
531
530
529
529
528
528
527
527
526
526
526
525
525
525
532
532
524
524
523
523
409
409
412
417
419
417
419
421
423
425
427
427
429
430
431
432
434
435
435
435
436
437
438
439
439
441
441
442
443
443
443
444
445
446
446
448
452
448
449
449
449
451
451
451
452
453
453
453
454
455
455
456
456
457
458
458
458
458
459
459
459
460
460
461
567
572
572
572
572
568
564
562
561
560
558
558
556
555
553
552
552
552
549
548
547
547
546
545
544
543
542
541
541
539
539
538
538
537
536
536
535
535
534
534
533
533
531
531
531
531
530
536
529
527
527
527
527
527
526
525
522
524
524
524
523
523
523
522
409
409
412
414
417
418
420
422
425
426
427
428
428
430
432
432
433
433
434
435
436
437
437
440
440
440
436
436
442
442
444
444
444
444
445
446
447
448
448
449
450
450
450
451
451
452
453
454
454
454
455
456
456
456
457
457
458
458
458
459
460
460
461
461
563
563
557
552
549
545
542
539
536
533
532
529
527
525
523
523
522
521
520
519
519
518
518
517
517
516
516
516
516
516
515
515
515
515
515
515
515
515
515
514
514
514
514
514
514
514
514
514
514
514
514
514
514
514
514
514
514
514
514
514
514
514
514
514
416
416
421
426
429
432
435
438
440
443
444
446
448
449
452
453
454
457
458
458
461
461
461
461
462
463
463
463
464
465
465
465
465
466
466
466
466
466
467
467
467
467
467
467
467
467
467
467
468
469
468
468
468
468
468
468
468
468
468
468
468
468
468
468
544
561
544
555
552
552
549
547
543
541
541
539
539
537
534
534
532
530
529
526
526
526
525
524
524
524
522
522
521
519
519
519
518
518
518
517
517
517
517
517
517
516
516
516
516
516
516
516
515
511
514
514
514
515
516
516
513
513
515
515
515
515
515
515
416
416
421
425
428
431
433
436
438
438
440
444
446
447
448
450
451
451
452
455
455
457
458
458
460
460
461
462
462
462
463
463
464
464
464
464
465
465
465
465
465
465
466
466
466
466
466
466
466
467
467
467
467
467
467
467
467
467
467
466
466
467
467
467
568
568
564
560
557
554
552
551
551
546
542
542
541
540
538
537
534
535
531
530
528
527
526
525
524
522
521
521
521
520
520
515
515
515
518
518
518
517
517
517
517
516
516
516
516
516
516
516
516
518
518
516
516
515
515
515
515
515
515
515
516
516
515
515
415
415
420
420
420
420
433
436
438
440
444
445
446
448
448
449
451
453
453
453
455
456
457
457
459
460
459
460
461
462
462
463
463
463
463
463
464
464
465
465
465
465
465
465
465
466
466
466
466
466
466
466
466
466
466
466
466
466
466
466
466
464
462
462
569
569
566
565
558
555
552
549
547
545
545
543
539
537
536
534
533
532
530
529
528
526
526
524
524
524
524
523
521
521
520
520
519
518
518
518
518
518
517
517
517
517
516
516
516
516
516
516
516
516
516
515
515
515
515
515
515
515
515
516
515
515
515
516
416
416
420
424
427
430
435
438
438
439
441
443
443
448
448
449
450
452
452
453
455
455
455
456
457
459
459
460
460
460
462
463
463
464
464
463
463
465
465
465
465
465
465
465
465
465
465
465
466
466
466
465
465
466
466
466
466
466
466
466
466
466
466
466
569
569
569
561
558
554
552
550
547
545
543
542
539
539
538
540
535
532
528
528
528
527
527
526
525
523
523
522
521
521
520
520
519
518
518
517
517
516
517
517
517
517
517
516
516
516
517
523
523
516
516
515
515
515
515
515
515
516
515
515
515
515
515
515
416
416
421
424
427
427
431
435
439
439
442
443
446
446
446
448
450
451
452
453
454
454
456
456
457
463
463
463
460
461
461
461
462
462
463
463
463
463
464
464
464
464
465
465
465
465
465
466
465
466
466
466
466
466
466
466
466
466
466
466
466
466
466
466
551
551
541
540
530
526
522
521
519
518
516
515
515
515
515
515
515
515
515
515
515
516
515
515
515
515
516
516
516
516
516
516
516
516
517
517
517
517
517
517
517
517
517
518
519
519
519
519
519
519
518
518
518
519
519
519
519
521
521
520
520
520
524
520
420
420
428
437
444
449
449
454
461
463
465
466
467
468
468
464
464
470
470
470
471
471
470
470
471
471
471
471
471
470
470
470
470
470
470
470
470
470
470
470
470
470
470
470
469
469
469
469
469
471
471
468
468
468
468
468
468
468
469
469
467
467
467
467
543
549
543
543
537
532
531
527
521
519
518
516
515
515
515
514
514
514
512
512
514
514
514
514
514
514
514
514
514
514
514
515
514
514
514
514
514
515
515
515
515
515
515
516
515
515
515
516
516
516
515
515
517
517
517
517
517
517
517
517
517
517
518
518
423
423
432
439
446
448
448
456
462
463
466
466
466
469
470
470
470
470
470
471
471
471
471
471
471
471
471
471
471
471
470
470
470
470
470
470
470
470
469
469
469
469
469
469
469
469
469
469
468
468
468
468
468
468
472
472
467
467
467
467
467
467
467
467
562
562
549
547
539
528
528
525
522
522
520
516
515
515
514
514
514
514
513
513
513
513
513
512
512
512
513
513
513
513
513
513
513
513
513
514
514
514
514
514
514
514
514
515
515
515
515
515
521
521
515
515
515
515
516
516
516
516
516
517
516
516
516
516
429
429
433
441
445
450
454
458
458
450
450
467
467
467
467
469
470
470
471
471
471
471
471
471
471
472
472
471
471
472
472
471
471
471
471
471
470
470
470
470
470
470
470
470
470
470
469
469
470
472
472
469
469
469
467
467
468
468
468
468
468
467
467
468
558
563
558
545
539
533
529
525
520
519
519
517
517
515
514
515
514
514
512
514
512
514
512
513
512
513
512
512
512
512
512
513
512
514
512
514
514
514
518
515
515
513
513
514
514
514
514
515
515
515
515
515
515
515
515
515
519
519
516
515
515
516
516
516
425
425
434
440
447
451
459
462
462
464
466
468
469
470
471
471
471
471
471
473
473
473
473
473
472
472
472
473
473
473
472
472
472
473
472
472
472
472
472
472
472
472
470
470
471
471
471
471
470
474
470
472
470
472
470
470
470
469
469
469
469
464
469
469
559
559
550
542
536
532
528
525
521
519
518
515
514
515
515
519
519
512
512
512
512
511
511
512
512
512
513
513
513
513
512
512
512
512
512
513
513
513
513
513
512
513
512
512
512
513
514
514
514
514
514
514
514
515
515
515
515
515
515
515
515
515
515
515
427
427
436
441
451
455
459
459
459
462
454
466
469
470
471
472
472
473
473
473
473
474
474
474
474
474
474
474
474
474
474
474
474
473
474
474
474
474
473
474
473
473
473
473
473
473
473
473
473
473
473
472
472
472
472
472
471
471
471
471
471
470
470
471
