480
479
480
479
480
479
480
480
480
479
479
479
480
480
480
480
480
480
480
480
480
479
479
479
479
479
478
478
479
480
480
480
480
480
480
479
479
479
479
480
480
480
480
481
480
480
464
464
474
480
480
480
480
480
480
480
480
480
480
481
480
480
480
480
516
519
516
514
513
513
513
513
512
513
513
513
512
511
511
511
510
510
511
511
510
510
510
510
511
511
511
510
510
510
510
509
509
509
509
509
510
510
510
509
509
509
509
508
509
508
508
508
507
508
508
509
509
509
508
509
508
508
508
508
508
509
508
508
450
450
453
454
457
457
457
459
459
461
461
463
464
465
465
465
465
466
466
466
468
466
467
467
468
468
469
469
469
469
469
469
468
468
469
469
470
470
470
470
470
470
471
470
471
471
471
471
471
471
472
472
472
472
472
472
472
472
472
472
472
472
472
472
535
535
534
530
529
529
526
525
525
524
524
523
522
523
523
523
521
520
520
518
518
519
519
518
518
518
518
518
518
517
517
517
515
515
516
516
515
515
515
515
515
515
514
514
514
512
512
513
513
513
514
516
514
512
510
500
500
511
511
511
511
511
511
511
447
447
451
452
453
453
454
456
458
458
458
458
460
462
462
463
463
463
464
464
464
464
464
465
466
466
467
467
468
468
468
469
469
469
469
469
469
470
470
470
470
470
471
471
471
472
472
472
470
472
471
471
471
473
473
473
473
473
473
472
472
472
472
474
532
532
530
527
524
524
524
524
524
524
522
521
521
520
516
518
518
518
517
517
517
517
516
516
515
515
515
515
515
515
515
514
514
515
515
514
513
513
513
513
513
513
512
512
511
511
511
512
512
511
511
510
510
510
510
510
510
510
510
510
510
510
510
510
451
451
454
455
456
458
459
460
461
461
462
462
462
464
464
464
465
465
465
465
465
465
465
465
468
468
468
468
468
468
467
467
467
469
469
469
469
468
469
469
469
469
470
471
471
471
471
471
472
471
472
472
472
471
471
471
471
471
472
472
472
472
472
472
536
536
532
532
528
507
527
526
526
525
525
525
524
524
524
523
523
523
522
521
520
520
520
520
520
519
519
518
518
518
518
518
518
517
516
516
516
516
515
515
515
515
515
516
516
515
515
519
519
513
513
513
513
514
514
513
513
513
513
512
512
512
512
512
448
448
449
452
453
454
456
456
457
459
459
460
460
461
462
463
463
463
463
464
465
465
465
465
465
465
467
467
467
468
468
468
468
466
467
467
469
469
469
470
470
470
470
471
471
474
471
470
470
472
472
472
474
474
473
473
473
474
474
474
474
474
474
474
509
529
528
528
528
525
524
524
524
522
522
521
521
521
521
519
519
519
518
516
516
509
517
517
517
517
516
516
515
515
515
514
514
514
514
513
513
513
513
513
513
513
513
513
512
512
512
511
511
511
511
511
510
510
510
510
510
515
510
510
496
496
510
510
451
451
453
455
457
458
459
459
460
460
461
461
460
460
463
464
464
465
465
465
465
465
465
465
465
466
466
466
465
465
467
467
467
468
468
468
468
468
469
468
468
468
469
469
469
468
469
469
470
470
471
471
471
471
471
472
471
471
471
471
471
471
471
471
522
522
521
515
514
513
513
513
516
516
509
507
493
493
506
506
506
505
506
505
505
504
505
508
508
506
506
506
514
506
507
506
507
506
506
506
506
506
505
505
504
505
504
504
504
504
504
503
503
502
503
503
510
510
504
503
502
503
502
504
503
504
503
504
453
453
456
462
462
462
462
464
466
466
466
466
468
468
470
470
470
471
471
472
472
472
472
472
472
473
473
473
473
473
474
473
474
474
474
475
475
476
476
476
475
477
478
478
478
478
478
478
479
482
479
479
479
478
478
478
478
478
478
479
479
479
479
479
529
529
529
525
524
522
520
519
519
519
518
516
516
516
516
515
512
514
514
514
514
513
513
512
512
512
512
511
511
511
511
511
510
510
509
509
509
507
508
508
513
513
507
507
507
506
513
505
505
505
506
506
505
504
504
505
505
505
504
505
505
506
506
506
458
458
458
459
457
459
461
462
462
463
464
465
466
467
467
467
467
468
469
470
472
470
470
470
470
470
471
471
471
472
472
473
473
473
473
476
474
475
474
475
474
475
477
477
477
477
477
477
477
478
478
478
478
480
478
480
478
478
478
478
478
479
479
479
530
530
526
525
525
524
523
521
521
521
521
519
518
517
517
517
516
516
516
516
514
514
514
514
514
513
513
512
512
512
512
511
511
511
510
510
510
508
508
508
508
508
508
508
507
506
506
506
507
507
507
512
507
506
506
506
506
506
505
506
505
505
505
504
453
451
453
457
458
460
461
462
462
463
463
464
464
465
466
467
467
468
467
469
469
469
469
469
469
469
471
472
472
472
472
472
472
473
473
474
474
474
474
474
474
475
475
476
476
476
476
476
476
477
477
477
477
477
478
478
478
478
478
478
479
479
479
479
530
530
527
527
525
524
522
524
521
520
520
519
519
516
516
516
516
517
516
516
515
515
515
514
514
513
513
513
513
512
512
511
511
511
511
511
510
509
509
509
509
508
508
508
507
507
507
507
507
507
506
507
506
506
506
506
506
506
505
505
505
505
505
505
454
453
454
457
457
458
460
461
461
462
463
464
464
464
465
465
466
466
467
467
468
468
468
468
469
470
470
470
470
471
471
472
472
472
472
472
473
473
474
474
474
475
477
477
477
476
476
476
475
475
477
480
478
478
477
477
476
478
478
478
478
478
479
479
530
530
528
527
526
525
525
524
523
516
516
519
520
519
518
517
517
517
516
516
513
514
514
514
514
513
513
513
513
512
512
511
511
511
510
510
510
509
509
509
509
509
509
510
508
508
508
507
507
507
507
507
507
506
506
506
505
505
505
505
505
510
510
505
454
454
455
458
458
459
460
461
461
461
461
464
464
464
463
465
456
466
467
467
467
468
468
469
469
469
469
470
470
471
471
472
472
472
473
473
473
473
472
472
473
473
473
472
472
476
479
476
475
474
474
476
476
477
477
477
477
478
478
478
479
479
479
479
523
523
516
515
515
512
497
496
496
508
508
506
506
505
505
505
503
503
503
502
502
502
502
502
502
502
502
502
502
502
502
502
502
502
502
501
501
501
502
501
501
501
501
501
501
501
501
501
501
502
501
501
501
501
501
502
502
502
502
501
502
502
502
502
453
453
460
464
465
465
465
467
470
472
472
472
473
473
475
475
477
477
477
477
477
478
480
480
480
480
480
481
481
481
481
481
480
482
482
482
482
482
481
481
482
482
483
482
482
481
482
481
482
482
482
482
483
483
482
482
482
482
482
482
482
482
483
483
523
523
521
519
519
518
516
516
515
513
513
512
511
509
509
509
507
507
507
507
507
507
506
505
505
504
504
504
504
504
504
504
503
503
503
503
501
501
501
503
503
502
502
502
502
503
503
503
503
502
502
503
503
503
503
503
503
503
502
502
501
503
501
501
456
455
456
459
461
462
463
464
466
467
469
469
470
470
471
471
472
473
473
474
475
475
475
476
476
475
475
477
477
478
479
479
479
479
479
479
479
479
478
478
475
479
480
480
480
480
480
478
478
480
480
480
480
479
478
478
478
476
478
478
479
479
476
475
536
536
530
527
527
528
528
524
524
522
518
517
517
517
517
516
515
515
512
512
512
512
514
514
511
510
508
508
508
508
508
508
508
508
507
506
506
509
509
509
507
505
506
506
507
508
508
508
507
505
499
505
507
508
508
508
508
507
507
507
507
507
508
508
444
444
447
449
452
452
452
454
459
459
459
459
460
460
463
465
466
466
466
466
467
467
468
469
471
471
471
470
470
472
473
474
474
474
476
476
475
474
474
474
474
476
476
476
475
476
471
476
474
474
474
476
476
476
475
476
475
475
474
475
477
477
477
476
541
541
537
537
536
530
528
528
526
526
526
526
526
522
520
519
519
518
517
517
517
515
515
513
513
513
513
512
510
511
511
511
511
508
508
508
509
508
508
508
508
509
509
508
508
508
508
508
507
513
508
514
508
507
507
507
507
507
507
508
507
507
507
507
440
440
445
448
451
452
452
453
456
456
452
452
459
461
461
461
464
464
465
466
466
465
465
468
469
469
469
470
471
472
472
472
472
473
473
473
473
473
475
475
474
474
475
475
474
473
474
475
475
475
475
475
476
476
475
475
476
476
476
475
475
476
476
474
540
540
539
536
532
531
531
530
528
527
525
524
524
523
521
523
520
524
518
518
516
515
515
501
512
512
512
512
497
511
510
510
510
510
510
508
508
508
508
508
502
508
508
508
507
507
509
509
507
507
507
507
507
507
508
510
508
507
507
507
508
508
508
507
442
442
444
448
451
452
453
454
458
462
460
460
460
460
463
463
464
464
464
466
466
466
466
467
467
471
471
470
470
471
471
471
471
473
474
474
473
473
473
474
473
474
475
475
475
475
473
473
475
475
476
476
476
475
475
474
475
476
477
477
475
475
475
476
528
528
503
503
515
515
511
511
508
508
508
508
508
508
508
508
506
506
507
508
508
507
507
507
508
508
508
508
509
509
509
510
510
511
510
510
510
508
510
510
510
512
511
511
511
511
509
509
510
510
510
510
511
511
512
512
512
512
511
512
512
512
512
512
445
445
448
456
456
462
465
468
470
472
474
474
474
474
477
477
477
478
477
478
476
477
477
477
477
477
478
478
477
477
477
476
476
477
477
476
476
478
478
476
475
475
475
476
476
476
476
476
475
475
475
475
475
475
475
475
475
475
473
472
472
473
474
474
538
538
529
529
525
524
518
516
513
510
510
510
508
508
507
506
506
506
506
506
506
506
506
506
506
506
506
506
506
505
506
506
507
507
507
507
507
507
507
508
509
513
512
512
512
509
507
506
506
508
509
509
509
507
507
509
509
510
509
510
510
510
511
511
443
443
449
454
459
462
465
468
470
471
472
474
475
476
477
477
478
476
478
478
478
478
478
478
478
477
477
477
478
479
478
478
478
478
477
477
477
477
478
477
477
476
476
476
477
479
477
477
477
477
474
475
475
475
475
475
475
474
474
473
474
474
474
474
537
537
533
531
524
522
522
518
516
512
510
510
507
506
506
507
507
506
506
506
506
506
506
506
506
506
506
506
506
506
506
506
506
507
508
508
508
507
508
508
508
508
509
508
508
508
508
509
508
508
508
509
509
509
509
509
509
509
510
510
511
511
509
509
443
437
443
453
457
460
464
467
469
469
473
474
477
477
477
478
478
478
477
477
478
478
478
476
478
478
479
479
479
478
478
478
478
479
479
479
479
478
477
477
478
481
481
477
477
477
477
477
477
477
476
477
476
476
476
476
476
475
475
475
475
476
475
475
538
538
529
526
526
522
520
514
508
508
509
509
508
508
507
507
508
508
507
507
507
507
506
505
505
505
506
507
507
506
506
506
506
507
507
506
506
506
506
507
507
507
509
507
507
507
507
507
507
508
508
508
508
507
508
508
508
508
507
508
509
509
507
507
442
442
453
458
458
461
465
467
469
470
473
473
475
475
477
477
477
478
478
478
478
478
478
477
477
474
479
477
479
477
479
479
479
479
479
479
478
477
477
477
477
477
477
476
476
476
476
477
477
477
476
477
476
477
476
476
476
475
475
477
477
475
475
475
542
542
537
534
529
527
522
521
517
517
516
514
512
511
511
510
510
510
510
510
510
510
510
510
510
510
510
509
509
508
510
510
510
510
510
510
510
510
511
511
512
512
511
511
511
511
511
511
511
511
511
511
511
511
511
511
512
512
512
512
512
511
511
511
435
435
441
443
446
454
458
459
464
467
470
471
471
473
473
474
475
475
475
475
476
477
477
476
476
476
476
477
478
480
480
474
465
465
475
476
476
476
477
476
475
475
475
476
476
476
475
475
475
475
474
474
474
475
475
470
470
474
474
474
475
475
474
474
