367
367
373
374
376
378
379
381
382
383
383
387
387
387
387
388
388
389
391
391
391
391
393
393
394
394
395
395
395
396
396
396
397
397
397
398
398
399
399
400
400
400
400
401
401
401
402
402
402
403
403
403
403
404
404
404
405
405
405
403
406
406
406
406
657
657
650
645
641
637
634
632
629
627
625
623
621
619
617
614
614
612
611
609
608
607
605
604
603
601
601
601
598
598
596
596
596
594
594
592
592
591
591
591
590
589
588
588
588
587
587
586
586
585
584
584
582
583
583
583
582
582
581
581
581
581
580
580
321
321
327
332
336
340
343
345
348
351
353
356
358
360
364
364
366
369
371
371
372
375
377
377
378
379
379
381
382
382
384
384
387
388
389
389
389
389
390
391
393
393
393
393
395
396
396
396
397
398
398
399
399
400
400
402
399
402
402
402
403
403
402
400
656
656
650
650
641
637
635
632
630
627
625
623
621
619
617
616
614
612
610
609
607
606
605
603
603
603
600
599
598
598
597
594
594
594
593
592
592
590
587
587
588
588
587
586
586
583
583
584
584
583
583
583
582
582
582
581
580
579
579
579
579
579
579
578
319
319
323
330
334
337
339
341
346
349
350
355
357
359
361
361
363
365
367
369
370
372
373
376
376
376
377
380
381
382
383
384
384
384
386
387
388
389
390
394
394
394
393
395
392
395
395
396
396
396
398
398
398
400
400
400
400
400
401
402
402
402
403
404
656
656
649
644
640
637
634
631
629
629
626
623
623
622
619
615
614
611
610
609
608
607
603
602
603
602
600
600
597
597
596
595
593
592
592
591
591
589
588
587
588
587
592
587
587
585
584
584
583
580
580
581
581
580
577
577
577
578
578
578
577
577
577
576
318
318
325
330
333
333
336
342
344
348
350
354
356
356
358
360
362
364
368
369
369
369
368
368
375
376
377
378
379
381
382
383
384
385
385
387
388
388
390
390
390
390
392
393
394
394
394
396
396
396
395
400
398
400
400
400
400
401
401
401
401
403
403
403
656
656
650
644
640
636
634
633
629
627
625
623
621
619
617
615
613
612
608
607
607
605
604
603
601
600
600
599
597
597
595
595
594
593
592
591
590
589
589
588
588
587
586
584
584
584
584
583
582
581
581
581
590
580
579
578
578
578
577
577
576
575
575
575
317
317
324
329
333
341
342
342
345
347
349
350
353
356
359
359
361
363
366
367
370
369
370
372
373
380
380
380
380
380
380
383
384
385
386
386
386
388
389
391
393
392
393
392
393
394
395
395
396
395
398
398
398
399
400
400
402
402
401
401
401
402
402
404
656
656
648
641
640
637
634
632
629
625
624
624
620
619
615
613
612
611
607
607
607
607
604
604
602
600
599
597
596
597
596
594
593
593
591
590
590
589
588
587
586
586
585
584
584
583
582
581
581
581
580
580
580
579
584
579
577
576
576
575
575
575
575
574
317
317
324
327
332
337
337
337
344
346
347
351
354
357
360
360
361
363
365
367
369
369
372
374
374
375
377
378
379
379
381
383
385
385
385
385
386
388
388
389
391
391
393
393
394
395
395
395
396
398
398
398
398
399
399
400
399
400
400
401
402
402
403
404
618
618
602
594
587
583
577
574
571
570
569
566
565
565
564
563
562
562
561
560
560
559
558
559
558
558
557
557
557
557
556
556
556
556
555
555
555
554
554
554
554
552
553
551
552
552
552
552
552
552
552
552
551
551
551
551
551
551
550
550
550
550
550
550
336
336
345
353
362
365
370
375
378
382
386
389
391
394
397
397
399
401
401
404
406
406
407
409
410
411
413
413
413
414
415
415
416
416
416
417
417
417
418
418
419
419
419
419
420
420
420
420
421
421
421
421
421
422
422
422
422
422
422
423
423
423
423
423
634
634
629
621
615
609
606
606
595
591
588
584
581
578
576
574
571
570
570
565
565
563
562
562
561
561
560
559
558
557
557
556
556
556
555
554
554
553
553
553
553
552
552
551
551
551
551
551
551
551
550
550
550
550
550
550
550
549
549
549
549
548
548
548
343
343
345
353
359
367
370
375
377
382
385
389
392
394
397
399
400
402
404
404
406
408
410
411
411
411
412
413
414
415
415
415
415
416
418
418
418
419
419
420
420
420
420
420
421
421
421
421
422
424
424
423
422
423
423
423
423
424
424
424
424
424
430
424
639
639
627
623
615
610
604
600
595
591
588
584
581
576
573
573
570
567
567
565
565
564
562
561
560
560
558
557
556
556
554
554
554
553
553
553
552
551
551
551
550
550
550
550
549
549
549
548
548
548
548
548
547
547
547
547
547
547
547
547
547
547
546
546
336
336
345
353
360
365
369
373
379
382
386
389
392
392
397
400
405
413
413
408
408
409
410
411
413
414
414
414
415
415
415
416
417
418
419
419
419
418
420
420
421
422
422
425
422
422
422
422
423
423
423
423
424
424
424
424
424
425
425
425
425
425
425
426
639
639
630
622
616
609
605
600
598
591
584
583
580
576
574
569
568
567
567
564
562
561
560
560
558
558
557
556
554
554
554
553
552
552
551
551
551
550
550
550
550
549
548
548
548
548
548
547
547
547
547
546
546
546
546
546
546
545
545
545
545
545
545
545
344
344
352
358
360
366
370
375
379
383
387
390
392
396
396
400
401
403
405
407
408
410
410
412
412
413
414
414
415
416
417
417
417
419
419
419
419
420
421
422
422
422
422
423
423
423
423
423
423
423
424
424
424
424
424
425
425
425
425
425
425
425
426
426
640
640
630
626
616
610
605
599
595
590
586
582
579
576
573
572
568
567
565
563
562
560
559
558
557
556
555
555
554
553
553
553
553
551
550
550
549
549
549
548
548
548
547
547
547
547
547
547
549
549
546
546
546
545
543
545
545
545
545
545
545
544
544
544
341
341
346
354
360
365
375
379
379
387
390
393
393
395
397
400
402
406
406
406
408
410
410
411
413
414
414
414
416
416
417
417
418
418
420
420
420
420
421
421
421
422
422
422
422
423
423
423
423
424
424
425
425
425
425
425
425
425
425
426
426
426
426
426
591
591
583
571
562
557
554
551
550
547
547
546
543
543
543
543
543
543
543
542
542
541
541
541
540
540
540
540
540
540
539
539
539
539
539
539
538
538
538
538
538
538
538
537
537
537
537
537
537
537
537
536
536
536
536
536
536
536
536
536
536
536
536
536
356
356
369
382
387
393
399
405
405
405
408
411
412
415
417
417
417
419
420
420
420
420
421
422
423
423
423
424
424
424
425
426
426
426
426
426
427
427
427
427
431
431
428
428
428
428
428
429
429
429
430
430
430
430
430
430
430
431
431
431
431
431
431
431
620
620
606
593
583
575
570
566
562
559
557
555
554
552
551
550
549
548
548
547
546
546
545
545
544
543
543
542
542
542
542
541
541
540
540
540
540
540
540
540
539
539
539
539
538
537
538
538
538
538
538
538
537
537
537
537
537
537
537
537
537
537
537
537
360
360
367
375
387
393
398
405
407
407
409
410
413
414
415
416
417
418
419
419
420
420
421
422
423
423
424
424
425
425
425
426
426
426
427
427
428
428
428
428
428
429
429
429
430
430
430
430
430
431
431
431
431
431
430
429
429
432
432
432
432
432
432
432
622
622
606
594
579
576
571
567
563
558
558
558
554
553
551
550
549
548
548
547
546
545
545
545
544
543
543
543
542
542
542
541
541
541
540
540
540
540
540
539
539
538
538
538
538
538
538
538
538
537
537
537
537
537
537
537
537
537
537
537
537
537
537
536
353
353
367
385
392
392
398
402
405
407
410
411
414
415
415
416
418
418
419
420
422
423
423
423
423
423
424
424
424
425
426
426
426
427
427
427
428
428
428
429
429
430
430
430
430
430
430
431
431
431
431
431
432
432
432
433
433
433
433
433
433
433
433
433
623
623
607
595
584
577
571
567
562
560
556
556
557
557
552
551
549
548
547
547
546
545
544
544
544
543
543
542
542
542
541
541
541
541
540
540
539
539
539
536
538
538
538
538
538
538
538
538
537
537
537
537
537
537
537
537
537
537
537
537
536
536
537
537
354
354
365
376
384
391
395
402
405
407
409
411
413
414
415
417
418
418
419
420
421
421
421
422
422
422
423
424
424
424
425
425
426
428
428
427
427
428
428
429
429
432
432
432
430
432
432
432
431
431
432
432
432
432
433
433
433
433
434
434
434
434
434
434
623
623
607
594
584
576
571
566
562
560
557
556
554
552
551
551
550
548
548
547
546
545
540
540
543
543
543
542
542
541
541
541
540
540
540
539
539
539
539
539
537
538
538
538
538
537
537
537
538
537
537
537
537
537
537
537
536
536
536
536
536
535
535
536
351
351
366
375
384
391
397
401
408
410
410
411
412
414
415
417
418
418
419
420
420
421
421
422
422
423
423
423
424
423
426
426
427
427
428
428
428
428
429
429
430
430
430
430
430
430
431
431
432
432
432
432
432
432
433
433
433
434
434
434
434
435
435
433
566
566
555
551
547
544
542
541
540
538
535
537
537
537
537
536
536
536
536
536
536
536
536
536
536
536
536
533
536
536
536
536
535
535
535
536
537
537
537
536
536
536
537
537
537
537
537
537
537
537
537
537
537
537
537
537
537
537
537
537
537
537
536
536
371
371
390
390
395
401
401
403
406
409
410
412
413
413
415
417
418
419
419
422
422
422
423
423
424
426
427
428
428
430
431
436
436
435
434
433
433
433
435
435
435
435
435
435
435
436
436
436
436
436
436
437
437
437
438
438
438
438
438
438
438
438
439
439
589
589
577
564
560
555
555
548
544
543
543
543
543
541
539
539
537
537
537
537
537
537
536
535
535
535
534
535
534
534
534
534
534
534
533
533
533
533
533
533
533
533
533
532
532
532
533
533
533
533
533
533
533
533
533
532
532
533
533
533
533
533
533
533
375
375
394
397
401
404
404
406
409
410
410
413
416
417
419
420
421
422
423
424
425
426
428
428
430
432
433
433
434
435
437
437
438
438
438
439
439
439
439
439
441
441
442
442
441
441
442
442
442
441
441
441
442
442
442
444
444
442
442
442
442
442
442
443
583
583
573
563
556
551
548
545
543
543
541
540
539
538
537
537
536
536
535
535
534
532
532
532
532
532
532
532
532
531
531
530
530
530
530
530
529
529
529
530
529
529
529
529
529
529
529
529
529
528
528
528
529
529
529
529
529
529
528
528
527
528
528
528
381
381
393
399
405
408
410
410
415
417
419
421
421
423
424
425
426
428
429
430
431
432
434
434
435
436
437
437
437
437
438
439
440
440
440
440
441
441
441
441
441
442
446
446
442
442
442
442
442
442
442
442
442
442
442
442
447
447
443
443
443
443
443
443
588
588
574
566
558
553
550
545
544
542
541
539
537
537
536
535
535
534
533
533
532
532
530
530
530
530
530
529
528
528
528
528
528
528
527
527
527
527
528
528
526
526
527
527
527
527
527
527
527
527
527
527
528
528
528
528
528
528
527
527
527
527
527
527
381
381
392
400
404
407
410
413
415
418
419
421
421
423
425
426
428
428
430
430
431
433
433
433
435
436
437
437
438
439
439
440
440
440
440
441
441
442
442
442
442
442
443
443
443
443
443
443
443
443
443
443
443
443
443
443
443
443
443
443
444
443
444
443
589
589
574
566
560
555
550
547
544
542
540
539
538
538
536
535
535
535
533
533
533
535
535
530
530
530
530
529
529
529
529
528
529
528
528
528
528
527
527
528
528
527
527
527
527
527
527
527
527
527
527
527
527
527
527
527
527
527
527
527
527
527
527
527
380
380
398
400
404
407
410
414
415
417
419
420
422
423
424
426
426
427
429
430
432
433
433
434
435
435
436
437
437
438
439
439
439
439
440
440
441
441
442
442
442
442
443
443
443
443
443
443
443
443
443
443
443
444
443
443
443
443
444
444
444
444
443
444
