480
481
481
481
480
480
480
480
480
480
480
480
480
480
477
480
480
480
480
480
480
480
480
480
480
479
479
480
485
480
480
480
480
480
480
480
480
480
480
480
480
480
480
480
480
480
480
480
480
480
480
480
480
480
480
480
480
480
480
480
480
480
480
480
561
561
560
560
559
557
557
556
556
556
555
555
555
554
554
553
522
553
553
553
553
552
552
551
551
552
552
552
552
551
551
551
551
551
551
550
550
550
550
550
550
550
549
549
549
549
549
549
549
549
548
548
548
548
548
544
544
547
547
547
547
547
547
547
387
387
396
398
401
403
403
405
407
409
411
412
413
414
415
415
419
421
420
422
422
422
424
424
425
426
426
426
427
428
428
429
430
430
430
430
432
432
433
433
434
434
434
435
435
436
436
436
436
436
437
437
438
438
438
439
439
439
424
439
440
440
440
440
590
590
585
582
577
577
577
577
571
570
569
568
567
566
565
564
564
564
562
562
561
559
559
560
560
558
558
557
557
557
556
556
555
555
555
554
554
554
553
553
553
553
553
553
553
551
551
551
550
550
550
550
550
551
551
550
549
549
549
549
549
549
549
549
389
389
394
397
400
403
403
405
406
408
410
410
413
414
414
415
417
418
418
420
420
420
429
423
423
423
423
425
425
426
427
427
427
428
428
429
429
430
430
431
431
431
432
431
432
433
433
433
434
433
434
434
434
435
436
436
436
436
436
436
437
436
437
437
595
595
592
588
586
584
580
577
577
576
575
574
573
572
572
571
570
568
568
566
566
566
565
564
564
563
563
563
563
562
561
561
560
560
559
559
558
558
552
552
556
556
556
556
555
560
555
555
554
553
553
553
553
552
552
552
551
551
551
550
550
550
550
550
389
389
393
397
401
403
403
405
407
408
410
411
413
413
415
415
417
418
419
420
421
422
422
424
424
424
425
427
427
427
428
428
428
429
429
430
431
431
431
432
433
433
434
434
435
436
436
436
436
437
437
437
438
438
438
439
439
439
439
440
440
440
441
441
584
585
585
584
579
578
577
574
572
572
572
570
570
570
568
567
567
566
565
565
563
561
562
562
562
562
560
560
560
559
558
558
558
558
557
557
557
555
555
556
556
556
555
554
554
554
554
554
554
553
553
553
552
552
552
552
551
551
551
551
551
551
550
550
388
388
392
398
400
400
400
399
399
406
408
408
409
411
411
414
415
415
416
418
419
419
419
420
420
420
422
422
423
424
424
424
425
426
426
427
426
428
428
428
429
429
430
430
430
431
431
431
432
432
433
433
433
433
434
434
434
434
436
436
444
435
436
436
599
600
599
590
587
585
583
582
580
578
575
575
575
574
573
572
572
571
570
569
568
567
567
566
566
564
564
564
563
563
563
562
561
560
560
560
560
559
558
558
558
557
557
556
556
556
556
555
555
554
553
553
553
552
552
552
551
550
551
550
550
550
550
550
389
389
394
397
399
402
404
407
408
409
409
409
413
415
416
416
417
418
419
420
421
421
423
423
425
425
425
425
427
428
428
429
429
429
429
431
431
432
431
432
433
434
434
434
434
435
435
435
435
436
436
436
438
438
438
439
439
439
439
439
439
439
440
440
567
567
567
559
556
553
552
549
549
548
547
545
545
547
547
542
542
546
546
541
540
541
538
538
537
536
535
535
534
534
534
534
534
534
534
534
534
534
534
534
533
533
533
532
533
533
533
533
532
532
531
531
531
531
530
529
529
529
529
529
528
528
528
528
399
396
399
403
407
411
412
415
415
415
412
418
421
422
423
425
426
428
429
429
430
432
434
435
436
437
438
438
439
440
440
440
441
442
442
442
442
443
443
444
444
444
445
445
445
446
446
446
447
447
447
448
448
448
449
450
450
450
450
450
451
451
451
451
593
593
583
581
578
576
575
575
573
570
569
565
564
564
563
562
561
561
558
557
557
556
558
555
552
551
550
549
549
548
547
547
547
547
547
547
544
543
543
543
549
542
540
540
540
539
538
537
537
537
536
535
535
535
535
535
534
534
533
533
533
533
534
533
396
396
398
403
407
407
409
409
411
413
414
417
418
418
420
421
423
424
425
427
427
429
429
430
433
436
434
435
435
435
434
434
437
438
439
439
439
440
440
440
441
441
442
442
443
443
444
444
445
445
445
446
446
447
447
448
448
449
449
450
450
450
450
450
592
592
586
583
583
581
578
577
574
574
575
575
572
567
565
564
563
561
560
559
558
557
556
555
555
552
552
552
552
551
550
549
549
548
547
546
546
545
545
544
543
543
542
542
541
540
539
538
538
538
537
537
536
536
536
536
535
534
534
534
534
533
533
532
395
395
395
397
402
404
408
408
410
411
413
415
416
419
421
421
422
423
425
425
425
427
428
429
430
430
431
432
432
433
434
434
435
435
436
437
441
438
439
439
439
439
440
441
441
441
442
443
443
444
444
445
446
446
447
447
448
448
448
449
449
449
450
450
591
591
587
585
582
580
579
577
574
572
574
572
569
568
566
564
564
564
561
560
559
558
557
557
558
558
554
553
553
550
550
550
550
549
548
548
547
546
545
544
544
543
543
542
542
540
540
539
539
537
537
537
536
536
536
535
535
534
534
534
533
533
533
533
394
394
397
397
399
403
406
409
409
411
412
414
415
417
419
419
419
422
423
424
425
425
426
427
428
428
430
430
431
432
433
433
433
433
435
435
436
437
437
437
438
439
439
441
441
441
441
443
443
443
443
444
444
445
445
447
447
447
447
449
449
449
449
450
592
592
591
588
584
581
581
579
576
575
574
572
570
568
566
566
565
563
561
561
561
559
559
558
557
556
555
555
557
557
552
550
550
550
550
548
547
546
546
545
544
544
543
542
542
541
540
540
539
538
538
537
536
536
536
536
535
535
534
535
534
533
533
532
415
396
398
398
401
403
406
406
408
410
413
414
415
417
417
418
419
420
421
422
423
424
425
426
426
426
426
429
430
430
431
432
432
433
434
435
435
435
437
437
437
438
438
439
440
440
440
441
442
442
442
443
444
444
445
445
445
447
447
447
448
445
449
450
579
579
572
563
559
555
552
552
548
545
542
540
538
535
535
536
536
529
528
527
527
526
525
525
525
524
524
523
523
523
522
522
522
522
520
520
521
521
521
521
520
520
520
520
520
520
520
520
520
520
519
519
519
519
519
519
519
519
519
519
519
519
519
519
401
401
407
411
415
418
422
425
428
430
433
435
435
436
440
441
443
445
445
447
449
449
449
454
455
455
455
455
455
456
457
458
459
459
460
460
460
460
463
463
461
461
461
461
461
461
461
461
462
461
462
461
462
462
462
462
462
462
462
462
462
462
462
462
560
576
572
572
569
566
562
561
557
555
553
553
551
550
548
543
541
540
538
537
536
534
533
530
530
530
529
528
527
526
526
525
525
524
523
523
523
522
522
521
521
521
521
521
521
520
520
520
520
525
520
520
520
519
520
519
520
520
520
520
520
519
519
519
402
402
406
411
416
421
422
425
430
434
434
434
436
437
439
439
441
444
445
445
447
447
448
449
450
453
453
453
453
454
454
455
457
457
457
458
459
459
459
460
460
460
460
461
461
461
461
461
461
461
461
461
461
462
466
466
462
462
462
462
462
462
462
462
583
583
578
562
551
551
561
561
558
556
554
551
549
547
545
544
542
540
537
537
536
534
532
531
530
530
529
528
527
526
526
525
523
523
523
523
522
522
522
522
522
522
521
521
521
521
520
520
520
520
520
520
520
518
518
520
520
520
520
520
520
520
520
520
401
401
411
411
415
418
421
424
429
432
432
433
433
435
440
441
440
441
443
445
445
446
447
448
449
450
452
452
454
454
454
455
455
456
457
457
458
459
459
459
459
460
460
460
460
461
461
461
461
461
461
461
461
461
461
461
461
462
462
462
462
462
462
462
584
584
579
576
574
564
561
561
559
556
555
552
550
550
547
553
543
543
539
537
536
534
533
531
530
529
528
527
527
527
525
525
525
523
523
523
523
523
522
522
522
522
521
521
521
521
521
520
520
520
520
521
521
521
520
520
520
520
520
520
520
519
520
520
393
393
404
408
412
415
419
419
422
430
432
432
432
433
433
435
437
440
442
443
443
443
443
444
446
448
450
450
450
450
450
451
453
454
456
456
455
455
455
456
457
461
461
459
459
458
461
459
460
460
460
460
459
459
459
459
459
460
460
460
459
459
459
457
588
588
584
581
578
574
571
567
563
562
558
557
556
552
551
548
545
543
543
542
539
539
539
535
532
530
530
530
530
529
528
527
526
526
526
530
530
525
525
523
523
523
523
523
523
523
522
522
522
522
522
522
522
522
521
521
521
521
521
521
521
521
520
519
400
400
400
403
412
416
419
422
424
427
427
429
431
433
437
438
438
439
439
442
443
443
445
446
447
448
448
448
449
451
452
453
454
454
454
455
455
458
458
458
457
460
457
458
458
459
459
459
459
459
459
460
460
461
460
460
460
460
460
460
460
460
460
461
562
562
553
545
538
533
529
525
525
526
526
521
520
520
519
519
519
519
519
519
519
519
519
519
520
520
520
519
520
520
520
520
520
520
520
520
521
521
520
520
521
521
521
521
521
521
522
522
522
522
521
521
522
522
522
522
522
522
522
523
523
523
523
523
410
410
419
427
436
441
445
450
454
457
458
461
463
463
463
464
465
466
465
466
466
466
466
467
467
467
467
467
467
466
467
466
467
467
467
466
466
466
466
466
466
466
466
466
466
466
465
465
465
465
465
465
465
465
465
465
464
464
464
464
464
464
464
463
569
569
562
555
549
547
537
532
528
527
523
522
520
520
519
519
519
517
516
517
516
517
516
517
516
518
516
516
516
516
516
516
517
517
517
517
517
517
518
517
518
518
518
518
518
518
518
518
519
518
519
518
519
518
519
518
519
518
518
518
519
519
519
519
415
415
427
430
436
443
447
452
452
454
459
462
464
464
464
465
465
465
465
465
466
465
465
465
466
466
466
466
466
466
466
466
466
466
465
465
465
465
465
465
465
465
465
465
465
465
465
464
464
464
464
464
464
464
464
463
463
463
463
463
463
463
463
463
572
572
563
556
551
544
538
529
528
526
524
522
521
519
518
518
518
518
516
516
514
514
515
515
515
514
514
514
514
515
514
514
514
514
514
514
514
514
514
514
514
514
514
514
514
514
514
514
515
515
515
515
515
515
515
514
514
515
515
515
515
515
515
515
418
418
424
433
438
443
446
452
452
457
458
462
462
462
465
464
465
465
465
465
465
466
469
469
466
465
465
465
465
465
465
465
465
465
465
465
465
465
465
465
465
465
464
464
464
464
464
464
464
464
463
463
463
463
455
455
463
463
463
463
463
463
463
463
551
565
562
562
546
541
539
534
530
526
524
522
520
519
518
517
516
516
515
515
514
514
513
513
513
513
513
512
512
512
512
512
512
512
512
500
500
512
512
512
512
512
512
512
512
513
513
513
513
513
513
513
513
513
513
513
513
514
514
514
514
514
514
514
419
419
426
432
438
442
447
450
453
457
458
461
462
462
462
463
465
466
465
465
465
465
466
466
469
466
469
465
465
465
465
464
465
465
465
465
465
465
464
464
464
464
464
463
464
463
463
463
463
463
463
463
463
463
463
463
462
462
462
462
462
462
462
462
574
574
566
558
553
538
538
535
530
527
524
522
522
522
519
517
516
515
514
514
513
513
513
512
512
512
512
512
511
511
511
511
511
511
511
511
511
511
511
511
511
511
511
511
512
512
512
512
512
512
512
511
511
511
512
512
511
511
511
512
512
512
512
511
420
420
428
434
438
442
446
449
454
456
457
459
462
462
463
463
464
464
464
464
465
465
465
464
465
465
465
465
465
465
465
465
465
465
465
465
463
463
463
464
464
464
463
463
463
463
463
463
463
463
463
463
465
465
463
462
462
462
462
462
462
462
462
463
