347
347
352
355
358
364
364
365
365
366
367
370
370
370
371
372
373
375
375
375
376
377
378
378
378
378
380
381
381
381
382
382
382
383
384
384
385
385
386
386
387
386
387
388
388
388
388
389
389
389
390
390
390
390
392
392
392
393
393
393
393
393
393
394
688
688
679
673
667
663
659
655
649
649
645
643
643
643
638
636
634
632
631
628
626
623
622
622
621
619
618
616
615
615
613
612
612
611
609
609
609
607
607
606
606
605
602
602
603
603
603
603
601
601
600
600
599
598
598
598
598
596
596
595
593
593
594
594
292
292
300
305
311
315
315
323
329
329
329
331
337
339
342
344
345
347
348
347
352
354
357
358
359
360
360
363
364
365
366
368
368
369
370
370
372
373
373
373
376
377
380
380
378
378
380
381
381
382
383
383
384
384
385
385
386
387
387
388
388
389
390
390
685
685
677
670
666
661
660
655
655
649
647
644
642
640
637
635
631
629
629
627
624
624
623
621
620
618
618
616
615
615
612
612
611
609
609
609
607
606
605
605
604
604
603
602
600
600
600
600
600
599
599
598
597
597
596
595
595
595
595
594
593
593
595
595
297
297
299
304
309
313
318
323
323
326
329
332
334
336
339
341
343
343
343
349
350
351
352
357
358
358
360
361
363
363
364
364
366
367
368
371
377
373
373
373
374
376
377
377
379
379
379
380
381
381
382
383
383
384
385
386
386
386
387
387
389
389
389
390
683
683
675
669
664
660
657
656
651
648
646
641
641
639
637
634
633
629
628
628
625
624
623
618
617
617
617
617
615
615
612
612
610
610
609
607
607
607
606
604
604
604
601
601
601
599
599
599
598
598
594
594
596
596
596
595
595
594
594
593
593
592
592
592
296
296
299
308
311
311
315
319
322
325
328
333
334
336
338
340
343
343
346
349
350
351
353
353
356
357
360
361
361
362
362
366
367
367
367
369
370
370
370
372
373
375
375
375
376
378
378
378
380
381
382
383
383
385
385
385
385
385
386
387
388
389
389
390
684
684
675
670
665
660
659
656
652
649
646
643
641
639
635
635
633
631
630
627
625
625
623
621
619
617
616
616
614
613
612
611
610
609
608
608
607
606
605
604
602
601
601
601
600
600
599
598
598
596
596
596
596
594
594
594
594
593
592
592
592
591
590
588
291
291
298
304
306
311
316
319
322
326
328
330
332
335
337
340
341
342
342
345
349
351
351
352
355
358
358
359
362
363
363
363
364
366
367
370
370
371
372
373
374
375
376
376
376
376
379
380
380
381
381
383
384
384
385
385
385
383
388
388
388
389
390
390
684
684
671
669
669
664
667
656
651
648
646
643
641
639
634
634
630
630
630
628
626
623
622
620
619
618
617
614
613
612
612
612
610
608
607
607
605
605
606
606
603
602
602
602
599
599
599
598
597
596
595
595
594
594
594
593
593
592
594
592
591
590
590
586
294
294
298
303
308
312
315
315
321
324
327
330
333
335
337
340
342
343
345
347
347
349
347
352
354
355
358
359
362
363
362
363
365
366
367
368
369
371
371
372
373
374
376
376
376
378
379
380
381
381
382
383
384
385
385
385
386
386
387
388
388
389
389
391
634
634
618
610
603
601
593
589
586
584
583
580
579
578
577
576
575
573
571
572
572
572
571
571
570
570
569
569
568
568
568
567
567
567
565
565
565
565
564
564
563
563
563
563
563
563
562
562
561
561
561
561
560
560
560
560
560
560
559
559
559
559
558
558
310
310
320
328
334
341
347
354
362
362
366
369
373
377
380
385
385
387
389
391
396
396
397
397
398
399
400
400
401
402
402
402
403
404
404
404
405
405
406
406
407
408
410
410
409
409
409
410
410
410
410
410
411
411
410
410
411
412
412
412
412
413
413
413
661
661
649
642
634
627
621
616
612
607
600
597
597
594
592
588
586
584
582
582
578
577
576
575
575
574
574
573
571
571
570
570
569
568
568
567
567
566
566
565
564
564
564
564
563
563
562
562
561
561
560
560
560
560
558
559
558
559
559
559
558
558
558
556
308
308
319
327
332
340
346
352
356
360
364
368
372
376
379
379
385
387
391
392
392
395
396
397
398
399
400
401
402
403
403
404
405
405
406
406
406
407
408
408
409
409
409
409
410
410
411
411
411
413
413
412
412
412
413
413
416
414
416
414
414
414
414
415
662
662
651
642
636
631
628
614
610
608
604
600
597
593
590
588
586
584
582
581
579
578
577
574
574
574
574
572
571
570
569
568
568
568
568
566
566
566
565
565
564
564
563
563
562
562
562
561
561
561
561
560
560
560
560
559
559
557
557
557
557
557
557
557
307
307
319
325
340
340
348
351
355
362
364
368
372
375
379
383
388
389
391
393
393
395
395
396
397
399
400
401
402
402
403
404
404
405
406
406
407
407
407
408
408
408
409
410
410
410
411
412
412
412
413
413
413
412
412
414
414
414
415
415
415
415
415
415
662
662
650
641
634
627
622
616
611
607
599
596
596
592
589
588
585
581
581
581
578
577
576
575
575
573
572
572
571
570
569
569
567
567
567
567
563
567
564
564
563
563
563
563
562
562
561
561
561
560
560
560
559
559
557
557
558
558
558
557
557
557
557
557
308
308
318
326
335
339
344
350
355
360
367
369
372
375
379
386
387
387
392
392
392
394
398
398
398
398
400
401
402
402
402
403
404
405
406
406
407
407
408
408
408
410
410
410
410
411
411
411
412
412
412
412
413
413
413
414
414
414
414
414
414
415
415
415
663
663
651
642
635
622
621
621
613
604
599
599
596
593
590
587
585
583
582
580
578
577
575
573
571
571
572
572
570
569
569
568
566
566
566
565
564
564
564
563
562
562
562
561
561
560
560
560
560
559
559
558
558
558
558
557
557
557
556
556
556
555
554
554
309
309
320
330
335
340
346
352
355
361
366
369
371
377
382
385
388
390
392
394
394
398
399
399
400
401
403
403
404
405
406
406
409
409
408
408
408
409
408
410
411
411
411
412
412
412
412
412
412
413
413
413
413
413
413
414
414
414
414
414
414
415
415
415
618
618
601
588
581
576
572
572
569
564
562
560
559
559
558
556
555
554
554
553
552
551
551
551
550
550
550
550
550
550
549
549
548
548
548
548
548
547
546
546
546
545
545
545
545
545
542
544
542
541
541
542
542
542
541
541
540
539
539
539
539
537
536
536
335
335
348
359
369
378
385
389
393
395
399
401
403
405
407
408
408
410
412
413
413
414
414
415
415
416
416
418
418
418
417
417
417
418
418
419
419
420
420
422
423
423
422
422
423
423
423
423
423
423
424
425
425
426
426
426
426
426
426
427
427
427
427
427
635
635
620
608
599
591
584
576
575
572
569
567
564
562
562
557
557
556
555
554
551
550
550
549
548
548
547
546
546
544
544
544
543
543
542
542
542
541
540
540
540
539
539
539
539
538
538
538
537
537
536
537
536
536
536
536
536
535
535
535
535
535
534
534
337
337
352
356
372
381
387
392
397
400
403
406
408
410
411
413
414
415
416
417
418
418
418
420
421
422
422
422
422
423
424
424
425
425
425
426
427
429
428
428
428
428
429
428
429
429
429
430
430
430
429
430
431
431
431
431
431
431
431
431
431
432
432
432
636
636
619
607
607
588
583
577
571
569
566
563
562
560
558
556
555
554
551
551
549
531
548
547
547
546
545
544
543
543
542
541
541
541
540
540
539
539
538
538
538
538
537
537
537
536
536
536
536
535
535
535
535
535
535
535
532
534
534
534
534
533
533
533
335
335
351
364
372
382
388
393
397
400
402
407
408
409
411
412
414
415
415
417
417
418
419
421
421
421
421
422
423
423
424
424
424
425
426
426
426
426
427
427
427
427
428
428
428
429
429
429
429
429
429
430
430
430
430
430
430
431
431
431
431
431
431
431
638
638
621
608
596
587
581
576
573
570
567
565
564
562
561
559
558
557
555
555
555
552
551
550
549
548
547
546
546
545
545
544
543
542
542
542
540
540
540
537
537
538
538
538
537
537
536
536
536
536
535
535
535
535
535
535
535
535
534
534
534
534
534
534
334
334
349
361
372
382
394
394
397
403
403
403
407
408
411
412
413
415
415
416
418
418
418
419
420
420
421
422
423
424
424
423
423
425
425
426
426
427
427
427
427
428
428
428
428
428
429
429
429
429
430
430
430
430
430
431
431
431
431
431
431
431
431
431
633
633
629
610
599
590
583
574
574
570
569
570
566
563
561
559
558
557
555
554
553
552
551
550
549
548
547
547
546
545
544
543
543
542
542
541
541
540
540
539
539
538
538
538
538
539
539
536
536
536
536
536
535
535
535
535
535
535
535
534
534
534
534
534
334
334
348
361
371
381
389
392
396
399
409
409
407
407
409
410
412
413
414
415
416
417
417
417
417
420
420
420
422
422
423
423
423
424
424
424
425
426
426
426
427
429
427
428
427
427
427
428
428
428
429
429
429
428
429
430
430
430
430
430
430
430
430
430
578
578
568
555
552
552
548
545
542
540
539
537
536
535
535
535
534
533
533
533
532
532
532
532
532
532
532
532
532
532
532
532
532
532
533
533
533
537
537
533
533
533
533
533
533
533
533
533
533
533
533
533
534
534
534
534
534
534
534
534
534
535
534
534
365
365
378
386
391
399
402
405
406
407
410
414
414
416
419
420
420
421
422
423
424
425
426
427
427
427
427
428
428
428
429
429
429
429
430
430
430
430
430
430
431
431
431
431
431
431
431
431
431
431
431
432
432
431
431
431
431
431
431
431
431
431
436
436
604
604
590
579
574
570
566
563
560
557
555
552
551
548
546
545
544
542
540
540
538
537
536
537
536
534
534
535
536
535
533
532
532
532
532
532
532
532
532
531
531
530
531
530
531
531
531
531
531
531
531
531
531
531
531
531
531
526
526
529
531
531
531
531
366
366
378
386
395
398
399
402
406
407
410
414
415
416
418
420
422
422
422
425
426
427
427
428
429
429
430
431
431
431
432
432
432
432
432
432
432
432
432
432
432
432
432
432
432
433
433
433
433
433
433
433
433
433
433
433
433
433
433
433
433
433
433
433
602
602
589
575
573
568
568
565
559
556
553
551
549
548
546
545
543
542
541
540
539
538
537
536
536
535
535
534
534
534
533
533
533
533
533
532
532
533
533
532
532
532
532
532
532
530
532
532
532
532
532
532
532
532
532
532
532
532
532
532
532
532
531
532
363
363
377
385
389
394
395
400
402
404
407
409
411
414
415
417
419
422
422
423
424
425
426
427
431
431
429
429
429
433
433
431
431
431
431
431
431
429
429
433
433
432
431
431
431
432
432
432
432
433
433
433
433
433
433
433
433
433
433
433
432
433
433
433
603
603
591
582
577
576
570
567
565
565
560
560
555
551
549
549
548
546
545
544
543
542
541
540
539
539
538
539
538
537
534
531
534
534
534
534
534
533
533
533
533
533
533
533
533
533
533
533
533
533
533
533
533
533
532
533
532
533
533
533
534
533
533
533
359
359
372
379
384
389
393
396
400
403
406
407
412
416
417
417
419
421
421
422
424
425
426
426
427
430
430
430
431
431
431
431
432
432
432
432
432
432
432
433
432
433
433
433
433
434
434
434
434
434
434
434
434
434
434
434
434
434
435
435
435
435
434
435
576
586
577
577
572
566
562
559
555
552
550
547
545
544
543
539
538
536
535
534
533
533
531
530
530
529
529
528
528
528
527
527
527
527
527
527
526
526
526
526
526
529
527
527
527
527
526
527
527
527
527
527
527
527
527
527
527
527
528
528
528
528
528
528
362
362
376
388
392
396
400
403
407
410
412
413
417
421
422
422
424
425
428
428
428
429
430
430
431
431
437
432
432
432
432
432
433
433
433
433
433
433
434
433
433
433
433
433
434
434
433
433
433
433
433
433
433
433
434
434
434
433
433
433
433
434
434
433
