359
358
359
360
367
367
369
370
372
373
375
377
377
377
377
379
381
381
381
382
383
383
383
384
385
385
386
387
387
388
389
389
390
392
390
392
391
392
392
393
393
393
394
394
394
394
394
395
395
395
397
397
398
398
398
398
398
399
399
399
399
400
400
400
679
679
670
670
664
654
650
649
644
638
637
637
632
632
629
626
626
624
623
619
616
615
613
612
612
609
608
606
605
604
602
601
600
600
599
597
597
593
593
593
593
593
592
592
591
590
590
590
588
588
587
587
586
586
586
585
584
583
583
580
580
583
583
581
305
305
306
315
316
321
328
329
332
334
338
343
343
343
350
352
354
355
356
359
359
361
363
363
365
367
368
368
370
372
375
375
378
375
379
378
379
379
380
382
383
383
384
384
385
385
386
387
388
388
388
389
390
391
391
391
392
393
394
394
394
395
395
395
677
677
668
662
658
653
649
647
644
639
638
637
632
629
627
623
621
623
620
617
616
614
610
610
609
608
606
605
604
603
601
600
599
598
597
597
595
595
593
593
592
591
590
589
589
588
588
588
586
586
585
583
583
583
583
583
582
581
581
580
580
580
579
578
296
296
307
313
318
319
323
328
330
333
335
338
343
344
347
347
352
347
354
355
359
360
360
361
364
363
364
367
368
370
371
372
374
375
375
377
377
377
379
379
380
381
381
382
383
384
384
384
387
388
389
389
389
390
391
391
391
392
393
393
394
394
395
395
676
676
669
668
657
653
649
646
642
639
637
635
629
629
627
623
622
619
619
617
616
614
612
610
609
607
606
604
603
601
601
601
600
599
597
596
596
593
593
592
590
590
590
589
588
587
587
586
585
584
584
583
583
582
581
581
580
580
580
580
579
578
578
577
295
295
304
310
314
317
322
327
331
332
335
337
339
344
344
346
348
351
353
354
356
358
360
361
363
364
366
368
369
369
374
374
373
373
373
376
376
377
378
379
380
381
381
382
384
384
384
385
385
386
387
388
389
389
390
391
392
392
392
394
394
394
394
395
676
676
670
662
657
653
649
644
642
639
636
634
632
630
627
626
623
623
621
617
616
613
613
609
609
607
606
605
603
602
601
599
597
597
597
595
594
594
594
592
587
587
588
588
588
588
587
583
583
583
584
583
583
582
582
580
578
578
578
578
578
577
576
576
294
294
303
310
314
318
321
325
327
331
336
337
339
343
343
343
348
350
352
354
356
358
361
359
361
364
366
367
367
368
369
371
375
376
376
375
375
377
378
378
379
380
381
383
384
384
384
384
385
387
387
388
388
389
390
391
391
392
395
395
394
394
394
395
674
674
668
668
664
651
650
647
643
639
637
632
632
629
628
625
623
621
619
617
615
614
612
610
609
607
606
605
603
602
601
600
598
595
595
595
594
594
591
591
591
591
589
589
588
587
587
585
583
583
583
582
581
580
580
580
579
579
578
577
577
577
576
576
294
294
303
309
318
321
321
323
328
331
331
336
338
341
341
345
346
348
352
353
355
356
359
359
361
363
365
366
366
367
368
372
372
373
373
375
376
377
378
379
380
380
381
382
383
384
384
384
386
387
387
388
389
390
390
391
391
392
393
393
394
394
395
395
625
625
607
599
591
585
580
576
576
572
567
565
564
564
562
560
560
559
558
557
557
557
557
556
555
554
554
554
553
553
552
552
551
548
551
551
553
551
551
550
550
550
550
550
551
551
549
549
549
549
549
548
548
548
548
548
548
548
548
548
548
548
548
547
310
310
313
330
337
343
349
354
359
363
366
371
374
378
381
383
387
389
391
391
394
395
398
400
401
403
404
404
404
404
406
406
407
407
408
409
409
410
410
410
411
411
411
412
412
412
412
413
413
413
413
414
414
414
414
415
415
415
415
415
415
415
415
415
658
658
648
641
630
625
620
614
609
607
604
597
593
589
586
585
580
578
575
574
572
570
567
567
567
566
564
563
563
561
561
561
559
559
559
558
558
557
557
556
556
555
554
555
554
553
553
554
554
553
552
552
552
552
552
552
552
551
551
551
551
551
551
551
310
310
319
328
342
342
347
355
357
365
365
365
371
376
381
383
385
386
390
392
393
394
397
398
400
401
402
403
404
404
405
406
406
407
408
408
408
409
410
410
410
410
411
411
412
412
412
412
412
412
412
413
412
412
412
414
414
414
414
415
415
415
415
415
661
661
652
642
635
626
623
617
613
607
604
600
597
592
589
586
584
581
578
576
574
570
570
570
568
567
566
565
564
563
562
562
561
560
560
559
559
558
557
557
557
557
556
556
556
555
555
554
554
554
554
554
553
553
553
553
552
552
552
552
552
552
552
552
308
308
319
327
332
340
350
351
356
360
364
367
372
375
378
381
386
387
389
391
392
394
395
397
400
400
402
403
404
403
404
404
405
406
406
407
407
408
408
409
409
409
409
410
410
410
411
412
412
412
412
412
412
412
413
413
414
414
414
414
414
414
414
414
662
662
652
644
636
630
623
619
612
610
606
601
597
594
591
588
584
582
580
578
575
574
573
571
570
567
566
566
564
564
564
562
562
562
561
560
559
559
559
558
558
558
557
557
556
556
555
555
555
555
554
554
554
554
553
553
553
553
553
552
552
552
552
552
308
308
319
326
333
344
345
351
354
359
363
367
371
374
378
384
385
385
388
390
391
393
394
396
397
397
398
400
401
402
403
403
404
405
405
406
406
407
407
408
408
409
409
409
410
412
410
411
411
411
413
413
412
412
411
411
412
413
413
413
413
414
414
414
663
663
653
645
638
631
625
617
616
611
603
598
598
595
588
586
585
584
580
579
577
574
574
572
570
569
569
567
566
566
564
564
563
562
562
562
561
560
559
559
558
558
558
557
556
556
556
556
556
556
556
556
555
554
554
554
553
554
553
553
553
553
552
553
311
311
317
317
325
338
344
349
354
358
362
366
370
374
377
379
382
385
386
391
391
392
394
397
398
397
398
400
401
402
402
403
404
404
405
405
405
406
407
407
408
408
409
409
408
408
410
410
410
411
411
411
411
411
412
412
412
411
412
413
413
413
413
414
621
621
603
589
586
579
568
564
562
560
558
556
555
555
554
553
553
552
551
550
550
550
550
550
550
550
549
549
548
548
548
548
548
548
548
548
547
547
547
547
547
546
546
546
546
546
546
546
546
545
545
545
545
545
545
547
544
544
544
544
544
544
543
543
326
326
341
353
363
369
375
381
385
388
390
393
395
397
399
401
402
404
404
406
407
408
408
409
412
412
411
411
411
411
412
412
412
413
413
413
414
414
414
414
414
414
414
414
414
415
415
415
415
415
415
415
415
415
415
416
416
416
415
415
416
416
416
416
644
644
629
615
605
597
591
586
582
579
576
574
571
570
568
566
566
564
562
562
560
560
560
558
558
557
556
555
555
555
554
553
553
552
552
551
551
551
550
550
549
549
549
548
548
548
547
547
547
547
546
546
546
546
546
545
545
545
545
545
545
544
544
544
325
325
337
351
361
368
379
383
383
385
398
398
397
397
398
398
399
401
402
403
404
405
405
406
407
408
408
409
409
410
410
410
410
410
412
412
412
412
413
413
413
414
414
414
414
415
415
415
415
415
415
416
417
417
417
416
416
416
417
417
417
417
418
418
646
646
632
620
607
602
595
591
587
583
580
578
575
573
571
569
567
567
565
564
563
561
561
560
559
558
558
557
556
556
556
555
554
553
553
552
551
551
551
550
550
549
549
549
548
548
548
547
546
545
545
546
546
546
546
542
544
544
545
545
545
545
544
544
326
326
340
351
360
365
368
378
381
384
387
392
392
392
391
395
399
401
401
402
402
404
405
405
406
408
408
408
408
409
410
411
411
414
411
412
412
412
412
412
413
413
414
414
414
414
415
415
415
416
416
416
402
402
417
417
418
418
418
418
418
418
419
419
647
647
633
621
610
603
597
591
588
582
582
580
577
576
573
571
570
567
567
564
564
563
562
561
560
560
559
558
557
557
556
555
555
554
553
553
552
552
551
551
550
550
552
552
549
549
548
548
547
547
547
547
547
546
546
546
546
545
545
545
545
545
545
545
325
325
339
351
365
368
374
378
381
381
387
389
391
393
395
396
399
401
401
401
402
403
404
404
406
406
407
407
409
409
409
409
410
410
411
411
412
412
412
413
414
415
416
416
415
415
415
415
416
416
417
417
417
416
416
417
417
417
418
418
418
418
419
419
648
648
634
621
610
603
597
593
589
586
583
579
578
576
572
572
571
568
567
566
565
564
563
561
561
561
559
557
557
556
555
555
554
554
554
553
553
552
551
550
550
550
550
549
549
548
548
548
546
546
547
547
547
546
546
546
546
546
545
545
545
545
545
545
325
325
338
351
368
379
378
380
381
384
385
388
393
396
396
398
398
398
399
400
401
403
403
403
405
405
406
407
408
409
409
410
410
411
411
411
412
412
412
413
414
414
414
416
416
416
416
415
416
417
419
419
417
417
417
417
418
418
418
418
418
419
419
419
593
593
581
571
565
562
558
555
554
551
549
548
547
546
545
545
544
544
544
543
543
543
543
543
543
542
542
542
542
542
542
540
541
541
541
541
541
541
541
541
541
541
541
541
541
541
541
541
542
541
541
541
541
541
541
541
541
541
541
541
541
541
541
542
361
361
369
378
388
388
392
396
401
401
403
405
407
408
410
412
412
412
413
414
414
415
416
417
418
417
418
419
420
421
421
422
422
422
422
423
423
424
424
424
425
425
425
426
426
426
426
429
431
429
429
427
427
427
427
427
427
427
427
427
427
427
427
427
610
610
598
590
585
582
576
572
570
567
565
563
562
560
559
558
557
556
554
553
552
551
551
550
549
548
548
547
547
546
546
546
546
545
544
544
544
544
543
543
543
543
543
542
542
542
542
542
542
542
542
542
541
541
541
541
541
541
541
541
541
541
541
541
363
363
371
382
383
388
392
395
397
400
402
404
409
411
411
411
411
412
414
414
414
416
416
417
417
418
420
420
420
420
421
421
421
422
422
423
423
424
424
424
425
425
426
426
427
427
427
427
427
427
428
428
428
428
428
428
428
428
428
428
428
428
429
428
613
613
600
593
588
582
578
574
571
568
566
563
561
560
558
556
555
554
553
551
550
549
548
548
547
547
546
545
545
545
544
543
542
540
540
542
542
541
541
541
541
541
541
540
540
540
540
540
540
540
540
540
540
540
540
540
540
540
540
540
540
540
540
540
358
358
374
378
383
387
391
394
396
400
402
404
405
405
407
409
410
412
412
413
414
414
415
416
416
418
419
419
419
419
419
421
421
422
422
423
423
423
424
424
424
425
426
426
426
426
427
427
427
430
444
430
428
428
428
428
428
428
428
428
428
428
428
428
612
612
608
593
587
582
578
574
571
568
566
563
562
560
560
557
557
555
553
552
550
550
549
548
548
547
546
546
546
545
545
545
544
543
543
543
542
542
542
542
542
542
542
541
541
540
540
540
540
540
540
541
541
541
541
541
541
541
541
540
540
541
541
541
377
370
376
376
382
386
390
393
395
399
402
402
403
406
407
407
408
410
412
412
414
415
416
416
417
417
418
418
419
419
419
421
422
425
423
427
423
424
424
425
427
426
426
426
426
428
427
427
427
427
427
427
427
427
427
428
428
428
431
428
428
428
428
428
614
614
602
594
588
584
579
575
572
569
566
564
561
558
557
557
554
553
552
550
549
549
548
547
547
545
545
545
545
545
544
543
543
543
542
542
542
541
541
541
541
541
541
541
540
540
540
540
540
542
540
540
540
539
538
538
540
540
540
540
540
540
540
540
359
359
370
377
385
386
388
392
395
398
400
402
404
405
408
408
409
410
411
411
412
414
415
416
416
416
417
417
418
419
419
420
420
420
421
421
422
423
424
424
424
424
425
425
425
425
425
426
426
426
426
426
426
427
427
427
427
427
427
427
427
427
427
427
