370
368
370
375
379
382
383
384
385
386
388
388
389
390
391
391
392
393
394
394
395
395
396
396
397
397
398
398
398
398
399
399
401
401
401
401
401
401
402
402
403
403
403
403
404
404
404
405
405
405
405
406
405
406
406
407
407
407
407
408
408
408
408
410
652
652
644
638
635
627
624
624
621
618
617
614
611
610
608
607
605
605
603
599
598
597
595
595
593
592
590
589
589
588
588
587
586
584
585
584
583
583
582
581
581
579
579
579
578
578
577
577
577
576
576
575
575
575
577
577
574
573
572
572
572
572
571
572
325
325
331
337
341
345
348
350
353
355
357
359
363
365
365
369
371
371
374
375
376
378
379
381
381
383
383
385
386
387
388
389
391
391
391
393
393
393
394
395
395
395
395
396
398
398
398
399
400
400
400
401
401
402
402
403
403
404
404
404
405
405
405
406
651
651
643
633
630
630
626
624
621
619
616
614
612
610
608
607
605
603
601
599
599
594
594
594
593
592
591
590
588
588
587
585
584
585
584
583
581
581
581
583
583
578
577
577
576
576
576
576
576
575
574
574
574
570
570
571
573
571
571
571
570
569
569
569
323
323
330
334
339
345
346
348
351
355
357
358
362
363
366
366
367
370
371
373
374
376
376
379
380
380
382
382
383
386
387
387
388
389
389
390
391
393
393
393
394
395
396
396
397
398
398
398
399
399
400
401
401
401
401
401
403
403
403
404
404
405
405
405
650
650
643
637
634
631
626
624
620
619
616
616
612
610
606
605
603
603
602
598
597
597
596
594
594
593
591
590
590
589
587
586
581
581
581
581
580
580
580
580
579
579
577
575
577
576
576
575
575
574
574
574
572
572
572
571
571
571
570
570
569
569
569
568
322
322
329
334
340
340
343
347
353
354
355
358
359
361
364
365
367
369
370
372
373
375
376
377
379
380
380
382
382
384
385
386
388
392
392
391
391
391
392
393
394
395
395
395
401
398
398
398
400
400
400
400
401
402
402
403
403
403
403
404
404
405
405
405
650
650
641
635
634
632
627
627
624
619
617
614
612
610
609
607
605
604
602
600
597
597
596
596
594
594
592
589
589
588
587
586
586
584
584
583
582
581
580
580
579
578
575
576
575
575
575
575
574
574
573
573
572
571
571
571
570
569
569
569
569
568
568
568
323
323
328
334
338
342
344
347
350
353
354
357
364
364
364
365
367
368
368
370
372
374
376
377
377
383
382
383
382
383
384
386
387
388
388
389
391
391
392
393
393
396
396
396
397
397
397
397
397
399
400
403
403
403
402
402
402
403
404
404
404
404
405
405
650
650
646
643
633
630
626
623
622
619
614
614
614
611
608
607
605
603
601
600
596
596
596
595
593
593
592
590
588
587
586
586
585
584
583
583
582
582
578
578
578
578
577
577
576
576
575
575
573
573
573
572
572
571
571
571
571
570
569
569
569
568
568
568
321
321
330
330
341
342
341
344
349
355
355
357
359
361
363
365
366
367
371
374
374
374
376
376
379
381
381
382
383
384
385
386
394
394
389
389
390
391
392
394
394
394
395
395
398
398
398
398
398
400
400
400
401
402
403
403
403
404
404
404
404
405
405
406
607
607
607
585
579
574
570
567
563
562
562
561
559
558
557
556
556
555
554
554
553
553
553
553
552
552
551
551
551
551
551
550
550
550
550
550
549
549
549
549
549
549
549
548
545
545
547
547
547
547
547
547
547
547
547
547
547
547
546
546
546
546
546
546
339
339
348
355
361
367
372
376
379
383
383
386
392
395
397
399
401
402
404
405
408
408
408
411
412
412
413
414
414
415
416
416
416
416
418
418
418
419
419
420
420
421
421
421
422
422
422
422
422
422
422
423
423
423
423
424
428
424
424
424
424
424
424
425
634
634
625
617
612
605
600
596
592
588
585
582
579
575
573
573
572
568
567
564
563
562
560
560
559
559
559
557
557
556
555
555
554
553
553
553
553
552
551
551
551
551
550
550
550
550
548
548
549
549
549
549
549
548
548
548
548
547
547
547
547
547
547
547
338
338
347
353
360
366
370
376
378
381
385
388
391
394
396
398
400
403
404
404
407
408
409
409
412
413
415
415
416
416
416
416
419
419
419
420
423
421
422
422
422
422
423
423
423
423
423
423
424
424
424
425
425
425
425
425
425
426
426
426
426
427
427
427
636
636
626
619
613
607
602
598
593
590
587
584
580
577
575
573
569
569
566
564
564
563
562
559
557
557
558
558
557
556
555
555
555
554
553
552
553
552
552
551
551
551
550
550
550
549
549
547
547
549
549
548
547
548
548
548
548
547
548
547
547
547
547
546
336
336
347
347
353
365
370
377
380
384
385
387
390
393
396
398
400
403
403
404
407
408
410
410
411
413
414
414
416
416
417
418
420
420
419
419
420
420
420
422
423
423
423
424
424
424
425
425
425
425
425
426
426
426
426
426
427
427
427
427
427
427
428
428
636
636
626
619
613
608
603
598
594
590
587
584
581
578
575
573
570
570
569
566
564
563
562
561
560
559
559
557
556
556
555
555
554
554
553
553
552
552
552
551
550
550
550
550
549
549
549
549
548
548
548
548
548
547
547
547
547
547
547
547
546
546
546
546
348
346
348
351
358
369
375
375
377
384
384
384
392
393
395
397
399
402
404
405
407
409
411
411
412
413
413
414
416
416
417
418
419
419
420
421
421
421
421
422
423
423
423
423
424
425
425
425
425
425
425
425
426
426
426
427
427
427
427
427
427
427
428
428
637
637
628
620
614
608
603
599
594
590
590
583
581
577
573
572
570
568
567
565
564
562
561
561
559
558
558
557
557
557
557
555
554
554
554
553
552
552
551
551
551
551
550
550
550
550
549
549
549
548
548
548
548
548
548
547
547
547
547
546
546
546
546
546
335
335
345
352
357
363
367
372
376
379
380
387
389
392
392
397
399
401
403
405
407
408
409
411
412
413
414
415
416
416
416
417
419
419
420
420
421
421
422
422
422
423
423
424
424
424
424
425
425
425
425
426
426
426
426
427
427
427
427
427
427
428
428
428
599
599
583
573
566
561
558
554
553
552
550
549
548
548
547
546
546
545
545
545
544
544
544
543
543
543
543
543
543
543
542
542
542
542
542
542
541
541
541
541
541
539
539
539
539
539
539
538
538
538
537
537
537
537
537
537
537
537
536
536
536
536
536
535
360
360
370
380
387
393
398
403
406
411
412
417
418
418
421
422
423
423
425
427
428
430
430
429
429
430
430
430
429
429
429
431
432
432
433
434
433
434
434
434
434
434
433
433
435
436
436
436
436
436
436
437
437
437
437
437
437
439
441
442
442
443
444
444
605
605
593
584
575
568
562
557
552
550
548
547
544
543
541
540
540
539
538
537
537
536
536
536
535
534
534
534
534
533
533
533
533
532
532
532
532
531
531
531
530
530
530
530
531
529
530
529
529
529
529
529
529
529
529
529
529
529
529
529
529
529
529
529
360
360
377
382
389
396
402
406
413
414
417
420
421
423
424
426
427
428
429
429
431
432
432
432
433
434
434
434
434
435
436
436
436
437
437
438
438
438
438
438
438
438
439
439
439
439
439
439
440
440
440
440
440
441
441
441
441
441
441
441
441
441
441
441
622
622
601
591
581
573
567
559
556
556
553
549
548
548
545
544
543
542
542
541
540
540
539
538
537
537
537
536
535
535
535
534
534
533
533
533
533
532
532
532
532
532
531
531
531
531
531
531
530
531
530
531
530
530
530
530
530
530
530
530
530
530
529
529
357
357
367
379
387
395
401
406
410
414
416
419
420
422
424
425
426
427
428
429
430
431
431
432
433
433
434
434
435
435
435
436
436
436
437
441
437
437
437
437
438
438
438
438
438
438
438
438
439
438
439
439
439
439
439
439
439
439
439
439
439
439
439
439
615
615
603
592
585
575
569
564
561
558
556
554
554
550
549
548
546
544
544
544
542
541
541
541
540
539
539
538
538
537
537
536
536
536
536
535
535
535
534
534
534
534
534
533
533
533
533
533
532
532
532
532
532
532
532
532
531
531
532
532
532
532
531
531
354
354
366
375
384
390
396
401
404
409
411
414
416
417
419
420
422
423
425
426
427
427
428
429
429
429
430
431
432
432
432
430
433
433
433
433
433
435
435
435
436
436
436
436
436
436
436
437
437
437
437
437
437
437
437
438
438
438
438
438
438
438
438
438
618
618
602
593
583
575
569
564
561
561
559
555
552
550
550
549
547
546
546
545
544
543
542
542
541
540
540
539
539
538
538
537
537
536
535
535
534
535
534
534
534
534
534
534
533
533
533
533
532
532
532
532
532
532
532
532
532
532
532
532
531
531
531
531
352
352
365
374
383
390
395
404
405
411
411
413
415
416
418
420
421
422
423
425
425
426
428
429
429
430
430
431
431
432
432
433
433
434
434
434
435
435
435
435
435
435
435
436
436
436
437
437
437
437
437
437
437
437
438
438
438
438
438
438
438
438
438
438
541
556
549
549
545
542
538
537
537
536
534
533
532
532
532
532
531
531
531
531
530
529
529
531
531
531
530
531
531
531
531
531
531
531
530
530
530
530
530
530
530
530
530
530
530
530
530
530
530
530
530
530
530
530
529
529
530
530
530
530
530
530
529
530
378
378
393
398
407
408
412
413
418
420
422
425
426
427
428
429
430
431
432
432
433
434
434
435
435
435
436
436
437
437
437
437
437
437
437
438
438
438
438
438
439
439
439
439
439
440
440
439
439
439
439
441
441
441
440
440
439
439
440
440
439
439
439
439
589
589
574
568
563
558
555
553
551
550
548
545
544
543
542
540
540
539
538
537
537
536
535
535
534
534
534
534
533
533
533
533
532
532
532
532
532
532
532
531
531
531
531
531
531
531
531
531
531
531
531
531
531
530
530
531
531
531
531
531
531
531
531
531
377
377
388
394
401
403
406
409
414
414
416
419
420
422
424
426
426
428
429
429
430
432
432
433
435
435
435
435
436
436
438
438
437
437
437
438
438
438
438
438
438
438
439
439
439
439
439
439
439
439
440
440
439
439
440
440
441
441
440
440
440
439
439
439
591
591
579
573
567
563
560
557
554
551
550
547
547
545
544
542
541
540
539
538
537
537
536
536
535
535
535
534
532
533
533
533
532
532
532
532
531
531
531
531
531
531
532
532
531
531
531
531
531
531
531
531
531
531
531
530
530
531
531
531
531
531
531
531
375
375
394
399
399
404
406
408
412
414
414
419
420
423
424
425
427
428
429
430
431
435
433
433
433
434
434
435
435
436
436
436
437
437
437
437
438
438
438
439
439
439
439
439
440
440
440
442
442
440
440
440
440
440
440
440
440
440
441
440
440
440
440
440
593
593
579
571
565
561
555
554
553
551
548
546
544
542
542
540
538
537
537
537
535
535
533
533
533
532
532
531
531
531
531
531
531
530
530
530
530
530
530
530
530
530
529
529
529
529
529
529
529
529
529
529
529
529
529
529
529
529
529
527
529
527
529
530
376
376
389
395
400
405
406
411
413
416
418
420
422
424
426
426
430
432
431
432
433
433
434
434
435
435
436
437
437
437
438
438
438
439
439
439
439
439
439
439
440
440
440
440
439
439
439
440
440
440
440
440
441
441
441
441
440
440
441
441
441
441
441
441
595
595
576
567
562
558
555
551
548
546
544
539
539
538
537
536
534
534
533
532
531
531
530
530
529
529
529
529
528
528
528
528
528
528
527
527
524
527
527
527
527
528
528
528
527
527
527
527
527
527
527
528
528
528
528
528
528
528
528
528
528
528
528
527
375
375
378
395
399
403
408
411
414
417
419
422
424
425
427
429
429
431
433
433
433
434
435
435
436
437
437
437
437
437
438
439
439
439
439
439
439
439
440
440
440
440
440
440
440
440
441
440
441
441
441
440
440
440
441
441
441
440
440
440
440
441
440
440
