377
377
382
383
385
387
390
390
390
391
394
395
396
396
396
398
398
399
399
399
401
402
402
402
403
403
403
404
405
405
405
406
406
407
407
408
408
408
410
410
412
410
410
410
410
412
412
412
412
412
412
412
413
413
414
414
414
414
415
415
415
415
415
416
649
649
639
636
631
627
622
619
619
617
616
613
611
609
607
606
604
602
601
599
598
596
596
594
594
593
589
588
587
587
587
585
584
582
582
581
581
579
579
579
578
577
577
576
576
576
575
575
574
574
573
573
572
572
571
571
570
567
569
568
568
568
568
567
329
329
337
337
341
350
353
355
358
364
365
364
365
369
371
374
376
377
381
382
383
385
385
387
388
393
393
391
390
391
393
394
395
397
397
397
398
399
399
400
401
401
403
403
404
405
406
406
406
406
406
407
409
409
409
409
410
410
410
411
411
412
412
412
648
648
640
635
631
627
625
624
619
617
615
613
611
609
607
607
606
602
601
600
598
598
598
594
592
589
589
590
590
589
587
585
583
583
582
581
580
580
579
578
577
577
576
576
575
574
573
573
573
572
572
571
571
570
570
570
569
569
568
568
568
568
566
568
329
329
336
340
343
347
351
353
356
359
361
363
367
367
371
372
373
374
378
379
379
381
383
384
385
386
387
389
389
389
390
392
393
393
394
396
398
398
398
399
401
401
401
401
402
402
404
404
405
406
407
407
408
408
410
409
410
410
411
411
411
411
412
412
648
648
638
634
631
626
625
624
619
617
615
614
613
611
606
606
604
601
601
599
598
596
594
594
594
592
590
589
588
587
586
585
584
583
582
581
581
580
578
578
575
575
574
575
574
574
574
573
572
571
571
571
571
571
569
569
568
568
568
567
567
566
566
566
329
329
335
340
343
347
347
355
356
358
360
364
364
364
367
370
371
374
377
381
380
381
383
384
384
384
385
387
387
389
391
391
393
394
395
395
396
397
397
398
399
400
400
402
402
403
403
404
406
406
406
406
407
407
408
408
409
410
410
411
411
412
412
413
647
647
640
635
630
627
625
622
619
619
613
612
611
610
608
606
605
603
601
600
599
599
597
594
593
591
590
589
588
588
586
584
584
584
582
582
581
580
579
579
578
577
577
576
575
574
573
572
572
572
571
571
570
570
570
568
568
568
567
566
567
566
566
565
327
327
334
337
343
346
349
351
351
355
359
361
363
366
367
369
369
371
375
375
378
379
379
381
383
385
386
387
388
390
390
391
393
393
393
394
395
397
397
398
399
400
401
401
401
402
402
403
405
406
406
406
406
408
408
408
409
409
410
410
411
411
411
412
648
648
640
635
628
625
625
624
620
617
614
613
612
611
608
606
603
603
601
600
598
595
594
592
592
591
591
589
589
587
586
586
584
583
583
582
581
580
579
578
578
577
582
576
574
574
573
564
572
571
571
570
570
569
568
568
567
567
567
566
567
566
563
563
327
327
334
339
343
346
347
354
355
357
360
361
364
367
368
368
371
373
373
376
378
382
382
387
387
387
387
387
388
389
390
391
393
394
398
396
398
398
398
398
398
399
401
402
402
403
404
404
405
406
406
406
406
407
408
409
410
410
410
411
411
411
412
412
606
606
594
593
578
572
568
565
562
560
559
558
557
557
557
555
554
553
553
553
553
552
552
551
551
551
551
551
550
550
550
550
549
549
549
549
549
548
548
548
548
548
548
548
548
547
547
547
547
547
547
547
546
546
546
546
546
544
546
545
545
545
545
545
349
349
355
362
369
372
379
384
385
389
394
397
399
402
406
409
409
409
412
414
415
417
417
418
419
420
422
422
422
422
423
424
424
424
426
427
427
427
426
426
428
428
429
429
429
429
430
430
430
431
431
431
431
432
432
432
432
432
432
433
433
435
435
434
628
628
620
613
607
602
594
592
594
591
583
579
576
574
568
566
566
564
561
560
560
559
557
556
556
554
554
554
553
553
553
552
552
551
551
550
550
550
550
549
549
549
548
548
548
547
547
547
546
546
546
547
547
547
546
546
546
546
546
546
545
545
545
545
344
344
351
360
367
371
376
381
385
389
392
398
399
399
403
405
407
409
411
413
414
415
420
420
426
420
421
421
421
421
422
420
424
424
425
425
426
427
427
428
428
428
429
429
429
430
430
430
431
431
431
431
432
432
432
432
432
432
432
433
433
433
433
433
631
631
623
616
611
606
601
597
592
588
585
581
577
575
572
569
567
564
563
562
560
559
558
557
556
555
555
554
554
553
552
552
551
551
550
550
550
549
549
549
547
548
547
548
547
547
547
547
547
547
547
547
547
548
547
545
545
546
546
546
546
545
545
545
342
342
351
359
366
371
376
380
385
388
390
394
398
398
401
403
407
409
410
414
415
415
415
418
419
419
419
421
423
423
423
423
424
425
425
426
426
427
427
427
426
428
429
429
429
430
430
430
431
431
431
431
432
432
432
432
431
431
433
433
433
433
433
433
632
632
624
617
611
611
602
598
594
589
586
581
576
575
572
568
568
567
563
561
560
559
558
554
554
556
556
554
553
552
552
552
551
550
550
550
549
549
549
548
548
548
548
547
547
547
546
546
546
546
546
546
544
546
545
545
545
545
545
545
545
544
544
544
342
342
352
359
364
370
376
379
383
388
391
393
396
402
404
404
407
408
410
411
413
413
415
417
418
418
419
420
420
421
423
423
424
424
425
426
426
426
427
428
428
428
429
429
429
429
429
429
430
430
431
431
432
432
432
432
433
436
433
433
433
433
433
434
633
633
624
618
614
607
603
598
594
589
586
582
578
575
571
567
567
564
562
560
559
558
557
556
555
554
552
551
544
551
551
551
550
550
550
549
548
548
548
547
547
547
547
547
546
546
546
546
546
546
545
545
545
544
544
544
545
544
544
544
544
544
544
543
342
342
351
359
370
372
375
380
384
387
391
396
397
399
403
405
406
411
412
412
414
416
416
417
418
418
420
421
421
421
422
423
424
425
425
426
430
427
427
427
427
428
428
428
431
430
430
430
431
431
431
431
432
432
432
432
432
433
433
433
434
434
434
434
597
597
582
568
561
556
550
548
548
548
546
545
545
543
543
543
541
541
542
542
542
541
541
541
541
541
541
541
540
540
540
540
540
540
539
539
539
539
539
539
539
539
539
539
538
538
538
538
538
538
538
538
538
537
536
537
537
537
537
537
537
537
537
537
359
359
372
382
390
396
400
405
408
409
413
414
415
418
419
420
421
423
423
424
424
426
427
428
429
429
429
430
430
431
431
431
433
433
433
433
434
434
434
435
435
435
436
436
436
436
436
437
437
437
437
438
438
438
438
438
438
439
439
439
439
440
440
443
609
609
603
593
589
572
567
563
559
556
554
552
551
550
547
546
545
544
544
544
544
543
542
542
541
541
541
540
540
540
539
539
538
538
537
537
538
538
538
538
537
537
537
536
536
536
536
536
536
536
536
536
536
536
535
535
535
535
535
535
535
535
535
535
359
359
372
384
390
396
402
405
411
411
413
414
417
418
419
420
422
423
424
425
427
428
427
428
429
430
431
431
431
432
432
432
433
434
434
435
435
435
435
435
436
436
437
437
437
438
438
438
438
439
439
439
440
440
439
439
440
440
440
440
440
441
441
441
618
618
606
601
583
574
568
563
560
558
557
553
551
550
549
547
547
547
546
545
544
544
543
543
542
542
541
541
541
540
540
539
539
539
539
539
537
537
538
538
538
538
538
537
537
537
537
537
536
536
536
536
536
536
536
536
536
536
535
534
534
536
536
536
366
366
370
380
388
395
401
405
408
411
413
414
416
417
418
420
422
422
422
423
424
426
426
427
428
428
429
430
430
431
432
432
432
433
433
434
434
434
435
436
436
437
437
437
438
438
438
438
439
440
440
440
440
440
440
440
440
441
441
441
441
441
441
441
619
619
606
595
593
575
568
564
560
555
555
554
550
550
550
549
547
547
546
546
546
543
543
543
543
542
543
542
543
540
540
540
540
539
539
538
538
538
538
538
538
537
537
537
536
536
537
537
536
536
536
535
535
535
535
536
536
535
535
535
535
534
534
535
358
358
370
379
388
395
396
404
408
410
415
416
416
418
418
419
421
422
424
425
427
428
429
429
429
429
430
431
432
434
434
434
435
435
436
436
437
437
437
437
438
438
439
439
439
439
440
441
441
441
441
441
442
442
442
442
442
442
443
443
443
443
442
442
616
616
603
592
583
574
567
562
558
553
551
550
549
547
546
545
542
542
542
541
541
540
539
538
538
538
537
537
536
536
536
536
535
535
535
535
534
534
534
534
534
533
532
532
532
533
532
532
532
532
532
532
532
532
532
531
531
531
531
531
531
531
531
531
360
360
372
384
389
397
406
409
410
411
414
417
419
420
422
423
424
425
425
426
426
429
427
429
431
431
431
433
433
434
434
434
435
435
436
438
438
438
438
438
439
440
440
440
440
441
441
441
441
441
441
442
442
442
442
442
442
443
443
443
444
443
444
444
560
560
548
540
536
536
536
535
533
533
532
532
532
531
531
531
531
531
531
531
531
531
531
531
531
531
531
531
531
531
531
531
531
531
530
530
530
530
530
530
530
531
530
531
530
530
530
530
530
530
530
530
530
530
530
530
530
530
530
530
529
527
527
528
384
384
395
408
410
410
414
415
419
421
422
423
425
426
427
429
430
430
431
433
434
435
436
438
439
438
439
440
440
442
441
442
441
442
442
442
442
442
442
442
445
444
444
444
444
444
444
448
448
445
445
445
445
445
445
445
445
445
445
445
445
445
445
445
583
583
572
565
556
554
547
545
543
542
542
540
537
537
537
536
534
534
534
534
532
531
531
532
532
532
531
531
528
528
530
531
531
530
530
530
530
530
530
529
529
529
529
529
529
529
529
529
529
529
529
529
529
529
529
529
529
528
528
529
529
528
528
528
381
381
395
405
405
408
411
414
416
418
420
422
423
426
426
428
429
431
432
434
435
436
437
438
439
441
441
441
442
443
443
443
444
444
445
445
445
445
445
445
446
446
446
446
446
446
446
446
446
446
447
447
447
446
446
447
447
447
446
446
446
446
446
446
588
588
572
566
561
555
551
547
544
542
540
539
537
536
536
535
534
534
533
532
532
532
531
531
530
530
530
529
529
529
529
529
528
528
528
528
528
528
528
528
528
528
528
528
528
527
527
527
527
527
527
527
527
527
527
527
527
527
527
527
527
527
527
527
383
383
395
407
408
409
409
414
416
421
421
423
425
425
428
430
434
433
434
434
435
435
435
438
439
440
441
441
442
443
443
443
444
444
444
444
444
445
444
445
445
446
446
446
446
446
446
446
446
446
446
446
446
447
447
446
446
446
451
451
446
446
446
447
565
568
568
568
563
556
552
548
544
542
540
539
538
537
536
535
534
534
534
533
532
531
531
530
530
529
528
528
528
528
528
528
528
528
528
528
527
527
527
527
527
527
527
527
527
527
527
527
527
527
527
527
527
527
527
526
527
527
527
527
527
527
527
527
384
384
400
403
405
412
415
415
416
418
423
423
425
427
428
429
432
432
432
434
436
436
438
438
440
440
441
441
442
443
443
444
444
444
444
444
445
445
445
446
445
446
445
446
446
446
446
446
446
446
447
447
447
447
447
447
447
447
447
448
448
448
448
448
586
586
573
565
559
553
548
544
541
540
539
536
535
534
533
532
531
531
530
529
529
529
529
529
528
528
528
527
527
526
526
526
526
526
526
526
526
526
526
526
524
524
526
526
526
525
525
525
525
525
525
525
524
524
525
525
524
524
524
525
524
524
524
524
385
385
400
405
410
413
417
420
422
424
426
428
429
430
431
432
435
436
437
439
439
441
442
442
443
443
444
445
445
445
445
445
445
446
447
447
446
446
447
447
447
447
447
447
447
447
447
447
447
447
449
449
447
447
447
447
447
447
447
447
447
447
447
447
