386
386
392
394
394
396
397
399
400
401
402
402
404
404
404
406
406
406
407
408
408
408
409
410
410
410
411
411
411
412
413
413
413
414
414
414
414
415
415
416
416
416
416
416
417
417
418
418
418
417
418
419
419
420
423
423
420
420
420
421
421
421
421
422
639
639
630
626
622
619
616
611
607
607
604
601
597
596
596
594
592
590
590
588
588
585
583
581
580
579
579
578
577
575
574
573
573
573
573
571
569
569
565
565
566
566
566
566
565
564
563
563
562
562
562
562
561
561
560
560
559
559
559
559
558
558
558
557
338
338
343
347
351
358
362
368
368
370
371
373
378
380
382
383
385
385
388
389
390
391
392
395
396
396
398
398
400
401
402
405
402
404
404
405
406
407
407
409
409
409
410
410
411
411
412
412
413
414
414
414
415
415
415
416
416
416
416
418
418
418
419
419
638
638
631
626
621
617
614
611
608
606
603
597
597
597
595
593
592
589
589
589
585
583
582
583
581
579
578
576
576
573
573
573
572
571
570
569
569
568
567
566
566
566
564
560
563
563
563
562
561
561
561
560
560
559
559
559
559
559
559
557
558
557
556
556
337
337
343
348
352
356
360
363
365
368
371
371
375
377
381
382
382
384
386
389
390
391
392
392
395
395
395
395
398
398
399
401
401
402
403
404
405
406
406
407
407
408
409
409
410
411
411
412
412
412
414
414
414
415
416
416
416
416
416
417
418
419
418
419
637
637
630
624
620
617
613
610
608
607
605
607
601
597
595
592
592
591
589
587
586
584
583
580
580
578
577
577
576
574
573
573
572
572
571
569
568
567
567
567
566
565
565
564
563
563
562
561
560
560
560
560
560
559
558
558
558
558
557
557
556
555
555
555
336
336
343
348
352
356
358
362
364
367
368
370
373
376
378
380
382
383
385
386
386
387
391
392
392
392
393
397
398
398
399
399
402
402
402
403
404
405
405
406
407
408
409
409
409
410
411
411
412
413
413
414
414
414
415
416
418
417
418
418
420
420
419
419
637
637
627
625
617
614
614
612
610
606
603
601
600
597
596
596
593
591
589
587
585
585
583
582
580
579
577
576
576
575
573
573
572
571
570
569
569
569
567
566
566
564
564
562
562
562
562
561
561
561
560
559
559
559
559
557
557
557
556
556
556
555
555
555
335
335
341
347
351
352
357
364
364
366
369
371
373
375
377
380
380
381
383
386
387
388
390
391
393
394
395
396
398
398
399
400
400
400
402
403
403
404
405
407
407
407
409
410
410
410
411
411
412
412
413
413
414
414
415
416
416
417
417
417
419
419
419
419
637
637
630
625
621
621
617
611
609
606
603
601
600
598
597
594
593
591
589
589
583
583
583
582
581
580
579
578
576
575
573
570
571
570
570
569
569
568
567
566
565
564
564
563
563
562
562
561
561
560
559
559
559
558
558
557
556
556
556
556
555
555
554
554
337
337
346
347
351
354
357
361
363
366
369
371
373
375
377
378
379
384
385
385
386
388
390
391
397
397
398
395
397
397
399
401
399
401
401
403
407
405
406
406
407
408
408
409
409
411
409
411
412
416
416
414
414
415
415
415
416
417
417
418
418
418
419
419
585
585
581
573
566
561
557
554
552
550
546
546
544
543
542
541
540
540
539
538
538
537
536
536
532
532
535
535
534
534
533
533
533
532
532
532
532
532
531
531
531
531
530
530
530
530
530
530
529
529
529
528
529
528
528
526
526
527
527
527
527
527
527
527
357
357
361
368
380
382
387
391
394
398
402
404
410
410
413
418
418
420
420
425
425
426
426
427
427
428
429
430
433
432
433
433
433
434
434
435
437
437
437
437
436
436
438
438
438
439
439
440
440
440
440
440
441
441
441
441
441
442
442
442
447
447
443
443
621
621
614
603
597
591
587
582
578
574
571
568
565
563
560
558
556
553
552
550
548
547
546
544
543
542
541
540
540
539
537
537
537
535
535
535
536
535
534
533
533
532
532
532
532
532
540
540
531
531
531
531
530
530
530
530
529
529
529
528
528
528
528
528
346
346
357
366
373
375
384
389
393
398
398
401
407
411
413
414
415
419
421
426
428
428
427
427
428
429
430
431
432
435
434
434
434
435
436
436
436
437
437
438
438
438
439
440
439
440
440
440
443
443
443
441
441
442
442
442
442
442
442
440
443
443
443
443
627
627
615
607
601
597
588
586
581
581
577
571
568
565
563
562
556
556
554
552
551
548
547
545
544
543
542
541
541
540
539
538
537
536
536
535
535
535
534
534
533
533
533
532
532
532
531
531
531
531
531
531
530
530
530
530
530
530
530
529
529
529
529
529
349
349
362
368
374
379
384
390
393
397
404
407
407
409
412
414
417
419
419
421
422
422
425
426
427
428
429
429
432
424
432
434
434
435
435
435
436
436
437
437
437
438
438
439
439
440
440
440
440
440
440
441
441
441
442
442
442
442
442
442
443
443
443
443
626
626
617
609
599
598
592
588
583
579
576
572
569
567
563
561
558
555
554
553
552
549
547
546
545
543
542
540
540
539
538
538
538
536
536
536
535
534
534
534
533
533
533
532
532
532
532
531
531
531
532
532
530
530
530
530
530
530
530
529
529
529
529
529
352
352
357
366
376
379
388
388
393
397
400
403
406
409
412
413
415
417
417
421
421
423
429
429
428
428
429
430
430
431
432
433
433
433
434
436
436
436
436
437
437
438
438
438
439
439
439
440
440
440
443
441
441
441
441
441
443
443
443
443
443
443
443
443
627
627
618
610
603
598
593
589
584
578
577
573
567
564
564
561
561
559
554
552
548
548
547
545
544
543
542
541
540
539
538
537
537
536
536
536
535
535
534
534
534
533
532
529
532
528
531
531
531
531
531
531
530
530
530
530
530
529
529
529
529
529
529
529
347
347
354
366
373
378
384
388
392
397
400
403
406
409
411
413
415
416
420
421
421
423
424
426
427
427
427
427
430
431
431
432
433
434
434
435
435
436
436
437
438
438
438
439
439
439
440
440
440
440
441
445
441
442
442
442
442
442
443
443
442
442
443
443
588
588
574
561
550
546
541
538
535
534
532
531
531
530
529
529
528
527
527
527
527
527
527
527
526
526
526
526
526
526
526
525
525
525
525
525
525
524
524
524
524
524
524
524
524
523
523
523
523
523
523
523
523
522
522
522
522
522
522
522
522
522
522
522
371
371
384
393
400
406
412
415
418
421
424
426
428
431
432
432
433
436
438
437
438
438
438
439
440
441
442
442
442
442
443
444
444
445
445
445
445
446
446
446
446
447
447
447
447
447
447
447
448
448
448
448
448
448
448
448
448
448
449
449
449
449
449
449
611
611
598
587
577
570
560
557
552
548
545
542
540
538
538
535
534
533
532
531
531
529
528
527
527
527
527
527
526
526
526
525
525
525
525
524
524
524
524
524
524
523
523
523
523
523
523
523
522
522
522
522
523
522
522
522
522
522
522
522
522
522
522
522
367
367
381
391
399
404
409
413
417
421
423
426
429
431
431
432
433
435
436
436
437
439
445
441
441
441
441
442
443
443
443
444
444
444
445
446
446
446
447
447
447
447
447
447
445
445
448
448
448
448
448
448
449
449
449
448
448
449
449
449
449
449
449
450
614
614
601
590
582
573
565
560
555
551
547
544
542
540
538
536
536
534
533
532
532
531
530
529
529
528
528
527
527
527
526
526
525
525
525
525
525
524
524
524
524
524
524
524
523
523
523
523
523
523
522
523
522
523
522
522
522
522
522
522
522
522
522
522
366
366
380
394
399
403
409
412
416
419
423
425
427
429
430
432
432
435
435
436
437
437
439
439
440
441
442
443
442
443
444
444
444
444
445
445
445
445
446
446
446
446
447
445
444
444
448
448
448
453
453
448
448
449
449
449
449
449
449
449
449
449
449
449
617
617
603
591
582
572
566
560
555
551
547
545
542
540
539
537
536
535
534
533
532
531
530
529
529
528
528
527
526
526
526
526
525
525
525
524
524
524
524
524
523
523
523
523
523
523
522
522
522
522
522
522
522
522
522
522
522
522
522
521
521
521
521
521
364
364
378
394
397
403
409
413
416
419
422
424
426
428
430
437
437
434
434
434
436
437
437
438
439
440
440
441
442
443
443
444
444
444
445
445
445
446
446
446
447
447
447
447
447
447
447
447
448
451
448
448
448
448
448
449
449
449
449
449
449
449
449
450
616
616
603
594
583
575
568
561
556
552
548
544
542
538
536
535
535
534
533
532
531
530
530
529
528
527
527
527
528
526
525
525
524
524
524
523
523
524
524
522
522
522
522
522
522
522
522
518
518
521
521
521
521
521
521
521
521
521
521
520
520
520
520
520
365
365
378
389
395
403
408
412
416
419
421
424
427
429
430
432
434
434
436
436
437
438
438
438
438
441
441
441
441
442
443
443
443
444
444
445
446
446
446
446
447
447
447
447
447
447
448
448
448
448
448
447
447
449
449
449
448
449
449
449
449
449
449
449
557
557
545
537
532
529
526
525
524
523
522
521
521
521
520
520
520
520
520
520
520
520
520
520
520
520
520
520
519
519
519
520
520
520
520
520
520
521
521
521
520
520
520
520
521
520
521
521
521
521
520
520
520
521
521
521
521
521
521
521
521
521
521
521
389
389
410
410
415
426
427
429
430
431
434
435
437
438
438
440
441
441
442
443
443
443
445
445
445
446
446
446
446
447
448
448
448
448
448
449
449
452
449
449
449
449
449
449
450
450
450
450
450
453
449
449
449
449
449
449
450
449
449
449
449
449
449
449
594
594
575
564
561
548
543
538
535
531
529
528
528
527
525
525
524
523
523
522
521
521
520
520
520
520
519
519
519
518
518
518
518
518
518
517
517
517
517
518
517
518
517
518
518
518
518
518
518
518
518
518
518
518
518
518
519
519
519
519
519
519
519
519
388
388
399
409
413
423
425
426
430
431
435
436
437
439
440
441
442
442
443
447
451
447
447
447
447
448
448
448
448
449
449
449
449
450
450
450
450
450
450
450
450
450
451
451
451
451
451
451
451
451
451
451
451
451
451
451
451
451
451
451
451
451
451
450
593
593
576
562
558
547
540
537
534
532
530
528
527
526
525
523
523
521
521
521
520
519
519
518
515
515
517
517
516
516
516
516
516
516
515
515
515
515
515
514
515
515
515
515
515
515
515
515
515
515
515
515
515
515
516
516
516
516
516
516
516
516
516
516
388
388
401
409
415
420
425
429
434
435
436
438
439
440
442
443
443
443
444
446
446
446
447
448
448
448
449
449
449
449
450
450
450
450
450
450
450
450
451
450
451
451
451
451
445
451
450
450
450
451
451
451
451
451
451
451
451
450
451
451
451
451
451
451
593
593
576
563
555
547
546
538
535
533
529
528
528
526
525
524
523
522
521
522
521
519
519
519
518
518
518
517
517
517
517
516
516
516
516
516
516
516
516
516
516
516
516
516
516
516
516
516
516
516
516
516
516
516
516
516
516
516
517
517
517
517
517
517
387
387
399
408
413
419
423
428
431
435
436
437
440
440
442
443
443
444
445
445
446
447
448
448
448
449
449
449
449
449
449
449
450
450
450
450
450
450
450
450
451
451
451
451
451
451
451
451
451
451
451
451
451
451
450
450
451
451
451
451
451
451
451
451
592
592
577
564
556
549
543
539
536
533
531
530
528
527
526
525
524
523
522
521
521
520
519
519
519
518
517
517
517
517
517
517
516
516
515
516
516
516
516
516
515
515
515
515
515
515
514
514
514
514
514
514
514
514
514
511
511
514
514
514
514
514
514
514
389
389
402
410
415
422
427
430
433
435
437
438
441
442
442
444
444
445
446
447
448
448
448
449
449
449
450
450
451
450
450
450
451
451
451
454
454
451
451
451
451
451
451
451
451
451
451
451
452
451
451
451
451
451
451
451
451
450
450
450
451
451
451
451
