364
364
368
371
376
378
380
380
380
385
385
385
383
383
388
389
389
390
390
391
392
392
393
393
394
395
395
396
397
397
397
398
399
399
400
400
400
401
401
401
403
403
403
404
404
404
404
405
405
405
406
406
406
407
407
407
408
408
408
408
408
409
413
410
670
670
657
655
649
648
640
639
635
632
630
628
625
623
620
618
616
614
613
611
611
608
606
604
603
603
601
600
597
597
596
595
594
593
592
592
591
591
589
588
588
587
586
586
585
584
584
583
583
583
582
581
581
580
580
579
579
578
577
577
577
577
577
576
303
303
317
323
328
336
337
337
342
345
347
352
356
356
358
360
364
365
366
368
369
371
372
374
378
378
379
380
380
382
382
383
384
385
386
388
389
389
390
391
391
393
393
393
395
395
396
399
404
399
399
399
400
400
400
401
402
402
404
405
404
404
404
405
677
677
658
649
648
641
640
638
635
633
630
628
625
624
622
619
618
615
611
608
608
608
606
605
604
604
603
598
598
598
598
594
594
593
593
592
591
590
589
587
587
586
585
582
585
583
583
583
582
582
581
579
579
579
578
578
577
577
576
576
576
575
575
574
307
307
318
319
325
330
336
337
339
343
345
347
350
352
354
357
359
360
363
366
368
368
369
372
374
374
376
376
375
375
379
381
382
383
384
385
385
386
388
388
390
390
392
392
393
394
394
395
395
396
397
398
398
399
399
400
401
401
402
403
403
403
403
405
666
666
659
653
649
649
645
638
635
630
630
628
626
624
622
621
616
615
614
612
609
609
607
605
604
601
601
601
598
597
596
595
593
593
592
591
589
589
588
588
587
586
585
585
584
583
582
581
581
581
580
579
579
578
578
577
577
576
574
574
574
574
574
574
307
307
317
320
324
332
334
336
337
341
344
347
349
349
352
358
358
362
362
363
365
366
370
371
371
374
375
375
377
378
379
379
379
381
382
384
385
386
387
387
390
390
393
393
393
393
395
401
396
397
397
398
399
399
399
400
400
402
402
402
403
403
404
404
669
669
660
653
649
645
641
638
634
633
632
628
626
626
621
619
617
616
614
612
609
608
607
605
604
602
600
599
599
597
596
596
594
593
592
590
589
589
588
588
587
585
585
584
583
583
582
582
580
580
579
579
578
577
577
577
576
575
575
574
574
573
573
573
304
304
311
320
324
328
332
334
337
340
342
343
348
349
353
355
357
361
365
365
367
368
369
370
370
371
371
375
376
377
378
380
380
380
383
384
385
385
386
388
389
389
391
391
393
394
394
396
396
396
401
401
399
399
399
401
401
401
402
403
403
403
403
404
667
667
656
653
648
644
642
639
636
633
630
628
625
622
622
620
616
613
613
612
609
607
606
605
604
602
601
600
598
597
595
594
594
589
589
591
591
588
587
587
586
583
583
583
583
582
581
581
579
579
579
579
577
576
577
576
575
574
574
574
573
573
573
572
309
309
313
319
326
327
331
334
334
336
343
345
349
350
353
355
356
362
362
364
364
365
367
369
369
373
374
374
375
376
379
380
380
381
383
383
383
383
385
387
388
387
389
387
391
393
394
395
395
396
397
399
399
399
399
400
400
401
402
403
403
403
404
404
618
618
605
594
587
580
575
572
570
567
565
564
563
561
561
561
560
559
558
558
557
557
557
556
555
555
555
555
555
555
554
554
554
553
553
553
553
553
553
553
552
552
552
552
551
550
550
550
550
550
550
550
550
550
550
549
549
549
549
549
549
549
549
549
324
324
335
342
351
357
363
363
373
377
381
386
391
391
393
395
401
402
404
406
407
408
409
410
412
412
414
414
416
416
416
417
417
418
418
419
419
419
420
420
421
421
421
422
422
422
422
423
423
424
424
424
424
424
425
425
425
425
425
426
426
426
426
426
649
649
637
629
624
616
610
603
600
595
592
588
584
581
581
577
573
571
569
568
566
565
562
562
562
562
560
560
559
557
557
556
556
556
555
555
555
555
554
554
553
553
553
553
552
551
551
551
551
550
550
549
549
548
549
549
549
549
549
549
548
548
548
547
324
324
328
342
349
355
362
367
371
376
383
384
387
391
394
395
400
401
405
407
408
410
412
412
412
414
415
416
417
417
417
418
418
420
420
420
421
422
422
423
423
423
424
424
424
424
425
426
426
426
425
427
427
427
427
427
427
427
428
428
428
428
428
428
649
649
639
630
623
617
607
603
600
595
591
587
584
580
575
573
571
569
567
565
565
563
561
560
559
558
558
556
555
554
554
553
552
552
552
551
550
550
550
550
549
549
549
548
548
548
548
548
547
547
547
546
546
546
545
544
544
546
546
545
544
544
544
544
326
326
338
344
351
356
363
363
368
379
381
385
388
392
395
395
397
403
407
409
409
411
413
413
415
415
416
417
418
419
419
419
420
421
422
422
422
423
424
424
424
425
425
425
426
427
427
427
428
428
428
427
427
428
428
429
429
429
429
429
429
430
430
430
649
649
638
629
620
616
610
607
599
595
590
587
583
580
576
574
571
569
567
564
564
561
560
559
557
557
556
555
555
554
556
553
552
551
550
550
549
549
548
548
548
546
546
546
546
546
546
546
545
545
545
545
545
544
541
541
543
543
543
543
543
543
543
542
326
326
340
344
351
358
364
369
374
375
382
386
390
390
392
399
404
404
404
408
410
411
411
413
414
416
416
417
418
419
420
421
421
423
423
423
423
424
425
425
425
426
426
426
427
427
427
427
427
428
429
429
429
429
429
430
430
430
430
430
430
431
431
431
649
649
640
629
622
615
609
603
598
594
588
586
582
578
575
574
570
567
565
564
561
555
558
558
558
556
555
554
553
552
552
551
550
550
549
549
548
548
548
548
547
547
546
545
545
545
545
540
540
543
543
543
543
543
543
543
542
542
539
539
542
542
542
541
323
323
337
345
351
352
364
369
375
379
383
387
390
397
399
399
402
405
407
409
411
412
413
415
415
416
418
419
419
420
421
421
422
423
423
425
425
425
425
426
426
426
426
427
428
428
428
428
429
429
429
429
430
430
430
430
431
431
431
431
431
431
432
432
603
603
585
572
563
557
553
551
548
545
545
545
545
543
542
541
540
540
539
539
539
538
538
538
537
537
537
534
534
537
537
536
536
536
536
536
535
535
536
536
535
535
535
535
535
535
535
535
535
535
535
535
535
535
535
535
534
534
534
534
534
534
534
534
348
348
362
372
381
389
395
400
404
408
411
415
416
418
419
423
423
424
424
426
427
428
428
429
429
430
430
430
430
432
432
432
432
433
433
433
434
433
433
433
433
434
435
435
435
435
435
435
435
436
436
436
436
436
436
438
437
438
437
438
438
438
438
438
627
627
612
599
587
581
574
568
564
563
558
556
554
553
551
549
549
548
547
545
545
544
544
544
543
542
541
541
540
540
539
539
537
534
534
537
537
536
536
536
536
535
535
535
534
534
534
534
534
534
534
534
534
533
533
533
533
533
533
533
533
533
533
533
347
347
361
371
380
391
393
399
403
404
407
414
414
416
420
420
420
422
423
425
426
426
426
428
429
429
430
431
431
432
432
432
433
433
434
434
434
434
435
435
435
436
436
436
436
436
436
437
437
437
437
437
438
438
438
438
438
438
438
439
439
439
439
439
627
627
612
600
589
580
573
569
565
562
560
558
556
554
554
551
551
550
549
548
547
546
545
545
544
543
544
543
542
541
541
539
539
539
538
538
537
537
537
537
536
536
536
535
535
535
535
534
534
534
534
533
533
533
533
534
533
533
533
532
532
532
532
533
343
343
356
371
379
388
395
399
403
406
409
410
413
414
415
418
419
420
422
422
425
425
426
426
428
428
429
430
430
430
431
432
432
433
434
434
434
434
435
435
435
435
436
436
436
436
437
437
437
437
437
437
438
438
438
438
438
438
438
438
439
439
439
439
630
630
610
602
590
581
574
569
566
563
560
559
557
556
554
553
552
551
550
549
548
547
546
545
545
544
543
543
542
542
540
540
539
539
539
538
538
537
537
536
536
536
535
535
535
535
534
534
534
534
534
533
533
533
533
533
533
533
532
532
532
532
532
532
344
344
358
362
373
388
395
399
403
406
408
410
412
414
415
418
418
418
421
422
423
424
426
427
427
427
428
430
430
431
431
432
432
432
433
433
434
434
434
435
435
435
436
436
436
437
437
437
437
437
437
437
437
437
437
438
438
438
438
439
439
439
439
439
629
629
618
602
591
579
570
570
567
564
562
560
558
556
555
554
552
552
552
550
548
547
546
545
545
544
543
543
542
542
541
540
539
539
538
533
537
536
536
536
536
535
535
535
535
534
534
534
533
533
533
533
533
533
532
532
533
533
532
530
532
532
532
532
343
343
356
376
384
389
396
400
404
405
408
411
412
413
414
417
417
421
421
422
424
425
427
428
428
431
431
431
431
431
431
432
433
433
434
434
434
435
435
435
435
436
436
436
437
437
437
437
437
437
437
437
437
437
437
438
438
438
438
438
438
438
438
438
575
575
560
554
549
546
543
540
538
536
535
534
533
532
532
532
532
531
531
531
531
532
531
531
531
531
531
532
532
531
531
531
532
532
532
532
532
532
532
532
532
532
533
533
533
533
533
533
533
533
533
533
533
533
533
533
533
533
533
533
533
533
533
534
382
382
389
397
403
411
411
414
417
420
422
424
426
428
429
430
431
432
433
433
435
435
436
436
436
437
438
438
438
438
439
439
439
439
439
439
440
440
440
440
440
440
440
440
440
440
440
440
441
441
441
441
441
441
441
441
441
441
441
441
441
441
441
441
596
596
582
574
569
564
560
554
551
551
550
545
541
543
541
543
541
537
537
537
537
536
536
535
535
534
534
534
534
533
534
533
533
533
533
533
532
532
532
532
532
532
532
532
532
532
533
532
532
532
532
533
533
533
533
533
533
533
533
533
533
533
533
533
374
374
387
393
399
404
407
411
413
416
423
423
424
425
426
428
430
432
432
435
435
437
435
436
436
437
437
437
438
438
439
439
439
439
439
439
439
440
440
440
440
440
440
440
440
440
440
441
440
441
441
441
441
441
441
441
441
441
441
441
441
441
441
441
593
593
587
577
571
566
562
559
556
555
553
551
550
548
546
545
545
541
540
540
539
539
538
538
537
536
536
535
535
535
535
534
534
534
533
533
533
533
533
533
533
533
533
533
532
533
531
533
533
533
533
533
533
533
533
533
534
534
533
533
534
534
534
534
372
372
383
383
392
402
404
409
411
417
418
424
424
425
425
427
428
429
430
430
432
433
434
434
433
433
436
436
436
437
438
438
438
438
439
439
440
439
440
443
443
443
443
443
440
440
440
441
441
441
441
442
441
441
441
441
443
443
442
442
441
441
441
442
600
600
584
576
570
564
561
558
557
554
552
550
548
546
545
544
542
541
540
538
537
537
537
536
534
534
534
533
533
533
533
533
532
532
532
532
532
532
532
532
531
531
531
531
531
531
531
531
532
531
531
531
532
532
532
532
532
532
532
532
532
533
532
533
373
373
385
390
397
402
406
409
413
415
418
420
423
424
426
427
429
430
431
432
433
433
433
435
435
436
437
438
437
437
437
437
439
439
439
439
440
440
440
440
440
440
440
441
441
441
441
441
441
441
441
441
441
441
441
441
441
441
441
441
441
441
442
442
598
598
584
577
572
567
564
561
559
557
555
554
552
550
549
547
546
545
542
541
540
539
539
538
538
537
536
535
536
535
535
535
532
532
534
534
534
533
533
533
533
532
533
533
533
534
534
534
534
534
534
534
534
534
534
534
534
534
534
534
537
534
534
534
369
369
381
387
392
398
402
405
408
411
414
417
417
420
422
424
426
427
427
429
430
431
431
432
433
433
434
435
436
436
436
437
438
438
438
438
438
438
442
442
439
439
439
440
440
440
440
440
440
440
440
441
440
441
441
441
441
441
441
441
441
441
441
441
