486
482
482
480
480
480
480
480
480
480
480
480
480
480
480
480
480
480
480
481
480
480
480
479
479
480
480
481
480
480
480
480
480
480
480
480
480
472
472
481
481
481
480
480
478
480
479
480
480
480
480
480
480
480
481
481
481
480
480
480
480
480
480
480
545
545
543
543
541
540
540
539
539
539
539
545
545
537
537
537
537
537
537
537
537
536
536
536
536
536
536
536
536
536
536
536
535
535
535
535
535
535
535
535
535
535
535
535
535
535
535
535
535
535
535
535
534
534
534
534
540
541
541
534
534
534
534
534
407
407
412
418
422
422
422
423
425
426
430
431
431
434
434
434
434
436
437
437
437
438
438
439
440
441
441
441
442
442
442
444
444
444
443
444
445
446
447
447
447
447
447
456
447
448
448
448
448
449
449
449
448
448
449
450
450
450
450
451
451
451
451
450
567
572
570
570
567
565
563
561
561
560
557
557
557
554
553
552
552
552
549
549
548
548
546
546
544
544
545
545
544
543
543
543
542
542
542
542
540
540
540
540
540
540
539
539
539
539
538
538
538
538
537
537
537
538
537
537
537
536
536
536
536
536
536
535
406
406
406
417
417
420
424
424
426
427
428
430
431
432
433
433
433
435
437
437
438
439
439
439
440
440
441
442
442
443
443
444
444
444
444
445
445
446
446
447
447
447
447
447
448
448
448
448
449
449
449
449
449
449
450
450
450
450
450
450
451
451
451
451
576
576
572
569
566
564
562
561
559
558
558
557
558
555
558
553
551
550
550
549
548
547
547
546
545
545
527
544
544
544
543
543
542
542
541
541
541
541
540
540
538
539
539
539
538
538
537
538
538
538
537
537
537
536
536
536
536
536
535
535
535
535
535
535
408
408
408
414
419
421
423
424
426
428
428
429
429
432
432
433
435
435
435
436
437
438
438
438
438
439
440
440
441
442
442
442
443
443
443
444
444
444
445
445
445
446
446
446
447
447
447
447
448
448
440
440
442
443
448
449
449
449
448
448
450
450
450
450
586
586
577
576
570
567
565
564
562
560
559
558
557
555
555
555
554
552
551
551
551
550
550
548
547
548
547
547
547
546
545
545
544
544
543
543
543
543
542
541
541
541
540
540
540
540
539
539
539
539
538
538
538
538
538
538
537
536
536
536
536
536
536
536
409
409
410
416
416
421
423
423
423
425
426
429
430
432
432
432
434
434
435
436
436
436
437
438
439
439
440
440
440
440
440
441
442
443
444
444
444
445
444
444
444
445
446
446
447
447
447
447
448
448
448
449
449
449
449
449
446
446
451
451
450
450
450
451
574
574
561
561
566
566
562
561
561
558
557
557
556
555
555
555
552
552
551
550
550
549
549
548
547
547
547
546
545
545
545
545
544
543
543
543
548
548
551
542
541
541
540
540
540
539
540
539
539
539
538
538
538
537
537
537
537
536
536
536
536
536
535
535
406
406
411
414
419
421
419
421
425
425
427
429
430
430
431
432
433
434
435
435
435
431
436
437
438
439
439
439
440
441
441
441
443
443
443
443
444
444
444
444
445
445
445
440
440
446
447
447
447
447
447
447
447
448
448
448
449
460
450
450
450
450
450
450
555
555
550
545
540
539
538
536
534
534
533
532
532
531
530
530
530
529
529
528
528
527
527
527
527
527
526
526
526
526
526
527
528
528
526
526
526
526
526
526
525
525
525
525
525
525
525
525
524
520
503
503
523
523
522
522
521
521
521
521
521
521
521
540
415
415
419
422
425
428
430
432
434
436
437
439
440
441
441
444
444
445
447
448
448
449
450
451
452
452
452
454
454
454
455
456
456
456
456
457
457
457
457
457
457
457
457
457
457
457
458
458
458
459
475
475
460
460
461
462
462
462
462
462
462
463
463
463
566
566
563
560
558
556
556
553
551
549
549
548
546
545
544
544
544
542
541
540
538
538
538
536
535
534
534
533
532
530
529
529
529
529
529
528
528
527
527
527
527
527
527
526
527
526
527
526
526
525
525
525
525
525
525
524
524
523
523
523
523
523
523
522
417
417
417
422
428
430
432
434
436
436
436
436
437
438
438
440
440
441
443
443
445
445
446
447
448
448
449
449
450
451
451
452
453
454
454
454
454
456
456
456
457
457
457
458
458
458
458
459
459
459
459
459
459
459
459
458
459
460
460
460
461
461
461
461
531
566
563
563
560
558
556
554
553
553
549
548
548
547
545
544
544
542
542
541
540
540
539
538
538
538
537
536
536
535
534
533
532
531
529
531
529
529
529
528
527
527
527
526
526
526
526
525
525
524
524
524
524
524
523
523
523
523
523
522
522
522
522
521
416
416
420
422
425
427
430
431
432
434
437
443
440
442
441
442
441
443
445
446
447
447
447
448
448
448
448
449
450
451
451
452
453
453
455
455
455
456
456
456
457
458
457
457
457
458
459
460
460
463
460
461
461
461
461
462
462
462
462
462
462
463
463
463
569
569
565
562
560
558
556
555
552
552
549
548
547
544
544
543
542
541
541
539
539
538
537
536
534
534
534
534
534
533
532
531
531
530
530
529
529
529
528
528
527
527
527
526
526
525
525
525
524
524
524
524
523
523
523
522
523
523
523
523
522
522
522
522
417
417
421
423
424
428
430
432
433
435
436
438
439
440
441
442
443
445
445
445
446
446
447
447
448
448
449
449
450
451
452
452
452
452
452
453
456
456
455
455
456
456
458
458
459
460
460
461
461
461
461
462
462
462
462
462
462
462
462
463
463
463
463
464
567
567
565
562
559
557
555
553
551
549
547
547
546
544
543
541
539
538
538
538
538
536
535
535
535
533
533
531
531
531
532
532
531
531
531
531
531
530
529
525
527
526
526
526
525
524
524
524
523
522
522
521
520
520
521
521
525
526
526
518
518
518
518
518
420
420
422
424
424
425
429
430
434
435
435
436
438
438
440
441
442
442
444
446
447
448
448
447
447
451
452
452
453
456
456
454
454
454
454
455
455
457
457
456
456
456
457
458
458
458
458
459
459
460
460
461
461
461
462
462
464
464
465
465
465
465
465
465
552
552
545
543
543
528
531
527
527
526
525
520
520
520
519
519
517
517
517
518
518
518
517
516
516
516
516
516
516
516
516
516
513
515
515
515
516
516
516
516
516
515
515
516
516
516
516
517
517
516
515
515
515
516
516
516
516
516
516
515
515
516
516
516
423
423
429
434
438
441
445
446
447
449
450
452
452
455
456
458
460
461
461
461
462
463
464
464
464
465
465
466
466
466
466
467
467
466
466
467
467
468
468
468
468
468
468
468
468
468
468
469
469
469
469
468
468
468
468
469
468
468
468
459
468
468
468
468
559
559
554
549
547
544
542
539
537
536
533
531
531
530
530
527
525
525
524
522
521
521
520
519
519
519
517
515
516
516
516
516
516
516
516
516
516
516
516
515
515
515
516
516
515
515
515
515
515
515
515
515
515
515
514
514
515
515
515
515
515
515
515
515
432
429
432
432
436
439
442
444
447
448
449
449
451
454
455
456
457
458
460
460
461
461
462
462
463
463
464
464
464
465
465
466
466
466
466
466
466
466
466
467
467
467
467
467
468
468
468
467
467
468
468
468
468
468
473
473
468
468
468
468
468
468
468
468
560
560
555
547
547
543
543
539
537
536
534
532
531
529
528
526
526
524
522
522
522
521
520
520
519
518
518
518
517
517
517
517
516
515
515
515
516
516
515
515
515
515
515
515
516
515
515
515
514
514
514
514
514
514
514
514
514
514
514
514
514
515
515
515
426
426
429
434
437
440
442
446
448
448
449
451
454
454
454
455
456
458
459
460
461
462
462
465
463
464
464
464
464
465
465
465
465
466
466
466
467
467
467
467
467
467
467
467
468
468
468
467
467
468
468
468
468
468
468
468
468
468
468
468
467
467
467
468
565
565
561
551
548
544
542
540
537
536
533
533
530
528
528
527
526
524
523
522
521
521
521
520
518
518
518
517
517
517
516
516
516
516
515
515
515
515
515
515
515
515
514
514
514
514
514
514
514
514
514
514
514
514
514
514
514
514
514
514
514
514
514
514
424
424
429
433
436
440
442
442
444
448
449
449
451
454
454
456
456
457
458
459
460
461
462
462
463
463
463
463
464
464
465
465
465
466
466
466
466
467
467
467
467
467
467
467
467
467
467
467
467
467
468
468
468
468
468
468
468
468
468
468
465
465
468
468
560
560
556
555
548
544
543
540
538
536
534
532
531
530
528
527
527
526
524
523
522
521
520
519
519
518
518
518
517
516
516
516
512
516
515
515
515
515
515
516
516
519
515
515
514
514
514
513
513
514
514
514
513
513
514
514
514
514
514
514
514
515
515
515
424
424
430
433
436
439
442
444
446
448
449
451
452
453
455
456
456
458
459
459
460
461
462
462
462
463
463
464
464
465
465
465
466
466
466
466
466
466
467
467
470
470
467
467
467
467
468
467
468
468
468
469
472
469
468
468
468
468
468
468
468
468
468
468
540
540
531
525
523
517
516
513
513
514
514
514
513
513
514
514
514
515
515
514
514
514
514
514
515
515
515
515
515
515
515
515
515
516
500
516
516
516
516
516
516
516
517
517
517
517
517
517
518
517
518
517
517
517
517
517
518
518
521
518
518
517
517
517
435
435
441
449
452
457
459
462
464
464
466
466
467
467
467
468
468
468
468
468
466
468
468
468
468
468
468
468
468
468
467
468
467
468
467
468
468
468
468
468
468
468
468
468
476
467
467
467
467
467
466
467
467
467
466
466
466
466
466
466
466
466
466
465
551
551
542
536
530
526
523
520
518
518
515
515
514
514
513
513
513
513
513
513
512
512
513
513
513
513
513
513
512
513
514
516
516
513
513
513
514
514
514
514
514
514
514
515
515
514
514
511
514
514
514
515
515
515
515
515
518
518
509
509
516
516
516
516
434
434
441
447
455
457
461
465
465
466
467
467
467
469
470
470
470
470
470
471
471
471
471
471
471
471
471
474
471
471
471
471
471
471
471
471
471
471
471
471
471
470
470
470
470
470
470
470
470
470
470
470
470
469
469
469
469
469
469
469
469
469
469
469
548
548
540
530
525
525
524
522
516
515
515
513
513
512
512
511
511
510
510
510
510
510
510
510
510
510
510
510
510
510
511
511
511
511
511
511
511
511
511
511
511
511
513
511
512
512
513
513
512
512
510
511
511
513
513
513
514
514
514
514
513
513
513
513
436
436
442
450
454
458
463
466
466
467
468
471
491
491
471
471
471
472
472
472
472
472
472
476
476
473
472
472
474
474
472
472
472
472
472
472
472
471
471
472
472
471
471
471
471
471
471
471
471
471
470
470
477
477
473
472
473
472
475
472
476
472
474
472
539
539
536
527
525
521
514
517
513
509
507
507
500
497
500
493
499
496
499
499
499
499
497
501
499
501
499
502
500
502
502
502
502
502
503
502
503
502
504
502
504
503
504
503
498
498
503
504
504
505
504
505
505
505
505
506
507
506
506
505
505
505
505
506
452
452
459
463
467
467
469
473
474
475
476
476
477
477
477
478
479
479
479
479
479
479
478
478
478
479
479
478
478
478
478
478
477
477
478
478
477
477
477
476
478
478
478
477
477
477
477
477
477
477
476
468
475
475
477
477
477
477
477
477
476
476
476
476
537
537
518
516
516
516
516
511
509
508
508
506
506
505
505
504
504
503
503
503
503
504
503
503
503
503
503
503
503
503
503
503
504
504
504
504
504
510
504
504
504
504
504
505
504
505
505
505
505
505
505
505
506
505
505
505
506
506
506
506
506
506
507
507
449
439
449
460
464
466
467
471
471
473
475
476
476
456
456
473
476
478
478
478
478
478
478
478
478
479
479
478
478
478
478
478
478
478
478
477
477
477
477
478
477
477
477
477
477
477
477
477
477
477
477
477
477
477
477
476
476
476
476
476
476
476
476
477
