479
479
480
480
480
480
480
480
480
482
482
482
480
479
478
478
478
480
480
480
480
480
480
480
480
481
479
479
479
480
480
480
480
480
480
479
479
479
478
478
478
478
480
480
480
480
480
480
483
479
480
478
480
479
480
479
481
480
480
480
480
481
480
481
557
559
557
556
554
554
561
561
553
551
550
549
549
549
547
547
547
547
547
546
545
545
545
544
544
543
543
542
542
542
547
542
542
540
540
540
540
539
539
539
538
538
536
536
538
538
537
536
537
536
540
535
535
535
535
534
534
534
534
533
533
533
532
523
406
406
411
414
417
419
419
420
424
427
427
429
429
429
435
435
434
434
434
435
437
437
438
436
440
440
440
441
442
445
444
444
444
444
444
445
445
445
445
444
444
446
446
452
450
450
448
448
448
447
448
447
448
448
449
448
449
448
449
446
448
448
449
449
574
574
570
568
567
563
562
561
560
559
559
558
556
555
555
555
554
553
553
552
552
552
548
548
550
550
550
550
550
550
550
549
549
549
549
549
549
549
549
549
548
548
549
549
547
547
549
549
548
548
548
549
549
549
548
547
547
546
546
549
549
549
549
549
383
383
389
390
390
397
398
400
404
404
404
406
408
409
410
412
413
415
414
415
417
417
417
417
418
418
420
420
421
421
421
424
425
425
425
425
425
425
425
425
425
427
428
428
429
430
430
430
430
431
431
431
431
432
432
432
433
433
434
434
436
436
433
433
603
603
596
592
589
587
583
583
579
578
577
576
575
573
573
573
571
570
567
566
567
566
565
565
562
562
562
560
560
559
559
558
557
557
556
555
554
553
553
553
551
555
551
550
550
549
548
546
544
545
545
545
544
544
544
543
543
543
541
541
540
540
539
539
393
393
375
407
412
416
416
418
418
419
421
423
426
427
427
427
428
430
431
432
433
433
433
432
432
432
437
438
440
440
440
440
442
442
442
442
444
445
445
440
440
445
446
446
454
448
448
447
447
448
449
449
449
449
451
451
450
450
449
449
448
448
451
451
572
572
569
566
564
563
562
560
559
558
557
557
557
557
557
556
555
554
554
553
554
553
553
552
550
550
551
551
552
550
562
550
550
549
549
548
538
538
548
548
548
547
547
547
547
547
547
546
546
546
546
546
546
546
546
545
545
546
546
546
547
545
547
547
388
388
390
396
398
400
400
403
404
406
408
407
408
411
411
411
414
414
414
414
415
419
418
421
419
420
419
419
419
421
422
422
423
422
424
422
426
423
426
426
427
427
427
427
427
427
427
428
428
433
433
431
431
431
429
429
431
432
433
447
433
432
432
432
604
604
600
594
594
592
588
588
583
583
581
580
579
578
577
577
578
578
572
572
571
571
571
570
574
574
574
567
566
565
564
563
563
563
561
560
560
560
559
559
559
557
557
557
555
554
554
552
553
552
551
550
550
550
550
549
549
546
546
546
546
545
544
544
396
396
400
404
407
409
410
413
414
414
418
420
421
423
424
425
426
428
428
432
432
430
430
433
433
434
434
435
435
437
438
438
438
439
439
440
441
441
442
443
443
443
443
444
444
444
437
444
436
436
436
447
447
447
447
447
448
448
448
448
448
454
457
457
556
556
551
548
545
542
545
544
544
544
544
544
546
547
547
546
546
546
546
546
544
540
538
538
535
533
531
529
526
526
526
526
524
522
521
522
521
522
522
523
523
524
525
526
528
529
531
535
535
536
536
536
534
534
534
532
529
525
525
525
524
522
522
522
412
412
414
418
419
423
425
427
429
429
431
432
431
431
430
430
427
427
425
425
425
427
428
428
428
431
434
435
439
439
444
446
448
449
450
450
450
450
450
452
452
452
452
452
452
452
451
449
445
445
445
445
443
443
443
443
443
444
444
444
445
445
445
447
583
583
577
573
568
566
562
559
558
557
554
553
552
553
552
552
552
552
554
556
557
556
559
561
561
560
559
558
555
555
554
554
549
547
545
543
538
536
536
536
534
533
532
532
530
531
531
531
531
531
531
531
531
531
533
534
535
536
537
539
539
538
536
537
394
394
399
401
407
411
412
417
419
422
422
426
426
429
429
432
432
432
433
435
436
436
436
435
433
432
431
431
429
429
430
431
431
432
434
436
437
440
441
442
444
444
445
447
448
448
449
448
448
448
448
450
450
448
448
450
450
451
450
450
449
447
447
447
594
594
590
587
585
580
579
575
573
571
569
563
562
562
558
553
553
553
551
547
547
545
545
546
546
547
548
548
548
549
551
551
552
553
553
552
550
550
549
549
546
544
543
542
541
539
538
537
536
536
536
535
532
532
530
530
530
530
528
528
529
529
529
530
394
394
395
396
398
401
401
404
409
409
410
413
415
418
421
424
427
429
432
435
435
435
436
436
436
439
439
439
439
439
439
439
438
437
436
437
436
441
434
444
437
437
437
437
440
439
440
440
442
443
445
446
448
449
450
451
451
450
450
454
454
454
454
454
581
581
581
579
577
569
569
569
577
577
577
575
573
571
567
566
566
561
561
558
547
547
552
552
550
549
548
546
546
545
543
542
542
542
543
543
543
544
544
544
544
545
546
546
546
546
544
544
541
541
541
538
538
536
536
535
535
535
532
532
532
528
529
527
407
407
409
412
413
415
415
415
415
415
414
418
414
415
415
416
418
420
420
420
422
426
426
431
431
433
435
436
437
440
439
441
441
441
442
442
444
444
444
443
444
443
443
443
441
442
441
441
441
440
440
441
441
441
444
444
444
444
444
444
442
451
451
452
570
574
574
574
570
567
567
566
566
566
566
566
564
565
565
565
564
564
562
563
563
563
561
561
558
557
555
553
553
550
550
550
554
548
545
544
543
542
543
542
542
539
539
539
539
538
538
538
536
539
539
539
539
540
540
540
540
540
538
535
535
535
534
532
393
393
401
401
407
407
412
412
417
417
420
421
423
425
426
425
424
424
424
425
425
425
425
425
425
425
428
429
430
429
430
432
435
436
437
436
437
438
439
442
439
442
441
443
443
443
443
445
446
445
446
446
446
446
445
445
445
445
445
443
445
445
446
447
574
574
566
561
559
556
556
552
547
547
539
539
535
533
533
534
534
532
531
525
525
524
524
523
507
507
522
522
521
521
520
520
521
523
523
520
520
518
517
518
518
520
520
520
520
520
521
519
519
519
520
520
520
520
520
518
518
517
519
519
519
519
518
517
404
404
406
410
414
421
422
424
429
430
431
431
434
436
437
440
440
441
444
444
444
445
447
449
449
451
454
454
455
455
456
458
458
459
460
460
460
460
460
460
460
460
461
462
462
461
460
460
460
461
461
462
464
464
461
460
460
460
461
462
462
462
461
461
590
590
585
576
566
564
562
562
557
555
555
553
550
547
546
546
546
546
543
542
538
537
538
537
538
536
535
533
533
531
529
527
527
527
527
526
526
523
523
520
520
520
522
526
522
520
520
520
519
519
519
520
520
518
518
519
519
519
519
519
519
519
519
519
403
403
411
413
413
415
419
424
427
430
431
432
434
434
434
435
440
441
442
442
442
442
443
443
447
451
451
450
450
450
451
452
453
456
456
459
459
458
458
458
458
459
459
460
461
461
459
459
461
461
460
460
463
463
461
461
461
461
461
461
461
461
461
461
578
578
578
573
568
568
566
567
561
557
557
551
548
548
547
545
545
543
543
542
541
539
536
536
536
535
532
532
532
529
528
525
525
525
522
522
523
523
520
520
520
520
519
520
519
519
519
519
514
514
518
518
516
516
518
518
518
517
517
518
518
518
518
518
405
405
410
414
414
418
420
424
426
427
430
434
434
433
433
437
438
438
439
441
443
443
443
444
444
444
447
448
450
454
454
455
455
456
456
456
457
459
459
459
459
459
459
459
459
459
460
460
460
459
460
460
460
460
460
461
461
460
459
459
460
461
461
441
584
584
579
572
571
569
565
562
559
557
557
553
550
549
546
546
544
544
543
542
539
538
538
538
534
534
533
532
530
528
528
527
527
524
524
522
522
522
522
520
520
520
520
519
519
519
519
517
517
520
520
520
517
517
518
518
517
517
517
517
517
517
518
518
397
397
408
412
418
419
421
421
428
421
428
432
434
434
436
436
438
438
439
442
442
442
445
445
446
447
447
449
451
453
453
455
455
457
457
458
458
458
459
459
459
459
459
459
459
460
460
460
460
460
460
460
460
460
459
454
454
459
461
461
460
460
460
460
584
584
577
575
573
569
565
561
559
554
553
553
552
551
549
548
546
545
544
541
540
538
538
537
536
533
532
532
528
527
527
525
525
522
522
522
521
521
520
520
520
519
519
519
519
519
519
518
518
518
517
516
516
513
518
516
517
517
517
517
517
517
517
517
405
405
410
411
415
419
420
424
426
428
430
432
432
432
434
437
437
440
440
442
442
442
443
447
447
448
448
452
452
452
452
455
457
457
457
457
458
458
458
458
460
460
460
460
460
460
460
460
460
460
461
460
460
460
460
460
460
460
460
460
459
459
459
461
562
562
552
544
540
533
528
524
519
519
519
517
517
516
514
516
516
516
516
516
516
516
516
516
516
516
516
517
518
518
517
517
517
516
515
515
515
518
519
518
518
518
517
517
519
536
536
535
519
519
519
520
520
523
523
527
521
522
521
521
521
521
521
521
407
407
426
433
440
443
448
448
452
454
455
459
460
462
462
461
461
461
461
461
461
461
462
460
463
461
462
461
459
459
460
461
460
461
460
461
458
460
458
460
460
460
460
463
460
459
459
461
461
459
459
457
458
458
458
458
457
457
457
455
455
458
458
458
573
573
564
557
548
544
539
535
530
528
524
519
518
518
518
515
514
514
514
514
514
514
513
514
515
515
515
514
515
514
514
514
515
515
516
517
517
516
516
516
516
516
516
517
517
517
517
517
517
516
517
517
517
519
519
519
521
521
520
520
520
519
519
519
414
414
429
435
441
444
446
451
453
457
458
460
463
461
463
462
462
462
462
463
463
464
466
466
464
462
460
460
460
462
462
462
462
462
461
461
461
460
460
460
460
460
460
460
460
458
458
458
458
448
448
459
459
459
458
457
457
457
458
459
459
459
457
457
573
573
564
556
546
541
537
531
529
524
524
524
520
518
516
515
515
513
512
512
513
514
514
513
513
514
514
514
513
513
513
513
514
515
514
514
514
514
514
514
514
515
517
515
516
514
516
515
515
515
515
516
516
516
517
516
516
515
515
516
516
517
518
519
427
426
425
426
433
445
445
449
455
457
461
461
461
462
463
464
464
464
464
465
464
463
463
462
463
463
463
464
464
464
463
463
462
461
461
461
462
462
463
462
461
461
461
460
460
460
461
461
461
461
458
461
458
459
458
459
459
460
460
459
459
459
457
457
570
570
560
553
546
539
535
531
531
531
522
520
516
492
512
512
512
512
513
513
513
513
513
515
515
512
512
513
513
513
512
512
512
512
513
513
514
513
525
513
513
513
514
514
514
514
514
514
514
515
515
515
516
515
516
515
517
517
517
517
517
516
514
514
442
431
434
434
443
445
451
455
457
459
461
462
463
465
465
465
465
465
466
465
464
464
464
464
464
464
464
464
464
463
464
463
463
463
463
463
463
463
462
461
461
460
460
461
461
463
461
460
460
460
459
459
452
460
460
460
460
459
460
459
460
459
459
459
568
568
558
552
544
539
535
532
529
525
521
518
517
515
514
513
513
513
513
512
512
512
512
510
510
512
512
512
512
512
513
513
513
513
513
512
513
512
513
514
514
513
513
513
512
513
513
514
514
514
514
514
514
515
515
516
516
516
515
517
515
516
516
517
422
422
430
437
438
444
449
454
455
457
460
462
464
465
466
466
466
467
466
467
467
467
465
465
465
465
465
465
464
465
463
464
463
464
464
464
465
465
464
464
464
462
462
465
465
464
463
463
461
461
463
463
462
462
462
462
461
461
461
461
461
460
461
460
