362
362
366
370
372
374
375
379
380
380
382
383
384
386
386
386
388
389
390
390
391
391
392
393
393
394
394
395
396
397
397
397
397
398
399
400
401
401
398
398
402
402
402
403
403
403
404
404
404
404
404
404
406
406
406
406
407
407
407
407
407
407
408
408
671
671
662
651
650
646
642
641
641
634
634
631
628
626
621
620
618
616
615
613
611
610
608
607
605
604
603
601
601
600
600
597
596
596
592
593
592
592
591
590
590
589
588
588
587
587
587
586
583
583
583
583
583
583
582
581
581
581
580
579
577
579
578
578
305
305
315
321
330
333
330
334
341
345
348
349
352
355
360
362
362
364
364
366
367
369
371
376
375
376
375
376
379
379
381
381
382
384
385
387
388
388
389
390
391
392
392
394
395
396
396
397
397
397
404
400
404
404
404
402
402
402
403
404
404
404
404
405
670
670
661
655
650
646
643
639
636
634
632
631
623
623
623
619
619
619
616
614
612
611
609
607
606
602
602
602
602
602
600
600
597
595
595
595
593
591
590
590
590
588
587
587
587
586
585
585
584
583
584
584
584
581
581
580
579
579
579
579
578
578
577
577
304
304
313
321
324
329
332
336
338
342
345
347
349
352
353
356
357
360
362
363
364
367
369
370
371
371
377
377
380
379
380
381
382
383
383
385
387
387
387
389
389
391
391
392
393
394
395
395
396
396
397
398
399
399
400
401
401
401
403
403
403
403
404
404
671
671
658
655
651
646
643
638
637
634
632
629
627
625
623
622
620
619
616
616
613
611
608
608
608
606
604
602
601
601
600
600
597
596
596
594
593
593
591
591
590
589
589
588
587
587
586
584
584
584
582
582
581
581
581
580
579
579
579
578
577
577
577
577
302
302
309
324
327
327
329
335
338
341
343
346
348
351
351
353
355
357
360
361
364
366
368
368
369
363
371
371
377
377
377
380
381
382
383
384
386
386
387
388
390
390
391
392
395
395
395
395
396
397
398
398
399
400
400
401
401
402
403
403
403
403
404
404
671
671
661
655
652
652
647
640
636
635
634
630
629
626
624
623
620
619
617
615
613
612
610
609
609
607
606
605
602
601
599
599
598
597
596
595
594
593
592
592
590
589
589
589
589
587
585
584
582
582
582
582
581
581
580
580
579
579
579
578
577
576
576
572
305
305
310
317
321
326
331
334
336
340
343
343
348
350
352
354
358
360
360
362
363
365
366
370
370
371
372
374
375
376
378
379
380
380
382
385
386
386
387
388
388
390
390
391
393
393
394
394
397
397
397
398
399
400
401
401
401
402
403
403
403
403
403
404
671
671
662
655
651
647
644
640
638
635
633
632
629
626
624
623
621
618
618
617
614
611
611
611
610
607
605
604
603
601
600
600
598
596
596
594
594
593
591
591
591
589
588
587
586
586
585
583
583
583
583
582
581
580
580
580
579
578
578
578
577
577
575
575
305
305
311
316
320
325
329
332
335
339
342
344
347
350
351
356
358
358
359
360
365
369
368
369
369
371
372
374
374
375
377
379
381
382
382
383
385
387
388
388
389
389
390
392
392
396
396
396
396
396
397
398
399
399
400
400
402
402
402
403
404
404
404
405
622
622
606
599
590
584
579
576
573
572
570
569
568
566
566
566
566
565
565
565
565
564
564
564
564
563
561
561
562
562
562
561
561
561
561
561
560
560
560
560
560
560
560
558
558
559
559
559
559
559
558
558
558
558
558
557
557
556
557
557
557
557
557
557
324
324
334
344
349
361
362
367
374
382
383
383
389
391
395
397
399
401
403
404
405
406
407
407
410
411
412
412
413
413
413
415
415
416
416
417
417
418
418
421
419
419
419
419
420
420
420
421
421
421
421
422
422
422
422
423
423
423
423
423
423
424
424
424
643
643
632
630
626
620
615
610
604
599
595
592
588
585
582
581
577
576
573
572
573
572
570
569
569
568
568
567
566
566
565
564
564
564
563
563
563
563
562
562
561
561
561
561
561
560
560
560
560
560
560
560
559
559
559
559
559
558
558
558
558
558
558
558
322
322
333
346
349
356
361
367
371
376
380
384
387
392
394
395
397
399
401
403
404
406
407
407
409
411
412
412
412
413
414
414
415
416
416
417
417
418
418
419
419
419
419
420
420
421
421
421
421
422
422
422
422
423
423
423
423
424
424
424
424
424
424
424
639
643
643
634
628
620
616
608
606
601
597
593
589
586
583
580
578
576
575
573
572
571
570
569
569
567
567
567
567
566
565
564
564
564
563
563
563
563
562
561
561
561
561
560
560
560
560
560
559
559
558
558
558
558
558
558
558
558
558
558
557
557
557
557
320
320
332
339
347
354
359
363
370
374
378
381
386
391
392
394
399
399
400
403
404
404
406
408
409
409
410
410
411
414
414
414
413
414
415
415
415
417
417
418
418
418
419
419
420
420
420
420
421
421
421
421
422
422
422
422
423
423
423
424
424
424
424
424
650
650
643
636
630
623
617
612
607
602
598
593
591
589
585
580
580
577
574
573
572
571
570
570
570
568
566
566
566
565
565
564
564
563
563
562
562
562
562
561
561
561
560
560
560
560
560
560
560
559
559
558
558
558
558
558
557
557
557
557
557
557
557
557
320
320
329
337
346
352
358
364
368
372
377
381
385
388
390
393
395
399
400
400
401
401
404
405
408
408
408
410
411
412
412
413
413
415
416
416
416
416
417
417
417
419
419
419
419
419
420
420
420
421
422
424
422
422
422
422
423
423
423
429
429
424
424
424
654
654
644
640
629
623
617
612
607
602
597
593
589
586
583
580
576
576
574
573
571
571
569
569
569
567
566
565
565
565
564
564
564
563
562
562
562
561
561
560
560
560
560
559
559
559
559
558
558
558
558
558
558
558
557
557
557
556
556
556
556
556
556
556
304
304
331
338
345
352
358
363
367
376
379
381
384
387
390
391
395
397
398
400
401
403
403
405
405
407
408
409
410
411
412
412
413
413
414
414
415
416
416
417
418
418
418
418
419
419
420
420
420
420
421
421
421
422
422
422
422
422
423
423
423
424
424
424
612
612
596
579
572
565
565
565
561
560
558
558
557
556
555
555
555
555
555
554
554
552
552
552
552
552
552
551
551
551
550
550
551
551
550
550
550
550
549
549
549
549
548
548
548
548
548
547
547
547
547
547
547
547
547
547
547
546
546
546
546
545
545
545
341
341
355
372
377
384
389
392
395
397
400
401
403
405
407
408
409
413
413
414
414
415
416
417
418
418
420
421
421
422
422
422
422
420
420
423
425
425
425
425
426
426
426
426
426
427
427
427
428
428
428
428
428
428
428
429
429
429
429
429
430
430
430
430
633
633
620
605
594
587
581
577
575
572
570
569
568
568
567
564
563
563
562
561
561
559
559
558
558
558
556
555
555
555
554
553
553
553
553
553
552
552
551
550
550
550
550
550
550
549
549
549
548
548
548
548
547
547
547
547
546
546
546
545
545
545
545
545
340
340
353
365
375
381
387
390
394
396
400
407
407
410
406
407
407
410
410
411
413
413
414
415
417
417
418
418
418
419
421
421
422
423
424
424
424
425
425
426
426
426
426
426
427
427
427
428
428
428
429
429
429
429
430
430
430
430
430
431
431
431
431
431
636
636
621
606
603
587
582
578
575
571
569
569
567
566
563
563
561
561
560
560
558
558
557
556
556
556
555
554
554
553
553
553
552
551
550
550
549
548
549
548
548
548
547
547
547
546
546
546
546
545
545
545
545
545
545
545
544
544
544
543
543
543
543
543
339
339
353
369
371
382
388
391
394
397
399
400
401
403
405
405
407
409
409
412
413
413
414
414
415
415
418
420
420
420
421
421
423
423
423
424
425
430
430
430
428
428
427
427
427
429
429
429
429
429
430
430
431
431
431
431
431
431
431
432
432
432
432
432
636
636
621
605
600
587
581
578
575
572
572
570
566
565
564
564
561
560
560
559
558
557
557
557
556
554
554
554
553
552
552
552
552
550
549
549
549
549
548
548
547
547
547
547
546
546
545
545
545
544
544
544
544
544
543
543
543
543
543
543
543
542
543
542
340
340
352
363
374
382
387
390
394
397
399
401
402
403
405
408
408
409
409
410
411
411
414
415
415
416
417
419
420
420
421
422
422
423
423
424
427
429
432
432
429
429
430
431
431
432
432
433
433
433
433
434
434
438
438
436
436
436
436
436
436
436
437
437
628
628
615
602
590
580
573
569
567
564
562
559
558
556
555
554
553
551
551
550
548
547
546
545
545
543
543
543
542
541
540
540
538
539
538
538
538
537
536
536
536
536
535
535
533
533
534
534
534
534
534
534
533
533
533
533
533
532
532
532
531
532
532
532
353
353
360
371
388
390
397
402
406
409
411
413
413
416
418
419
419
423
428
425
426
426
427
428
428
430
430
431
431
432
432
433
433
433
434
435
435
435
436
437
437
437
437
437
437
438
438
438
438
439
439
439
439
439
439
440
440
440
440
440
440
440
441
441
565
565
555
549
545
545
540
538
535
534
534
533
532
531
531
530
530
529
529
529
528
528
528
528
527
527
527
527
527
527
527
526
526
526
526
526
526
527
527
527
527
527
527
527
527
527
527
527
527
527
527
527
527
527
527
527
527
528
528
528
528
528
527
527
381
381
395
402
408
412
416
419
421
424
426
427
429
431
431
434
434
435
436
436
436
437
438
438
438
439
439
439
440
440
440
441
442
442
442
442
442
442
442
442
442
442
442
443
443
442
442
442
442
442
443
443
443
443
443
443
443
443
443
443
443
443
443
443
606
606
580
571
565
560
556
552
549
547
544
543
541
540
539
538
537
536
535
534
534
533
532
532
532
532
531
531
531
531
530
530
530
529
529
529
529
529
529
529
528
528
528
528
528
528
528
528
528
529
529
529
528
528
528
529
529
529
528
528
528
529
529
529
381
381
393
400
404
409
412
415
417
421
423
423
428
428
428
430
430
433
433
434
435
436
436
437
438
438
438
442
442
440
440
440
440
441
441
441
442
442
442
442
442
442
442
442
442
443
443
443
443
443
443
443
443
443
444
443
443
443
443
443
443
443
443
443
595
595
581
574
568
566
559
556
553
551
549
548
546
546
542
541
541
540
539
538
536
536
536
535
535
534
534
534
533
533
533
532
532
532
531
531
531
531
531
531
530
530
529
530
530
530
530
530
530
530
529
530
529
529
529
530
530
530
530
530
530
530
530
530
377
377
391
395
402
406
409
414
415
415
418
420
422
423
425
427
430
430
430
431
433
433
434
434
436
436
437
437
437
438
439
439
439
440
440
440
440
441
441
441
441
441
441
441
442
442
442
442
442
442
442
442
442
442
442
442
442
442
442
442
442
442
442
442
599
599
586
578
572
568
562
559
554
553
552
550
548
547
545
544
543
543
539
539
537
536
536
536
531
531
533
533
533
533
532
531
531
530
530
530
530
530
531
530
529
529
529
529
529
528
528
528
528
528
528
528
528
528
528
528
528
528
528
528
528
528
528
528
378
378
390
396
401
404
408
411
412
415
417
419
421
423
424
426
427
428
429
432
433
434
434
434
435
436
437
438
438
438
438
439
442
442
440
440
440
441
441
441
441
441
441
441
442
442
442
441
442
442
442
442
442
442
442
443
443
443
443
442
442
442
442
442
602
602
588
580
574
569
564
560
557
554
553
549
549
549
546
545
543
540
539
539
537
537
537
536
535
534
534
532
532
532
531
531
530
530
529
529
529
529
529
529
528
528
528
528
528
528
528
528
528
528
528
528
528
528
528
528
528
528
528
528
528
528
528
528
377
377
389
393
398
403
407
410
411
413
416
418
419
422
423
425
427
430
431
431
432
433
435
436
436
436
437
437
438
438
438
439
439
440
440
440
440
441
440
441
441
441
441
441
441
441
442
442
442
442
442
442
442
442
442
442
442
443
442
442
442
442
442
442
