349
349
353
357
362
362
362
366
367
368
369
369
369
374
374
375
376
376
378
378
378
378
380
381
381
381
383
384
384
384
384
385
385
386
386
387
388
395
389
389
389
390
390
390
391
391
392
394
393
393
393
393
393
394
394
394
395
395
395
395
395
395
395
395
677
680
680
673
668
664
657
655
652
649
645
642
641
639
636
634
632
630
628
626
623
621
620
619
619
616
612
615
614
614
612
610
609
608
608
607
606
604
604
604
604
603
602
601
600
600
599
599
599
598
597
597
596
595
595
595
594
594
593
593
593
592
592
592
287
287
306
311
311
318
319
325
326
327
333
335
338
340
343
343
348
349
352
353
355
357
358
361
368
364
364
364
366
367
369
371
372
372
374
375
375
376
376
375
375
379
380
380
382
382
382
383
385
388
386
387
387
387
387
389
389
389
390
390
391
391
391
392
687
687
676
671
667
664
660
656
652
647
644
644
643
640
635
635
634
630
627
627
627
625
624
622
624
620
615
614
613
611
612
610
610
609
609
607
607
606
604
603
603
602
602
599
599
599
599
598
597
597
595
594
595
591
594
593
593
593
592
592
591
591
591
590
290
290
298
303
309
313
317
319
319
324
330
331
334
337
339
342
347
350
347
353
354
358
357
359
359
359
361
363
365
366
367
368
368
369
372
373
373
374
374
376
377
378
379
379
381
381
382
383
383
385
385
385
385
386
387
391
391
390
390
390
391
391
392
392
686
686
677
671
667
663
663
661
652
649
647
644
641
639
639
637
633
631
630
626
622
622
620
619
617
615
615
613
612
612
610
609
609
606
606
605
605
604
603
601
600
601
600
598
597
597
594
594
595
595
594
594
594
591
583
591
591
591
590
590
589
588
588
588
289
289
297
307
313
313
316
320
324
327
328
335
337
337
339
341
346
348
348
349
350
357
357
358
358
360
361
363
364
365
366
368
369
370
372
373
373
373
374
376
377
377
378
378
380
381
380
384
382
384
385
386
386
387
388
388
389
389
390
390
391
392
392
392
686
686
677
668
667
662
656
654
652
648
646
644
641
639
638
633
633
633
627
627
624
623
622
620
618
617
616
615
615
614
612
609
609
609
606
606
605
604
603
603
600
600
601
601
598
598
595
596
595
595
594
594
594
592
592
592
591
591
590
590
589
588
588
588
288
288
296
308
308
312
316
320
323
324
324
329
319
334
337
341
343
344
347
349
351
354
354
357
359
359
361
362
363
367
367
369
369
370
372
372
372
376
375
377
377
377
377
379
380
381
382
382
383
384
386
386
386
386
387
387
389
389
389
390
390
391
397
397
686
686
677
671
666
662
658
655
652
650
646
643
640
639
639
635
632
630
628
628
624
623
621
620
618
616
615
614
613
611
610
608
608
606
606
606
604
603
602
602
602
602
600
598
598
596
595
595
595
594
592
591
592
591
591
590
590
589
589
589
588
587
586
586
282
282
286
303
308
311
316
319
326
326
329
331
334
336
339
341
343
347
348
349
351
352
354
355
356
357
360
361
363
366
366
367
368
369
372
373
373
373
374
373
376
378
379
379
380
381
381
383
384
384
385
385
387
388
388
388
389
389
389
389
390
392
392
392
635
635
620
609
601
595
591
586
583
581
579
578
576
575
575
573
573
573
572
570
571
570
570
570
570
570
569
569
569
568
568
564
564
567
567
567
567
566
566
566
566
566
566
565
565
564
564
564
564
564
564
568
563
563
563
563
563
563
563
562
562
562
562
562
311
311
321
327
338
344
349
351
361
366
370
373
377
379
383
386
388
391
393
394
395
397
398
399
400
400
401
403
403
403
404
405
405
405
406
406
406
405
407
407
408
408
408
409
409
409
409
410
410
414
414
411
411
411
412
412
412
412
412
412
413
413
413
413
665
665
648
645
637
626
624
619
614
612
603
600
597
593
590
587
586
584
582
580
579
578
577
576
575
574
573
572
572
572
572
571
569
569
569
569
569
568
568
567
567
567
567
567
566
565
565
565
565
565
565
564
564
564
564
563
564
563
563
561
563
563
563
563
308
308
320
328
337
342
348
351
359
363
367
371
371
375
382
384
387
389
391
392
392
394
397
397
395
395
399
400
402
402
403
403
403
405
406
406
406
407
407
407
408
408
408
408
409
410
410
410
410
411
411
411
411
412
412
412
412
412
412
412
413
413
413
413
667
667
656
643
639
633
630
621
612
611
607
602
599
595
592
589
587
586
585
582
581
579
578
576
575
575
575
574
573
573
572
571
571
571
569
569
569
569
568
568
568
567
567
567
567
566
566
566
565
565
565
565
565
565
564
564
564
563
563
563
563
563
563
563
308
308
317
327
334
340
346
352
357
365
370
370
371
377
380
383
387
388
388
391
392
393
393
393
397
397
400
401
401
402
402
402
404
404
404
405
406
407
407
407
406
406
408
409
409
408
408
410
410
410
410
411
411
411
412
412
412
412
411
411
413
413
413
413
668
668
656
643
640
631
621
621
615
611
606
603
599
595
591
590
587
585
582
581
581
580
578
576
576
576
575
574
572
572
572
572
571
570
570
570
569
569
567
567
567
567
567
566
566
565
565
565
565
564
564
564
564
564
563
563
563
564
563
566
562
561
561
562
305
305
318
326
334
340
345
351
357
357
366
370
375
377
381
383
385
387
389
391
395
395
395
396
397
399
400
409
402
403
403
403
403
404
405
406
406
407
407
408
408
408
409
409
409
409
409
410
411
411
411
418
421
421
417
413
413
413
413
411
413
414
414
414
667
667
656
647
639
632
626
620
615
611
606
598
594
594
592
588
586
584
582
580
579
578
577
576
575
574
573
573
572
570
570
569
568
568
568
568
567
566
566
566
565
565
565
564
564
563
563
562
562
562
561
561
561
561
561
561
560
560
560
559
559
559
559
559
312
312
321
334
335
341
347
349
357
362
363
367
374
378
380
384
385
389
390
392
393
394
396
396
398
401
401
401
402
404
405
405
405
406
407
408
408
408
408
409
409
409
410
411
411
411
412
412
412
413
413
413
413
413
413
413
414
414
414
414
415
415
415
415
619
619
600
584
573
573
570
567
562
562
561
560
559
558
558
556
556
556
555
555
554
554
553
553
553
553
553
553
553
552
551
551
551
551
551
551
551
551
550
550
549
549
549
549
549
549
548
548
548
548
548
548
547
547
547
546
546
546
546
546
546
546
546
545
334
334
349
359
367
377
385
389
392
396
398
401
402
403
405
407
408
410
410
410
411
413
413
413
413
415
415
416
421
417
417
417
418
418
419
419
419
419
419
419
420
420
421
421
421
421
421
421
422
422
422
422
423
423
423
423
423
424
424
424
424
424
424
425
641
641
621
605
598
590
583
579
579
576
571
568
565
565
564
563
562
561
559
558
558
558
557
556
557
556
555
555
554
553
553
552
552
551
551
550
550
550
549
549
549
548
548
548
548
548
547
547
547
546
546
546
546
546
545
545
544
544
544
544
544
544
544
543
337
337
348
359
370
378
384
391
394
395
397
400
401
403
404
406
407
408
409
410
411
412
413
413
414
414
416
416
416
417
417
417
418
419
419
419
420
425
425
425
421
421
421
421
421
423
423
422
422
423
423
423
423
423
424
424
424
424
424
424
424
425
425
425
640
640
625
612
601
592
586
578
575
575
573
570
569
567
566
564
563
561
561
561
560
560
558
557
557
556
556
555
554
554
553
553
552
552
551
550
550
550
550
549
549
548
548
548
547
546
546
546
546
545
545
545
545
544
544
544
545
545
544
544
544
544
544
543
333
333
349
361
370
378
384
388
391
393
397
400
402
402
405
406
406
408
409
410
410
412
412
413
414
414
416
417
417
417
417
418
424
424
423
420
420
420
420
421
421
422
422
422
422
422
423
423
423
423
424
424
424
424
425
425
425
425
425
425
429
429
429
425
642
642
625
613
601
592
586
582
578
575
573
571
569
567
566
565
565
563
561
560
559
558
558
557
557
555
555
554
553
553
552
551
551
551
551
550
549
548
548
548
547
547
546
546
546
546
545
545
545
544
544
544
544
544
544
543
543
543
543
543
543
542
542
542
321
321
350
362
368
379
387
388
392
394
397
400
401
403
405
406
408
408
409
410
411
412
414
414
414
414
416
417
417
417
418
419
419
419
420
420
421
421
421
422
422
422
422
422
422
424
424
424
424
424
424
425
425
425
426
426
426
426
426
429
427
427
427
427
640
640
623
610
595
590
589
577
576
574
571
569
567
566
564
563
562
562
560
558
558
558
556
556
555
553
553
553
552
550
550
549
549
548
548
548
547
547
547
546
545
545
544
544
543
542
543
543
543
543
542
542
542
543
543
543
542
543
542
541
541
541
541
541
335
335
351
363
372
384
386
391
393
397
398
401
403
405
407
407
409
411
411
413
414
414
415
416
417
417
418
419
420
420
420
421
421
422
422
422
423
423
423
424
425
425
425
425
425
425
425
426
426
426
427
427
426
426
428
428
427
427
428
428
428
428
428
429
580
580
568
562
557
554
551
548
546
545
543
542
541
541
540
540
539
539
539
539
539
539
539
539
539
539
539
539
538
538
538
539
539
539
539
539
539
539
539
539
539
540
540
540
540
540
540
541
540
540
540
540
540
541
541
541
541
540
538
538
541
541
541
541
369
369
380
387
392
395
400
400
402
408
410
412
415
417
417
420
420
420
422
422
423
424
424
425
425
426
426
426
428
428
428
428
428
428
429
429
430
430
430
430
430
427
431
431
431
431
430
430
432
432
432
432
433
432
433
432
433
433
433
434
434
434
435
435
595
595
582
574
573
570
564
560
556
555
553
552
550
548
548
546
545
544
543
543
541
536
540
540
540
539
539
538
538
538
538
538
540
540
538
537
537
537
537
537
537
537
537
537
537
537
537
538
538
538
538
538
538
538
538
538
538
535
534
534
538
539
539
538
369
369
380
391
392
395
402
405
406
409
411
412
416
418
420
420
421
424
424
424
425
425
425
427
428
428
428
429
430
429
430
427
430
430
430
431
431
431
431
431
431
431
431
431
431
431
431
431
431
431
431
431
431
431
431
431
431
431
431
431
431
431
431
430
601
601
590
583
578
574
570
568
565
563
561
560
557
556
554
552
550
549
549
548
547
546
546
545
545
544
544
544
543
543
542
542
542
542
542
542
542
541
541
541
541
541
541
541
541
541
541
540
540
540
541
541
541
541
540
540
540
541
541
541
541
541
539
540
366
366
377
382
386
389
393
397
400
403
405
410
412
412
414
416
418
419
420
421
422
422
423
424
425
425
425
426
426
427
427
427
428
428
428
428
430
430
429
429
429
433
433
433
430
430
430
430
430
432
432
433
433
433
433
434
434
434
434
438
438
438
434
434
598
598
586
578
569
568
562
561
559
557
554
553
551
550
548
547
545
543
543
543
542
542
540
542
540
539
539
539
539
538
538
538
538
538
538
538
538
537
537
537
537
537
537
537
537
537
537
537
537
538
538
538
538
538
538
538
538
538
538
538
538
538
538
539
365
365
376
383
388
392
397
401
403
409
412
412
415
417
419
420
421
423
425
425
426
427
427
427
427
428
429
429
430
430
431
431
430
430
431
431
431
431
431
431
432
432
432
432
431
431
431
432
432
432
432
432
432
432
432
431
431
431
431
431
431
431
431
431
603
603
590
584
580
575
571
569
566
561
559
557
556
555
554
552
549
548
548
547
546
545
545
544
543
543
542
542
542
541
540
540
540
540
540
540
540
539
539
539
539
539
539
539
539
539
539
538
538
539
539
539
539
539
539
539
539
539
539
539
539
539
539
539
365
365
378
383
387
390
394
398
404
404
407
411
413
414
416
419
419
421
422
423
423
424
425
426
426
426
427
427
427
428
428
428
429
429
429
429
430
430
430
430
430
430
430
430
430
430
430
430
431
431
431
431
431
431
431
431
431
431
430
430
430
430
431
431
