368
368
371
375
375
376
380
381
382
383
384
385
385
386
387
388
389
390
396
391
392
392
392
393
400
395
395
394
391
394
396
396
397
397
398
398
399
399
399
399
399
400
400
400
401
401
401
402
402
402
402
402
403
403
404
404
404
404
405
405
405
406
406
406
663
663
655
650
645
642
638
633
633
633
627
625
623
619
617
617
613
612
611
609
608
607
605
602
602
602
600
599
597
596
595
595
593
593
593
592
590
590
589
588
587
587
587
587
586
585
583
582
582
582
582
582
582
582
581
581
580
579
579
579
578
577
577
577
318
318
323
329
334
341
342
344
346
350
353
354
357
358
362
365
365
367
367
370
373
374
375
377
378
380
381
381
382
384
384
385
386
387
388
388
389
389
390
391
392
392
392
393
394
395
396
396
396
397
397
397
398
399
399
399
399
401
401
401
402
402
402
403
660
660
654
648
644
640
635
634
632
632
628
625
623
620
618
616
613
612
609
609
609
606
605
603
602
600
599
597
596
595
594
594
593
592
592
591
590
589
588
587
586
586
585
585
584
584
583
583
582
582
582
581
580
579
579
578
578
577
577
577
577
576
576
576
316
316
327
327
328
335
338
338
341
347
348
352
354
355
356
359
362
365
367
367
371
371
372
374
375
377
377
378
380
381
382
382
382
385
385
386
387
387
389
389
391
392
392
392
393
394
394
394
395
394
396
398
398
397
397
399
400
400
401
401
401
402
402
402
664
664
653
648
644
640
637
634
627
627
625
624
623
620
618
616
615
612
610
609
606
606
604
603
600
599
599
599
597
596
596
595
593
593
591
588
588
589
589
588
586
586
586
586
584
583
583
581
581
581
580
579
577
579
578
578
577
577
577
576
576
576
576
575
314
314
321
330
330
334
337
340
340
348
348
352
353
355
357
357
359
365
365
367
368
370
372
373
374
376
376
379
379
379
381
381
383
384
385
386
387
387
388
389
389
390
391
392
392
393
393
394
395
396
396
397
397
398
398
400
400
400
400
399
401
399
402
403
661
661
653
648
644
640
638
634
632
629
626
625
624
620
618
616
614
612
611
609
608
606
604
602
601
600
597
597
597
596
596
594
593
591
589
591
589
589
588
586
586
586
586
585
584
584
583
585
582
582
580
579
579
579
578
578
577
577
576
576
575
575
575
575
314
314
319
326
330
331
335
339
342
348
348
348
352
354
356
359
360
361
369
369
369
369
371
373
374
376
378
376
380
376
380
381
384
385
385
385
385
388
389
389
390
390
391
391
393
394
394
394
395
395
396
397
397
397
399
399
401
402
402
402
402
402
402
402
661
661
653
648
645
637
634
634
632
629
627
624
622
620
618
614
614
612
611
611
608
606
604
603
602
601
600
599
597
596
596
594
593
592
591
589
589
589
588
588
585
585
584
584
583
583
582
582
583
583
579
579
578
577
577
577
577
576
576
576
576
576
575
575
313
308
313
313
325
336
336
342
343
343
347
352
352
354
356
357
360
362
363
365
367
369
371
372
373
375
376
376
379
379
380
381
382
383
384
385
386
388
389
389
389
389
390
391
392
392
393
393
394
396
396
397
397
398
398
398
400
400
400
400
401
402
402
403
616
616
603
594
587
581
577
573
571
568
567
565
564
563
562
561
561
560
560
559
558
558
558
557
557
556
556
555
555
555
555
554
554
554
554
554
550
550
552
552
552
552
552
552
551
551
547
551
550
550
550
550
550
550
550
550
549
549
549
549
549
549
549
549
331
331
340
349
356
361
367
372
376
376
380
386
389
391
401
401
401
401
403
404
405
407
410
411
411
412
413
414
414
415
415
415
416
416
418
418
418
419
420
420
420
421
421
421
421
421
422
422
422
422
423
423
423
423
423
424
424
424
424
432
424
425
424
425
642
642
632
623
617
611
606
601
597
592
589
585
582
579
576
575
572
570
569
567
566
566
563
562
562
561
561
560
559
559
558
557
557
556
556
555
555
554
554
554
553
553
553
553
552
552
552
552
552
551
551
551
551
550
547
547
550
550
550
549
549
549
549
549
339
339
340
353
357
360
365
369
377
382
382
384
387
387
389
395
397
399
401
403
403
406
407
409
410
411
412
413
414
415
415
416
417
417
418
418
418
421
420
421
421
421
421
421
423
423
422
422
423
423
423
424
424
424
424
425
425
425
425
425
425
425
425
425
645
645
634
626
620
614
608
603
595
595
591
587
586
581
577
575
573
571
570
568
567
567
564
563
562
561
561
561
560
559
558
557
557
556
556
554
554
554
554
554
553
553
553
553
552
551
551
551
551
551
551
551
551
550
550
550
550
550
550
549
549
549
549
549
330
330
337
345
359
362
371
372
372
372
381
383
387
389
392
394
397
399
400
402
402
405
407
409
410
410
411
413
414
414
415
416
416
416
410
418
419
419
419
419
419
422
422
422
422
423
423
423
424
424
424
424
425
425
426
426
426
426
425
425
426
426
427
427
644
644
640
627
619
613
609
603
598
593
587
586
582
579
576
574
572
569
567
565
564
563
562
560
559
559
556
556
556
555
555
554
554
553
552
552
552
551
551
551
550
550
550
549
548
548
548
547
547
547
547
546
546
545
546
546
546
546
545
545
545
545
545
545
336
335
335
347
357
362
366
372
376
379
384
387
392
393
395
397
400
403
405
406
413
413
412
412
413
414
415
416
417
418
419
420
420
420
421
422
422
422
423
423
423
424
424
424
425
425
426
426
426
426
427
427
427
427
427
428
428
428
428
428
429
432
429
428
644
644
633
623
619
613
608
603
597
594
590
586
582
578
575
571
570
568
566
565
564
562
560
558
555
557
556
556
555
554
554
553
553
552
551
551
551
550
550
550
549
549
549
548
548
548
548
547
547
547
547
546
546
546
546
546
546
546
546
545
545
545
545
545
332
332
342
347
356
361
366
370
375
379
383
386
389
394
396
397
399
401
403
405
407
408
414
414
413
413
414
415
415
416
418
419
426
426
425
421
422
422
422
422
423
424
424
424
425
425
425
426
426
426
426
426
427
427
427
427
428
428
428
428
428
428
429
429
603
603
585
573
564
559
556
551
549
549
548
547
547
546
545
545
545
545
544
544
543
543
543
543
543
543
542
537
541
541
541
541
541
541
541
541
540
540
540
540
540
540
539
539
539
539
539
539
539
539
538
538
538
538
538
538
538
538
538
538
538
538
538
537
352
352
364
374
383
388
393
397
401
403
407
409
412
414
416
417
418
419
420
421
422
423
423
424
424
425
425
425
426
427
427
427
428
428
428
429
430
429
429
429
429
430
430
429
429
430
433
430
430
430
430
431
431
431
431
431
431
432
432
431
431
432
432
432
625
625
609
597
587
579
573
569
566
562
560
558
556
554
553
552
551
550
550
550
548
547
547
546
546
545
544
544
544
543
543
543
542
542
542
542
541
541
541
541
541
541
541
540
540
540
540
539
539
539
539
539
539
538
538
538
538
538
538
538
538
538
537
537
349
349
362
373
380
386
392
393
397
399
402
408
409
413
414
416
417
418
420
420
421
423
423
423
429
429
426
426
426
426
427
427
428
428
428
429
429
429
429
430
430
430
430
431
431
435
431
432
432
432
432
432
432
432
432
432
433
433
432
432
433
433
433
433
625
625
610
598
588
580
575
569
566
563
561
558
557
555
553
552
552
551
550
549
547
543
546
545
545
545
544
544
544
543
543
542
542
542
541
541
540
539
539
540
540
540
539
539
539
539
539
538
538
538
538
538
538
538
538
538
537
538
537
538
538
538
538
537
351
351
361
371
380
384
392
396
400
403
406
409
411
413
415
416
417
419
420
420
421
422
423
423
424
425
426
425
426
427
427
427
428
428
429
430
430
430
430
430
431
432
432
432
432
432
432
433
433
433
433
433
433
434
433
434
434
434
434
435
436
436
434
434
625
625
610
605
587
580
576
569
565
559
558
558
556
554
553
550
550
549
548
548
546
542
545
544
544
543
542
542
542
541
541
541
540
540
539
539
539
539
539
539
539
537
537
537
537
537
537
537
536
536
536
536
536
536
536
535
535
535
535
535
535
535
535
535
349
349
361
381
384
388
394
402
405
405
408
411
413
415
416
418
419
419
423
423
423
423
424
424
425
426
426
426
427
427
427
429
429
429
429
430
430
431
431
432
432
432
433
433
433
434
434
434
434
434
434
434
435
435
435
435
435
435
435
441
435
436
436
436
630
630
608
594
587
579
573
569
566
563
560
558
556
554
552
551
550
549
548
546
545
545
545
544
543
543
542
541
541
541
540
540
539
539
539
538
538
538
538
538
538
537
537
537
536
536
536
536
536
536
536
535
535
535
535
535
535
535
535
534
534
534
534
534
349
349
356
360
382
388
398
399
403
407
409
412
414
415
417
418
418
419
421
422
423
423
424
425
426
426
427
427
428
428
429
429
429
429
430
431
431
431
432
432
432
433
433
433
434
434
434
434
434
434
433
434
435
435
435
435
435
436
436
436
436
436
436
436
569
569
558
551
547
543
541
538
536
536
536
535
534
534
533
533
532
532
532
532
532
532
532
532
531
531
531
531
531
530
530
531
532
532
532
532
532
532
532
533
533
533
533
533
533
533
533
533
534
534
533
533
533
534
534
534
534
534
534
534
534
534
535
535
375
375
387
399
400
405
411
412
414
416
418
419
421
422
424
425
426
432
432
429
429
430
431
432
432
433
434
434
435
435
436
436
436
436
437
437
438
438
438
438
438
439
439
439
439
439
440
440
440
440
440
440
440
440
440
440
441
441
441
442
442
442
442
442
589
589
576
569
562
557
553
548
546
546
544
543
542
540
540
540
539
538
537
537
536
536
535
534
533
533
532
532
531
529
530
530
530
530
530
530
529
529
529
529
529
529
529
529
529
529
529
530
530
530
530
530
529
530
530
530
530
530
530
530
531
531
531
531
376
376
389
396
402
406
410
413
416
418
420
421
423
424
426
427
429
430
431
432
433
433
434
436
436
437
437
438
439
439
439
440
440
440
440
441
441
441
442
442
442
442
442
442
442
442
443
443
443
443
444
444
444
443
443
443
443
443
443
444
444
444
443
444
591
591
579
570
561
556
552
546
545
545
543
539
537
537
536
536
534
534
534
532
531
531
531
528
528
528
527
527
526
526
526
526
525
525
524
524
524
524
524
524
524
524
524
524
522
524
522
524
524
524
524
524
524
524
524
524
524
524
525
525
525
525
526
526
381
381
395
408
411
412
412
417
420
421
425
426
428
429
431
432
433
434
435
436
437
439
439
439
440
440
440
441
441
441
441
442
442
442
442
442
443
443
443
443
444
443
443
443
443
444
444
444
444
444
444
444
444
444
444
444
444
444
444
443
443
443
444
444
591
591
578
570
561
554
550
546
544
543
539
538
536
535
534
533
531
531
530
528
527
527
527
526
524
524
523
523
523
523
522
522
519
521
521
522
522
522
522
522
522
521
521
521
521
521
521
521
521
521
521
521
521
521
521
521
522
522
522
522
522
523
523
523
382
382
396
403
409
413
416
418
423
426
426
428
431
432
432
434
435
436
437
438
439
439
440
440
440
441
442
442
442
442
443
443
443
444
444
444
444
444
444
444
444
444
445
445
445
445
445
445
445
445
445
445
445
445
445
445
445
445
445
445
445
445
445
445
590
590
577
568
561
553
548
545
541
538
537
536
534
533
532
530
530
529
528
527
526
526
524
524
523
523
497
497
516
521
521
521
520
520
520
520
520
519
519
519
519
519
519
519
519
519
519
519
519
519
519
519
519
519
520
520
520
520
520
520
520
520
520
520
384
384
399
401
403
411
419
421
423
423
429
430
431
432
434
435
436
437
438
439
440
440
441
442
442
442
442
443
443
443
444
444
444
444
444
445
445
445
445
445
445
445
445
445
445
445
446
446
446
446
446
446
446
447
447
446
446
446
446
446
446
446
446
446
