351
351
356
359
362
365
367
367
368
369
371
373
373
374
374
376
377
377
377
377
378
377
376
376
380
381
383
387
383
384
384
384
386
386
387
387
387
387
388
388
389
389
389
389
390
391
391
391
392
392
392
392
391
391
393
393
393
393
393
394
395
395
395
396
688
688
676
669
663
658
656
651
648
642
642
640
638
635
631
631
629
627
625
624
622
620
618
617
615
614
613
613
612
610
609
608
607
607
606
605
604
603
602
602
601
601
600
600
599
598
597
597
597
596
596
597
597
595
594
593
592
592
592
592
592
592
591
590
296
296
310
310
311
315
323
327
330
333
336
339
342
344
346
348
350
352
355
356
357
358
361
362
364
365
366
367
368
369
370
373
373
374
374
375
377
377
378
378
379
379
381
382
382
383
384
385
385
385
387
387
387
388
388
389
389
390
390
391
392
392
392
393
683
683
675
667
661
658
655
650
647
646
641
638
635
634
633
631
630
628
625
623
622
621
619
617
616
616
615
614
611
610
608
608
608
606
605
604
603
602
601
600
600
599
599
598
597
597
595
595
595
595
593
593
593
592
592
591
591
591
589
589
590
590
588
588
294
294
301
309
313
315
324
325
328
334
337
337
339
342
344
347
347
347
351
353
355
357
358
360
360
362
366
367
367
368
369
369
370
372
373
374
374
375
377
378
378
378
380
380
381
382
384
384
384
384
385
385
386
388
388
388
389
389
390
390
391
391
391
392
682
682
670
666
660
659
654
648
648
647
642
638
637
633
633
631
628
625
623
623
621
619
618
618
617
616
613
612
611
610
609
608
606
605
604
604
604
602
601
600
599
598
598
597
597
596
596
596
595
594
593
592
592
588
588
590
590
590
591
591
588
588
587
587
292
292
302
306
314
318
321
325
330
331
335
335
336
340
344
345
347
349
349
352
354
356
360
361
361
365
365
366
366
367
369
369
370
372
373
373
375
375
376
377
378
379
380
380
382
382
383
384
384
385
385
386
387
387
388
389
389
390
390
390
391
391
392
392
681
681
667
665
660
656
651
650
648
641
640
639
636
634
633
630
628
627
624
623
621
620
618
618
617
613
612
611
610
609
608
607
606
605
605
603
603
601
601
600
599
598
598
597
596
596
595
594
593
591
591
592
592
591
590
588
588
588
589
589
587
587
587
586
300
299
300
309
313
319
321
324
330
334
334
336
341
341
343
345
346
349
351
351
353
356
357
359
362
363
363
365
366
367
368
369
370
371
370
372
374
376
376
377
381
382
383
383
381
381
383
383
384
385
385
386
387
387
388
388
388
389
390
391
391
391
391
392
680
680
670
666
661
661
656
650
647
644
644
641
635
635
632
630
628
626
625
622
621
620
618
616
615
614
612
611
610
605
605
605
606
606
604
603
601
601
600
600
599
599
597
597
596
594
594
594
594
592
592
591
591
590
589
589
589
589
588
587
587
587
586
583
294
294
303
313
317
318
321
324
327
333
333
335
338
340
343
345
347
348
351
354
356
356
358
359
359
362
366
366
366
366
368
369
370
371
372
373
374
375
376
378
378
379
380
381
382
386
386
384
384
385
385
387
387
387
389
389
389
389
390
391
394
392
393
393
630
630
614
606
599
593
589
585
582
580
578
575
574
574
573
573
572
571
571
571
570
569
564
564
568
568
567
566
566
566
566
566
566
566
564
564
564
564
564
564
563
563
563
563
562
559
559
561
562
561
561
561
561
561
561
561
561
560
559
559
560
560
559
559
320
320
325
329
345
352
357
362
366
370
374
377
380
383
385
387
389
391
393
394
396
397
398
400
400
401
402
403
404
404
406
406
406
407
408
408
408
409
409
410
411
411
412
412
413
413
413
413
413
414
414
414
414
415
415
416
416
416
416
416
417
417
417
417
659
659
647
644
632
625
619
614
610
605
601
597
593
591
588
584
581
581
578
578
577
576
574
573
572
572
570
568
568
568
568
567
566
567
566
565
565
564
564
564
564
563
563
562
562
561
561
561
560
560
560
560
560
560
560
560
559
559
559
559
559
559
557
557
318
318
326
337
343
350
356
361
366
370
374
376
380
383
388
388
389
392
395
396
397
399
400
401
402
403
405
406
406
407
408
408
408
410
411
411
412
412
412
412
415
415
414
414
415
415
415
415
416
416
416
416
417
417
418
418
418
419
419
419
419
420
420
420
657
657
645
637
630
623
617
612
609
604
600
596
593
590
588
586
583
582
580
579
576
575
575
575
574
572
572
571
569
568
567
566
566
566
566
566
565
565
565
563
563
562
562
562
561
558
561
560
560
559
558
558
558
558
558
558
558
557
557
557
557
557
558
558
327
327
336
345
350
357
359
362
373
373
373
381
384
387
389
391
393
394
396
398
399
400
401
404
405
406
407
408
408
408
408
409
409
412
412
412
412
411
411
411
412
413
413
413
415
416
417
417
417
417
416
416
416
418
419
418
418
417
417
417
417
418
419
419
648
648
637
628
619
616
611
605
600
597
593
590
588
584
582
580
577
575
573
571
570
569
568
568
566
566
565
564
562
562
561
561
561
561
560
560
559
559
558
557
556
556
555
555
554
554
554
553
552
552
552
551
551
551
551
550
549
549
550
550
548
548
548
547
326
326
337
346
352
358
363
368
372
376
380
382
386
389
392
394
397
397
401
404
412
404
408
408
409
409
412
413
413
414
415
416
417
417
419
422
425
425
421
421
421
422
422
422
423
423
427
427
424
424
424
425
425
425
425
426
426
426
426
426
426
426
427
427
652
652
641
631
619
617
611
608
598
597
593
589
585
581
579
577
574
572
571
567
565
565
564
563
562
561
560
559
559
558
556
555
555
555
554
554
553
552
552
552
552
552
551
550
550
549
549
549
549
548
548
548
547
544
544
544
547
547
547
546
546
546
546
546
332
332
335
344
352
358
362
367
373
376
379
380
386
390
393
393
398
399
401
403
405
406
407
409
410
411
412
413
413
415
415
416
417
418
418
419
419
420
420
420
421
422
422
423
423
423
423
423
424
424
424
425
425
425
425
425
426
426
426
426
427
427
427
427
603
603
588
577
567
562
559
556
553
551
550
549
548
547
546
546
545
545
540
540
543
543
543
543
544
544
544
542
541
541
541
541
541
541
540
541
540
541
540
540
540
539
539
539
539
539
539
540
539
538
538
538
539
539
539
538
538
538
538
538
537
537
537
537
346
346
359
375
379
385
391
397
401
404
407
407
409
413
415
416
417
419
420
420
421
422
422
422
424
424
426
426
426
426
426
427
427
427
428
428
427
427
427
429
429
429
429
430
430
430
430
431
431
431
431
431
431
433
433
432
432
432
433
433
433
433
433
433
631
631
614
600
589
579
575
571
568
565
560
557
557
557
556
554
553
552
551
550
549
549
548
547
546
545
545
545
544
544
543
542
542
542
542
542
541
541
541
541
539
539
540
540
539
539
539
539
538
538
538
538
538
538
538
538
537
537
537
537
537
537
537
537
342
342
354
367
376
384
391
396
400
403
406
408
410
412
413
415
416
418
420
420
420
421
422
423
424
425
425
425
425
426
426
427
427
427
428
428
428
429
429
429
430
430
430
431
431
431
431
431
431
432
432
432
432
433
433
433
433
433
433
434
434
434
434
434
631
631
614
601
601
582
576
571
570
565
565
561
559
558
556
555
554
552
551
550
550
548
548
548
548
546
546
545
545
544
543
543
543
542
542
542
542
541
541
541
540
540
540
540
540
539
539
539
539
539
538
538
538
538
538
538
537
537
537
537
537
537
537
536
339
339
354
364
373
383
389
394
398
402
403
409
411
411
413
414
414
416
415
420
420
422
422
423
424
424
425
426
426
426
427
427
427
428
429
431
430
430
430
430
430
431
431
431
431
432
432
432
432
432
433
433
433
433
433
433
434
434
434
434
434
434
434
435
631
631
616
602
590
582
576
568
568
565
562
560
559
557
555
554
551
550
551
550
548
547
546
545
545
544
543
543
542
542
541
541
540
540
539
539
539
538
538
537
537
537
536
536
536
536
538
538
535
535
535
535
535
534
534
534
534
534
534
534
533
533
533
533
344
344
357
375
380
385
391
396
401
405
405
409
413
413
417
418
420
421
422
423
424
425
427
427
427
428
428
428
429
430
430
430
431
431
432
432
432
432
432
433
433
434
434
434
434
435
435
435
435
435
435
435
436
436
436
436
436
436
436
436
436
437
437
437
630
630
605
599
588
578
570
569
565
562
560
557
555
553
552
550
549
548
547
545
545
544
543
543
541
541
539
539
539
539
538
537
537
537
536
536
535
535
534
534
534
534
533
533
529
529
532
532
532
532
532
531
531
531
531
531
529
531
531
531
531
530
530
530
344
344
358
372
378
386
393
399
404
407
412
414
417
418
420
421
422
424
424
425
426
428
428
429
429
429
430
429
431
432
433
433
433
434
434
434
435
435
435
435
435
436
436
436
436
437
437
444
437
438
437
437
437
438
438
438
438
438
438
438
439
439
439
439
569
569
555
548
543
539
537
537
534
533
534
531
530
529
529
528
528
528
528
528
528
528
528
528
528
528
527
527
527
527
527
527
527
527
527
527
527
527
527
527
527
527
527
527
527
527
527
528
528
528
528
528
528
528
528
528
528
528
528
528
528
528
528
528
373
373
386
400
400
405
409
414
418
420
423
425
427
428
429
430
431
432
433
433
433
434
434
435
435
436
436
436
436
437
437
438
438
438
438
438
438
439
439
439
439
439
439
439
439
439
439
439
439
440
440
439
439
439
440
440
440
440
440
439
439
440
440
440
597
597
588
570
560
558
556
550
547
544
542
541
541
539
537
535
535
534
533
533
533
532
531
531
531
530
529
529
529
529
529
529
529
528
528
528
528
528
528
527
528
528
528
528
528
528
528
528
528
528
528
529
529
529
529
529
529
529
529
530
530
529
529
529
370
370
384
392
400
403
408
411
414
417
419
423
425
426
428
428
429
429
431
431
432
432
433
434
435
435
436
436
436
436
436
437
437
436
436
437
438
439
439
439
439
439
439
439
439
439
440
440
440
440
440
440
440
440
440
440
440
440
440
440
442
442
440
440
599
599
579
573
566
560
554
553
549
547
545
543
541
539
538
537
536
535
533
533
533
532
532
532
532
530
530
530
529
529
529
529
529
529
528
527
527
528
528
528
528
531
531
531
531
531
524
524
528
528
528
528
528
528
528
528
529
529
529
529
529
529
529
529
368
368
384
391
397
401
405
410
416
418
418
420
422
424
426
427
429
429
431
432
432
433
434
434
434
435
435
435
435
436
437
437
437
437
437
437
437
437
438
438
438
438
438
439
440
440
439
439
439
438
438
438
438
438
438
438
439
439
438
438
438
438
438
438
601
601
586
578
571
565
560
557
554
549
548
544
542
542
540
539
538
537
537
534
533
532
531
531
530
530
530
529
528
528
528
528
528
528
527
527
526
526
526
526
526
526
526
526
526
525
525
525
525
525
525
525
525
525
525
525
525
525
525
525
525
526
526
526
369
369
385
392
399
405
411
412
415
418
421
429
429
427
427
430
430
432
432
432
435
435
435
436
436
436
436
436
436
437
437
438
438
438
438
438
438
438
439
439
439
439
439
438
437
437
439
439
439
439
439
439
439
439
439
439
439
439
439
439
439
439
439
439
602
602
586
579
565
564
559
555
553
548
548
546
544
542
540
539
537
536
536
534
532
532
532
531
531
529
529
529
529
528
528
527
527
527
527
527
527
527
526
526
526
526
526
526
526
526
526
526
526
526
525
525
526
526
526
526
526
526
526
526
526
526
526
526
370
370
385
393
398
403
404
411
414
417
419
422
424
425
428
429
429
430
431
432
433
433
434
434
435
435
435
435
436
436
437
437
437
437
439
446
446
439
439
439
439
439
439
439
439
439
439
439
439
439
439
439
439
439
439
439
439
439
439
439
439
439
439
439
