363
363
367
369
371
373
374
378
378
378
379
380
381
383
383
384
384
385
386
387
387
389
389
389
389
390
391
391
392
392
392
394
394
394
395
395
395
395
395
396
396
397
397
397
397
398
399
399
399
400
400
400
400
402
402
402
402
402
402
403
405
405
405
404
668
668
658
654
647
645
641
638
636
631
629
626
625
622
621
618
616
615
613
611
609
608
606
605
604
603
602
601
600
600
599
599
599
597
595
595
594
593
593
592
592
591
591
590
590
589
589
589
587
587
587
586
585
584
584
584
584
584
584
582
582
582
582
582
307
307
316
324
328
330
335
338
341
345
346
347
351
354
356
359
360
361
363
364
363
369
370
371
373
373
374
376
377
379
379
379
381
382
382
384
384
385
386
387
388
389
390
390
391
392
392
392
394
393
394
394
395
395
396
398
398
398
398
398
399
399
399
400
666
666
659
652
646
640
640
638
635
632
630
627
625
623
619
618
616
615
613
612
610
609
608
606
605
603
601
600
600
600
598
598
596
596
595
594
594
593
592
591
591
589
589
588
588
588
588
588
588
586
586
586
585
583
583
583
583
583
582
582
581
581
581
581
307
307
316
321
326
330
336
337
337
338
347
347
349
350
354
355
358
359
359
363
365
368
368
370
373
371
374
375
376
376
376
378
379
381
381
383
385
384
385
386
386
387
387
389
390
390
390
392
393
393
393
395
395
395
395
395
397
398
398
398
399
399
399
399
666
666
658
651
649
643
642
638
635
629
628
629
627
624
624
621
618
615
613
613
610
608
606
606
605
603
601
601
601
599
599
599
598
595
595
594
591
591
591
591
590
590
589
589
588
587
587
586
586
586
584
584
584
583
583
582
582
581
581
581
581
580
580
580
308
308
316
321
325
328
332
335
338
344
344
345
349
351
353
356
357
360
360
361
363
365
368
370
370
370
373
373
375
375
377
377
378
379
379
381
382
384
384
384
385
388
388
388
390
391
391
392
392
392
392
393
393
395
395
395
397
398
398
402
402
399
399
399
667
667
658
653
648
641
636
636
636
633
629
627
626
625
621
619
618
615
614
612
610
609
607
606
605
604
602
601
599
595
595
595
595
595
594
594
593
593
591
590
589
588
588
588
588
587
586
585
585
585
585
584
583
582
582
581
582
581
581
580
580
580
580
578
307
307
314
319
319
325
330
337
337
340
343
345
347
352
353
354
357
358
359
362
363
366
367
367
368
371
373
371
372
372
375
376
380
380
381
381
383
384
386
386
387
387
392
392
390
390
390
391
392
392
392
394
395
395
396
395
396
397
397
398
398
399
400
400
665
665
659
654
649
644
641
638
636
634
633
631
626
624
622
620
617
616
614
612
611
609
608
606
605
601
601
601
601
599
597
596
596
595
595
594
592
592
592
590
589
587
589
585
590
585
585
585
585
585
585
582
582
582
581
581
581
580
580
580
579
579
578
578
306
306
313
319
324
330
334
334
339
340
344
344
348
350
352
354
355
358
359
361
364
364
364
367
367
370
371
372
374
374
376
377
378
379
379
381
381
383
384
385
389
387
387
387
389
390
390
392
392
392
393
393
394
395
395
397
397
397
398
399
399
399
400
400
619
619
606
596
590
585
581
577
575
574
572
570
570
568
567
566
566
566
566
565
564
564
563
562
562
561
561
561
561
560
560
559
559
559
559
558
558
558
558
557
557
557
557
557
556
556
555
555
555
555
555
554
554
555
555
554
554
554
554
554
553
553
553
553
312
312
340
345
352
360
370
370
374
378
380
385
388
389
395
395
397
399
400
401
404
404
405
407
408
409
409
410
410
411
411
411
412
413
414
414
414
414
414
414
415
416
417
417
416
416
417
417
416
416
417
417
417
418
418
419
419
419
419
419
419
419
420
420
644
644
633
625
618
611
605
603
597
594
591
587
582
582
580
576
575
573
573
573
568
568
567
565
565
564
564
563
562
562
562
562
561
560
559
558
558
558
558
558
558
558
558
557
557
556
556
556
555
556
554
554
554
555
555
554
554
554
554
554
553
553
553
553
327
327
340
346
352
360
364
368
377
378
379
383
386
393
396
396
398
399
401
402
403
405
405
406
407
408
409
409
410
411
411
412
412
412
412
414
414
415
415
415
415
416
416
416
416
417
417
417
417
418
418
418
418
418
419
419
419
419
419
419
420
421
421
420
646
646
636
626
619
613
609
602
597
592
590
588
583
581
577
576
575
573
572
571
569
568
567
566
566
564
563
563
563
562
561
561
559
559
559
559
558
557
557
557
557
556
556
555
555
555
555
554
554
554
554
554
554
554
554
553
553
553
553
552
552
552
552
552
325
325
337
344
352
357
363
368
372
377
379
384
391
391
393
395
398
400
400
404
404
404
407
407
407
409
409
411
411
411
411
411
411
412
414
414
414
415
415
415
416
416
418
418
418
418
418
418
418
418
418
419
419
421
423
421
420
420
420
424
424
420
420
420
646
646
636
627
620
613
607
600
597
593
590
586
583
578
576
578
576
572
570
569
568
567
565
564
564
563
561
560
558
558
558
558
558
558
557
556
556
555
556
555
554
554
554
554
554
553
553
553
553
552
551
551
552
552
552
551
551
551
550
550
550
550
550
550
325
325
335
345
351
357
363
368
372
376
384
384
388
391
393
395
398
401
402
403
403
406
406
409
409
409
409
411
413
413
413
412
414
415
415
415
414
415
415
417
417
419
420
420
419
419
419
420
419
420
420
420
420
420
420
420
421
421
421
421
420
420
422
425
646
646
635
627
620
613
605
599
597
593
589
585
582
579
577
575
573
571
570
569
566
565
564
562
562
561
560
559
559
559
558
558
557
557
556
556
556
555
554
553
552
553
552
552
552
552
552
551
551
551
551
551
548
550
550
550
549
549
549
548
548
548
548
548
325
325
341
345
351
358
359
368
373
380
385
385
389
390
394
397
399
400
404
404
405
407
408
409
410
412
412
412
413
413
414
414
415
415
415
416
416
416
417
417
418
418
419
423
419
419
419
419
422
422
420
420
420
421
420
420
420
420
422
422
422
422
422
422
600
600
586
585
566
563
559
557
555
552
552
552
549
549
547
547
547
547
546
546
545
545
545
544
544
544
543
540
542
540
542
542
542
542
542
542
541
541
541
539
539
539
539
540
540
540
539
539
539
535
539
538
539
539
539
539
539
539
539
538
538
538
537
537
351
351
364
375
383
391
397
399
402
405
407
409
409
409
412
413
413
415
415
415
416
417
417
418
418
418
419
419
419
420
420
421
421
421
421
422
422
422
423
423
423
424
424
424
424
424
425
425
424
424
425
425
425
426
427
430
427
434
426
426
426
426
426
426
622
622
606
595
584
580
574
571
568
566
565
564
560
559
557
557
556
555
554
553
551
551
548
548
548
548
548
547
547
547
546
546
545
544
544
544
544
544
543
543
543
542
542
541
541
542
542
542
541
541
541
541
541
541
541
540
540
540
540
540
540
540
540
540
347
347
361
371
380
395
398
398
400
403
406
407
407
409
410
410
411
414
414
414
416
416
416
416
418
417
418
419
419
419
420
420
420
421
421
421
421
421
422
422
422
422
422
423
423
423
424
424
424
424
424
424
424
424
425
425
425
425
425
426
425
426
425
426
626
626
608
597
589
582
577
574
568
568
565
563
562
561
559
558
557
556
556
554
554
553
552
551
550
550
550
549
548
547
546
546
546
546
545
545
545
545
545
544
543
543
543
543
542
542
542
542
542
541
541
541
541
541
541
541
541
540
540
540
540
541
541
540
347
347
359
370
378
386
392
392
397
403
404
406
408
410
410
411
412
414
414
415
415
415
416
417
417
418
421
421
421
421
421
421
422
422
422
422
422
422
423
424
425
425
425
424
424
424
424
425
426
426
425
425
425
426
426
426
426
426
426
426
426
428
426
427
628
628
608
597
588
582
575
572
568
566
565
563
563
559
558
555
555
554
553
552
552
550
550
549
548
547
546
545
545
545
545
544
543
543
543
542
542
542
541
541
541
540
540
540
540
540
540
540
540
539
539
539
539
539
538
538
538
538
538
538
538
538
537
537
347
347
360
371
383
388
395
399
402
402
407
409
411
412
414
414
414
415
416
417
418
418
419
419
421
420
421
420
421
422
422
422
423
423
423
423
423
424
424
424
424
424
425
425
426
428
428
426
426
427
427
427
427
427
427
427
427
427
427
428
428
428
428
428
627
627
609
598
588
581
575
572
570
566
559
559
559
559
557
556
554
554
554
553
551
550
549
549
549
548
547
546
546
545
545
545
545
544
543
543
543
543
543
542
542
542
542
541
541
541
540
540
540
540
540
539
539
539
539
539
539
540
540
539
539
537
538
536
346
346
358
367
375
384
391
395
401
407
407
407
409
409
410
412
412
413
414
415
416
417
417
418
418
419
419
419
418
420
419
420
422
422
422
422
422
422
422
422
422
423
424
424
424
424
424
425
425
425
424
423
423
425
425
425
426
425
426
427
427
427
426
427
573
573
564
557
553
550
548
545
544
543
542
541
541
540
540
540
539
539
539
538
538
538
539
538
538
538
539
539
539
539
539
539
539
540
540
539
539
539
539
539
539
540
540
540
539
539
540
540
540
538
538
540
540
540
540
539
539
540
547
547
541
541
541
540
375
375
384
389
394
398
400
404
411
411
411
411
413
413
414
415
415
416
417
418
418
418
420
420
421
422
422
422
423
424
424
424
426
426
426
426
426
426
426
426
427
428
428
428
428
429
430
430
429
429
430
430
430
431
432
431
432
432
432
432
432
432
432
432
595
595
583
575
570
565
562
559
556
555
554
553
552
550
550
549
548
547
546
546
545
544
544
543
543
542
542
541
541
541
540
540
539
539
539
539
539
539
539
539
538
538
538
538
538
538
538
538
538
538
538
538
538
538
538
537
537
537
537
537
537
537
537
537
373
373
385
390
399
402
403
403
406
407
408
410
411
413
414
414
414
416
418
418
419
420
422
422
422
423
423
424
424
424
426
426
426
426
427
428
428
428
428
430
428
430
430
430
430
430
431
433
433
432
431
431
432
433
432
432
432
433
433
433
433
434
434
433
597
597
591
571
569
564
562
562
558
557
554
551
549
548
548
546
546
545
544
543
542
542
540
540
539
538
536
537
537
537
536
536
536
536
536
535
535
535
535
534
534
534
534
535
534
534
534
534
534
534
534
534
534
534
534
534
534
534
534
534
534
534
533
533
375
375
385
390
391
400
402
405
407
408
410
410
411
414
415
417
418
418
419
419
420
420
422
422
424
424
424
425
426
426
428
427
428
428
428
428
429
429
433
433
434
434
434
434
435
437
435
435
435
436
436
435
435
436
436
436
437
437
436
436
436
436
436
436
595
595
580
572
565
560
558
556
555
549
549
548
546
544
544
542
541
540
537
536
536
536
536
535
535
533
533
532
531
531
531
530
530
530
530
529
529
529
529
529
529
531
532
532
532
529
529
528
528
528
528
527
528
528
529
529
528
528
528
528
528
529
529
529
376
376
390
396
400
403
407
410
411
413
414
416
417
418
418
421
421
423
424
424
425
425
426
427
427
428
429
429
429
430
430
430
431
431
431
432
432
432
432
432
433
434
434
434
434
434
433
434
434
434
435
434
435
435
435
435
435
435
435
435
435
435
436
436
598
598
579
573
567
562
559
554
553
551
550
548
547
546
544
543
539
539
539
539
538
538
538
535
535
534
533
533
531
531
531
531
531
530
530
530
530
529
529
529
529
528
528
528
528
528
528
528
528
528
528
528
527
527
527
527
527
527
527
528
528
527
527
527
382
382
391
398
403
409
414
414
414
416
418
419
419
420
420
422
423
424
427
427
428
429
429
430
430
431
431
431
431
432
433
436
434
434
434
433
434
435
435
435
436
435
436
436
436
436
436
436
436
436
436
436
436
436
436
436
436
436
436
437
437
437
437
440
