480
480
480
480
480
480
480
480
480
480
480
480
480
480
480
480
480
480
480
480
480
480
480
480
480
480
480
480
480
480
480
480
480
485
480
486
480
480
480
480
480
480
480
480
480
480
480
480
480
480
480
480
480
480
480
480
480
480
480
480
480
481
481
481
531
531
533
525
524
524
523
528
522
522
522
521
521
521
521
521
521
520
520
520
520
520
520
520
519
519
519
519
519
519
519
519
518
518
518
518
518
518
518
518
518
518
518
518
522
518
518
517
518
516
515
515
517
517
517
517
517
517
517
517
517
516
516
516
434
428
434
422
434
443
447
447
448
450
451
452
453
454
454
455
456
456
456
457
457
458
458
459
459
459
459
460
461
461
461
461
461
462
462
462
462
462
462
463
463
463
463
459
464
464
464
464
465
464
464
464
464
465
465
465
465
465
465
467
467
465
465
465
549
549
546
543
541
539
538
537
535
535
535
535
535
531
530
530
529
529
528
527
525
526
525
526
525
525
525
525
524
524
524
523
523
523
523
523
523
523
528
521
521
521
521
520
520
520
520
520
519
519
519
519
519
519
518
518
518
518
518
518
518
518
518
518
434
434
438
443
443
444
447
449
449
449
449
451
452
454
454
454
454
454
455
454
456
457
457
458
458
458
459
459
459
461
461
461
461
461
461
461
461
462
462
462
461
461
462
463
463
468
468
463
463
463
463
464
464
464
464
464
464
464
464
464
465
465
465
465
550
550
548
544
543
541
540
537
537
537
535
534
533
532
532
531
530
530
530
528
528
528
527
527
527
526
526
525
525
525
525
525
524
524
524
527
525
526
525
522
522
521
521
521
521
520
520
520
520
520
520
519
519
519
519
519
519
519
518
518
518
518
518
518
435
435
436
441
443
444
446
447
448
449
450
451
451
455
458
458
455
455
455
455
455
456
457
457
459
459
468
459
461
460
460
460
460
460
460
460
460
461
461
462
462
462
463
462
463
463
463
463
463
463
463
463
463
456
463
455
463
464
464
464
464
464
465
465
548
548
548
545
543
542
540
538
538
536
536
534
534
533
533
532
531
531
529
529
529
529
528
528
528
528
526
526
526
525
525
525
524
524
524
524
524
524
523
523
522
522
522
522
522
521
521
521
520
520
520
520
520
520
520
520
519
519
519
519
519
519
519
518
434
434
437
440
442
442
444
446
448
449
449
450
451
451
453
452
452
452
454
454
454
456
456
456
455
456
457
458
458
458
458
459
459
459
460
460
460
460
460
461
461
461
461
461
462
462
462
462
462
462
463
463
463
463
463
463
463
464
464
464
464
464
464
464
553
553
546
545
543
541
541
541
538
537
535
534
534
533
532
532
531
531
530
529
529
529
528
528
528
527
526
526
526
526
525
525
524
524
524
524
523
523
523
523
523
522
521
521
521
521
521
521
520
520
520
520
519
519
519
519
519
519
519
518
518
518
518
518
435
435
439
441
444
444
446
447
447
448
449
449
450
452
452
453
453
454
455
455
455
456
456
456
457
457
458
458
458
458
458
458
459
459
459
460
460
460
460
461
461
461
462
463
462
462
462
462
462
462
462
462
463
463
463
463
463
464
464
464
464
464
464
463
533
533
529
526
524
521
520
518
509
517
516
516
515
515
515
514
514
514
517
517
512
512
512
512
512
512
512
511
512
512
512
512
512
512
512
511
511
511
511
510
510
509
509
509
509
509
508
508
507
507
507
507
507
507
507
508
508
508
509
510
509
510
510
510
441
441
441
444
449
451
453
454
457
458
458
460
461
462
461
462
463
464
464
465
465
465
465
465
465
462
462
466
466
466
466
466
466
467
467
467
468
468
468
469
469
470
470
470
471
471
471
472
466
472
471
472
472
472
472
472
472
472
475
475
466
466
471
472
550
550
541
539
539
535
533
531
530
529
528
528
525
524
523
523
522
520
520
520
520
520
520
520
519
519
519
518
518
517
517
517
516
516
515
515
515
514
513
512
512
512
512
511
511
511
511
511
511
511
511
510
510
510
511
511
511
511
511
510
510
510
509
511
445
444
445
446
448
450
451
452
454
455
455
457
458
458
459
459
459
460
461
461
461
461
461
461
462
462
462
463
463
464
465
465
465
465
466
466
467
467
468
468
469
469
470
470
470
470
470
470
471
471
471
471
471
471
471
471
471
471
471
471
471
471
472
472
544
544
543
541
537
535
534
534
532
531
529
529
528
528
527
526
526
526
525
525
522
523
522
522
522
521
520
520
520
523
523
518
518
517
517
516
516
515
515
514
514
513
513
513
513
513
512
512
512
512
512
512
512
512
512
512
512
512
517
511
511
511
511
511
440
440
445
446
446
446
448
451
452
452
452
455
455
455
455
455
456
456
457
458
459
459
459
460
460
461
461
461
462
462
462
462
463
464
464
465
465
469
469
467
467
467
467
466
470
467
467
467
458
469
469
469
469
470
474
474
473
471
471
471
471
471
471
471
544
544
544
542
540
539
537
536
536
535
533
532
532
530
530
528
528
528
530
526
526
525
523
523
522
522
521
521
521
521
519
519
518
518
518
517
516
516
515
515
515
515
515
514
514
514
514
513
512
512
512
512
512
512
512
511
511
511
510
510
510
510
510
510
441
441
443
445
446
446
447
449
450
450
452
453
453
453
455
455
454
454
457
458
458
459
459
460
460
461
461
462
462
463
463
463
463
464
464
464
464
464
464
465
465
466
466
466
467
467
468
468
468
468
469
469
470
470
470
470
471
471
471
471
471
471
471
471
546
546
544
542
542
539
539
537
535
534
533
532
531
531
529
528
528
526
526
525
525
524
523
523
522
522
521
521
521
520
520
520
519
518
518
518
517
517
516
516
516
515
515
514
514
514
513
513
517
517
512
512
512
512
511
511
511
511
511
511
511
511
510
510
439
439
443
445
445
448
449
449
450
450
451
452
453
454
454
454
455
456
457
457
458
458
458
459
459
460
460
461
461
461
461
462
462
463
463
464
464
464
464
465
465
466
466
466
467
467
468
468
468
468
469
469
470
470
470
470
470
470
470
470
471
471
471
472
537
537
532
532
528
523
521
520
518
516
514
513
512
511
510
510
510
510
509
508
506
506
508
508
508
507
507
507
508
508
507
507
507
507
507
507
507
507
506
506
506
508
508
508
508
507
507
507
507
508
508
507
507
506
506
506
507
508
508
507
507
506
506
506
443
443
448
451
454
458
458
458
460
461
461
463
465
466
466
451
451
469
470
471
471
471
471
471
471
472
473
473
474
474
474
474
474
474
474
474
474
474
474
465
465
475
475
475
475
476
476
476
476
476
476
476
476
478
477
477
476
476
476
476
477
477
477
477
541
541
538
533
530
528
528
526
525
522
520
520
518
517
517
516
516
515
514
514
512
510
510
511
511
511
510
508
497
508
508
508
508
500
500
507
507
507
507
507
507
507
507
507
506
506
506
506
507
507
506
505
505
505
506
506
507
509
509
506
506
506
506
507
457
449
453
453
455
455
456
456
459
463
464
464
464
465
465
466
467
467
468
469
469
469
469
470
471
472
472
472
472
472
472
472
474
474
474
464
464
474
474
475
475
475
475
475
475
475
475
475
476
476
476
477
477
477
476
476
476
477
477
477
477
476
476
476
537
537
537
534
533
531
529
529
527
527
522
521
520
519
518
517
515
514
514
513
513
513
512
512
510
510
509
509
509
508
508
508
507
507
507
507
507
507
506
506
506
506
506
506
506
506
506
506
506
505
505
506
506
506
506
506
506
506
506
506
506
506
506
506
445
445
448
449
452
454
456
458
459
460
461
462
463
463
464
466
467
467
467
468
469
469
470
470
470
470
471
471
471
472
472
472
472
473
473
473
473
474
474
477
478
478
475
475
475
475
475
475
475
476
476
476
476
476
476
476
476
476
476
476
476
476
476
476
541
547
541
536
533
529
529
526
525
524
523
522
520
519
518
518
515
515
515
514
513
512
511
511
511
510
510
510
509
509
508
507
507
507
507
507
507
507
506
507
506
507
506
506
506
506
506
506
506
506
506
506
505
505
505
505
506
506
506
506
505
505
505
506
445
445
449
452
455
456
457
458
459
461
462
464
465
465
465
466
467
467
468
468
469
469
469
469
470
473
473
472
472
473
473
473
473
473
473
474
474
474
474
474
475
475
475
475
475
475
475
475
476
476
476
476
476
476
476
476
476
475
475
475
475
475
475
475
544
544
541
538
536
534
531
530
528
526
525
523
522
521
520
520
519
518
518
516
515
514
514
513
512
512
512
512
510
507
507
507
508
511
512
512
511
509
508
508
509
509
511
505
508
507
507
507
508
511
511
511
510
508
508
508
509
510
511
511
509
508
508
508
436
436
441
446
449
452
452
452
452
453
456
458
460
460
461
461
461
461
462
464
465
465
465
465
465
466
467
468
468
469
468
468
468
469
469
470
471
471
471
471
471
471
471
472
472
472
472
472
472
473
473
473
473
473
473
472
472
472
472
472
473
472
473
472
535
535
527
524
516
515
516
517
517
512
510
509
508
508
509
509
510
510
510
510
510
510
510
510
510
510
510
510
510
510
511
511
511
511
511
511
511
511
511
511
511
512
512
512
512
512
512
512
512
512
512
512
512
512
512
512
512
512
513
513
513
512
512
513
440
440
447
452
458
460
465
468
470
473
477
475
475
475
476
477
477
477
477
478
478
478
478
478
478
478
478
478
478
478
478
478
479
478
478
478
478
478
478
478
479
478
478
478
478
478
478
478
478
478
480
480
478
478
478
478
477
477
478
478
480
478
478
478
535
535
529
526
521
519
519
514
512
512
511
508
507
507
507
506
506
506
506
506
506
506
506
506
506
506
506
506
506
506
506
506
506
507
507
507
507
508
507
508
508
508
508
508
508
508
508
508
508
507
507
507
508
508
508
508
508
508
508
509
508
508
507
507
449
449
449
455
463
467
472
473
473
475
476
477
477
479
479
479
480
480
481
481
481
481
481
481
481
482
482
482
482
481
481
482
482
482
482
482
482
482
482
482
482
482
482
482
482
482
482
482
482
481
481
481
481
482
482
482
481
481
482
482
482
481
481
481
527
527
525
521
515
512
512
510
508
508
508
506
505
505
504
504
504
504
504
503
503
503
503
503
503
503
502
494
494
504
504
504
504
504
504
504
505
504
505
505
505
504
504
505
510
510
506
505
505
505
505
505
505
505
505
506
506
506
505
505
505
505
505
505
454
454
460
464
471
472
471
473
477
479
480
480
480
481
482
482
483
483
484
484
484
484
484
484
484
485
485
485
485
485
485
480
485
485
485
485
485
485
486
486
486
486
486
486
485
485
485
486
485
485
485
485
485
485
485
486
485
486
484
484
484
485
485
484
526
526
522
521
518
516
513
512
512
512
507
507
506
506
505
504
504
504
505
504
505
505
505
505
505
505
506
506
504
504
505
506
506
506
505
506
505
506
506
506
506
506
506
505
505
506
506
507
506
507
506
507
507
507
507
507
507
507
507
507
507
507
507
508
449
449
457
460
467
468
473
473
476
477
479
479
480
481
482
482
482
482
483
483
483
483
484
483
484
484
484
484
484
483
484
484
484
484
484
484
484
484
483
483
482
484
484
484
484
484
484
484
484
484
484
484
484
485
484
483
483
483
484
484
484
484
483
483
525
525
522
519
516
510
510
509
507
506
506
505
504
504
504
503
503
503
502
502
502
502
503
503
503
503
503
503
503
503
503
503
503
503
503
503
503
504
504
503
503
503
503
504
503
504
504
504
504
504
504
505
505
505
504
504
504
504
504
504
504
506
506
505
458
458
459
466
467
466
475
473
481
477
481
479
483
481
483
482
484
482
485
483
485
483
485
485
485
485
485
485
485
484
485
489
489
484
483
483
484
484
484
484
484
484
484
484
484
484
483
483
483
483
483
483
483
483
483
483
483
483
482
482
481
481
482
482
