376
376
376
379
381
384
386
387
387
387
389
393
394
394
395
395
395
397
397
397
398
401
401
401
401
403
404
404
405
405
407
407
407
405
407
402
407
408
409
409
409
412
412
412
412
412
410
410
413
414
414
413
413
413
413
417
417
416
416
416
417
417
417
413
661
661
652
646
640
633
631
629
628
619
619
619
617
614
613
611
610
607
606
603
603
597
597
597
597
593
593
593
589
588
589
588
588
587
585
585
584
582
582
579
579
579
580
580
580
578
579
578
579
578
577
576
576
575
575
574
574
574
574
572
571
571
571
570
320
320
323
332
338
340
346
351
351
351
357
359
363
367
370
371
371
372
373
378
378
379
380
380
381
382
382
385
385
387
391
391
391
391
392
396
396
397
397
397
401
402
402
402
401
402
401
402
405
406
407
407
407
407
409
409
410
409
410
412
412
412
412
412
660
660
644
643
638
635
633
630
627
620
617
617
617
614
614
610
610
610
606
604
601
600
598
598
597
594
593
593
591
591
590
590
588
588
588
582
582
584
584
583
581
580
580
580
580
580
578
577
576
577
571
572
572
573
573
572
571
572
572
575
575
574
571
574
317
317
324
328
335
338
341
343
345
352
353
354
358
360
363
365
369
371
371
373
376
376
375
373
375
376
382
383
384
385
388
389
390
393
393
395
395
395
396
396
396
399
399
399
399
402
403
403
404
405
412
412
408
408
408
408
408
411
413
411
410
410
413
413
660
660
652
643
642
635
633
633
630
626
623
620
614
614
610
610
608
606
604
603
601
601
599
598
594
594
593
593
593
595
590
588
588
588
586
585
586
585
584
580
578
579
577
579
577
577
576
575
575
574
575
574
576
572
571
571
571
569
569
569
570
570
568
568
315
315
323
329
334
337
339
343
348
351
351
351
354
355
357
365
369
370
373
373
374
377
377
377
379
380
380
380
382
384
386
389
390
390
391
393
393
393
393
394
395
400
400
399
399
399
403
403
405
404
407
406
406
406
409
409
409
409
408
407
407
412
413
413
656
656
653
645
639
635
634
628
626
626
625
619
617
613
610
607
607
606
605
604
603
600
600
599
593
593
593
593
591
591
589
589
586
586
585
586
583
583
580
580
580
579
579
579
582
582
576
576
575
572
570
570
569
570
570
571
571
571
566
570
566
569
567
567
317
317
323
330
333
337
336
340
336
345
350
353
354
358
359
361
365
365
370
371
372
379
379
379
379
379
380
380
382
384
387
387
389
389
390
390
393
393
393
397
398
398
400
401
401
400
400
401
405
405
405
406
407
407
410
410
411
410
410
410
410
411
409
412
656
656
651
645
639
638
638
634
627
624
623
619
617
616
612
612
613
613
605
603
601
599
598
597
597
596
594
594
591
591
591
587
586
587
586
584
579
579
583
583
582
580
578
578
577
579
578
578
575
574
573
573
573
572
571
569
569
569
570
569
567
567
566
566
320
317
320
328
333
336
339
345
346
349
350
355
356
356
361
361
365
356
365
368
371
375
377
377
379
381
382
382
384
384
388
388
387
387
389
391
393
394
396
399
399
399
397
401
401
401
401
402
405
402
402
402
406
407
408
408
408
408
410
410
411
410
412
413
610
610
602
587
585
575
575
564
564
559
559
559
558
557
557
556
556
556
556
554
553
552
551
551
551
550
550
552
552
550
548
547
547
550
550
550
547
547
547
544
544
546
547
546
545
544
544
545
546
545
545
545
545
544
545
544
544
544
544
544
544
544
544
542
337
337
350
354
360
364
368
380
383
389
391
395
398
398
403
406
408
411
413
414
416
419
416
419
419
420
423
423
423
423
424
426
424
426
423
426
426
426
429
429
429
428
427
427
428
430
430
430
427
427
429
429
429
427
427
427
430
428
429
428
429
429
430
431
627
627
626
613
603
601
598
591
589
586
581
575
573
572
567
566
562
560
562
559
559
558
557
556
555
555
555
553
552
550
552
552
552
548
546
546
548
549
550
549
548
548
548
548
548
545
548
545
545
544
544
542
542
544
545
545
545
545
544
544
544
544
543
543
335
335
342
350
353
363
370
374
377
384
390
392
396
399
400
403
407
409
410
412
411
413
421
424
421
420
418
418
419
422
427
426
426
426
425
424
423
423
426
426
427
427
427
428
428
428
428
428
428
425
425
425
427
425
428
427
428
427
429
429
429
428
428
430
641
641
634
621
614
603
600
591
589
585
582
580
574
570
566
568
566
561
561
560
558
558
557
553
553
553
552
549
549
552
553
553
552
550
550
549
548
549
548
543
543
548
549
549
556
548
547
544
544
543
544
544
544
544
544
545
545
545
549
549
544
544
544
545
335
335
337
350
354
362
371
372
377
382
390
391
395
395
401
402
407
409
410
411
415
417
417
417
419
421
425
424
424
421
420
421
420
423
421
423
423
428
423
428
426
427
426
425
425
427
427
428
427
429
429
431
429
429
427
427
429
429
429
431
429
429
429
430
641
641
630
619
614
609
601
595
589
589
577
576
574
572
572
570
563
563
562
561
559
558
556
555
555
555
548
547
547
551
551
551
550
549
548
548
549
549
547
547
549
549
547
547
545
545
542
545
544
544
544
543
545
547
547
547
547
546
542
540
542
542
542
542
333
333
341
349
353
362
366
370
377
381
387
388
395
395
403
403
404
409
409
411
412
415
415
417
418
417
417
417
416
420
420
420
425
423
423
422
422
421
424
424
424
424
425
429
429
426
426
426
427
428
428
425
425
426
428
426
433
432
432
432
426
426
428
428
644
644
632
624
619
607
604
599
590
590
580
579
574
572
572
566
566
563
560
560
559
557
556
556
555
555
552
552
553
553
551
550
550
550
549
550
549
548
548
547
547
547
547
547
544
544
547
547
547
545
545
545
544
542
542
542
542
545
542
542
542
542
542
543
334
334
344
354
354
361
366
372
376
380
385
385
391
396
399
400
405
407
408
410
411
413
414
414
415
415
418
418
418
419
419
421
418
422
422
423
423
425
423
423
423
424
424
424
423
425
426
428
428
428
428
427
426
426
427
427
428
428
429
429
429
428
428
428
598
598
579
567
558
558
552
550
549
547
543
542
542
539
539
540
540
540
539
539
536
536
536
536
536
538
538
534
534
534
533
531
533
533
533
534
531
531
531
531
532
531
531
531
531
531
530
530
530
531
531
530
529
529
529
529
529
528
528
528
528
528
528
530
357
357
361
377
388
397
402
407
411
413
413
416
417
417
419
419
419
418
421
422
426
426
424
424
425
426
425
426
426
430
430
429
429
431
431
430
429
429
429
429
429
429
430
429
425
425
427
430
430
430
430
427
427
431
431
428
428
430
431
431
430
422
422
432
617
617
602
589
581
573
566
563
560
559
557
553
553
553
551
547
545
545
544
545
544
545
545
545
542
540
540
539
539
541
541
537
537
537
538
537
537
537
535
535
536
536
536
532
532
532
532
533
533
534
535
535
532
532
530
530
533
533
531
531
530
527
530
530
354
354
364
375
386
392
404
405
406
410
413
415
416
416
418
419
418
418
418
420
420
423
423
423
423
423
427
427
426
426
425
423
423
426
426
426
427
430
430
430
430
432
432
432
433
434
433
432
430
432
434
436
436
435
435
430
429
429
433
433
434
434
435
437
608
608
593
576
567
564
559
557
556
554
548
546
545
544
541
540
537
533
530
532
530
531
529
529
529
527
527
528
530
530
527
527
527
526
524
524
525
525
525
523
521
521
522
522
522
521
521
521
521
520
519
519
520
520
519
516
518
518
518
518
516
516
516
518
369
369
380
391
396
403
404
417
421
424
423
424
428
429
429
432
430
430
430
433
433
436
436
436
437
436
439
436
442
437
437
437
439
441
441
439
439
440
440
440
440
440
440
439
438
438
439
439
439
439
440
441
443
443
443
442
444
444
444
442
442
442
445
445
613
613
596
583
572
563
554
550
550
544
540
539
539
537
537
535
534
532
532
532
532
531
532
530
525
525
528
528
528
526
527
527
527
525
523
523
523
523
519
519
519
519
521
521
521
520
518
517
517
521
521
518
518
519
519
519
519
519
518
518
518
517
517
517
364
364
375
387
392
394
404
412
417
422
422
422
427
427
429
432
432
433
436
436
435
432
432
428
428
435
435
436
436
436
435
435
436
436
437
435
437
437
437
437
439
439
440
440
440
440
440
438
439
439
440
440
440
438
439
439
440
440
438
438
439
440
440
437
617
617
597
583
575
563
557
548
548
548
544
543
541
539
538
535
535
533
533
535
535
534
531
531
531
531
529
527
522
524
522
524
524
524
525
525
525
524
526
523
523
520
520
520
522
522
522
520
519
519
520
522
521
521
521
526
526
523
521
521
521
521
517
517
367
367
377
386
393
397
401
408
415
418
420
425
426
429
429
431
432
431
432
429
433
433
434
436
436
436
436
436
433
433
437
437
437
440
440
438
438
439
439
438
438
438
441
438
439
438
438
438
439
440
441
443
443
443
440
440
442
442
441
441
440
440
442
442
553
553
545
537
534
529
525
525
521
521
521
521
517
517
518
518
517
517
516
518
516
516
516
517
517
516
516
516
517
516
517
516
516
516
514
518
514
515
511
515
511
516
516
518
517
517
517
516
517
516
516
516
516
516
517
517
517
516
516
516
516
516
516
520
383
383
404
413
416
420
422
427
429
429
429
429
432
432
432
429
429
429
434
435
435
435
436
441
439
439
438
437
437
436
436
439
439
439
440
440
440
445
445
443
442
442
441
441
443
443
441
441
442
448
448
445
443
443
443
443
442
442
440
441
434
441
442
444
587
587
567
552
549
542
542
542
541
534
533
533
531
530
528
528
530
530
526
519
519
519
519
519
520
521
521
520
519
519
519
519
519
519
518
518
517
517
517
517
517
517
515
517
521
521
520
515
515
515
516
517
516
506
506
516
518
517
518
518
518
518
518
519
381
381
399
409
410
419
420
420
420
423
427
428
431
431
433
433
430
430
434
437
437
437
438
438
435
435
434
434
438
440
440
439
439
439
439
439
440
440
440
438
442
442
443
443
443
443
441
441
441
442
442
442
442
442
441
439
438
438
442
442
443
443
444
444
575
575
567
558
553
545
543
541
540
538
534
532
531
531
529
528
528
526
524
523
523
522
522
521
521
520
521
520
525
521
521
521
518
518
518
518
518
517
517
516
516
518
518
517
516
517
516
518
516
517
516
516
515
515
515
516
516
516
517
517
517
516
516
516
382
382
398
409
415
415
419
423
424
424
432
432
432
433
431
433
437
437
436
434
436
435
437
437
438
438
438
439
440
440
440
441
442
441
441
441
443
443
442
441
441
443
443
441
440
440
441
441
443
443
443
443
442
443
442
443
442
444
444
444
443
443
443
443
581
581
567
558
555
544
543
541
537
536
536
535
529
529
530
530
530
526
526
524
520
520
521
521
522
522
519
518
517
517
518
519
519
518
518
518
517
517
517
517
518
518
518
518
518
516
513
516
516
518
518
517
517
517
516
516
514
516
515
516
517
521
520
520
382
382
393
415
416
418
419
423
425
428
430
433
433
434
434
434
435
435
437
435
437
437
438
438
438
438
437
440
440
443
443
443
442
444
445
445
444
443
444
448
448
444
444
444
444
444
444
444
444
445
445
445
445
448
444
445
444
444
444
446
447
447
445
444
584
584
572
554
551
543
542
542
533
533
534
534
530
530
528
528
528
528
526
522
521
522
519
519
514
514
521
521
516
516
517
518
517
518
513
518
516
518
518
518
516
516
516
516
516
516
516
514
514
514
516
516
516
516
518
518
516
515
510
510
514
515
515
515
381
381
402
409
416
421
422
423
425
429
429
429
429
429
432
436
436
436
435
435
437
437
438
443
443
441
441
441
441
438
442
441
441
441
441
443
441
441
437
441
443
443
443
443
443
444
446
446
446
444
444
444
446
449
446
444
444
444
444
444
444
445
446
445
