479
479
479
480
480
480
480
480
480
480
480
480
481
481
481
480
482
480
480
480
480
480
480
482
480
480
480
480
480
479
480
480
480
480
480
480
480
480
479
480
479
480
479
480
480
480
480
480
481
479
481
480
480
478
478
480
480
480
480
481
482
482
480
479
519
530
533
533
532
530
530
530
528
530
529
529
529
528
527
527
527
527
527
527
526
527
527
527
528
526
526
526
526
524
524
524
526
526
526
526
525
525
525
525
525
525
525
525
524
524
524
524
524
524
524
524
524
523
523
523
523
523
524
534
524
524
524
524
420
420
425
426
431
432
433
436
439
439
439
441
441
442
442
442
442
445
445
445
448
448
448
448
450
450
451
450
450
450
450
450
454
454
455
455
457
455
455
455
456
456
456
456
457
457
458
458
456
456
458
458
459
459
459
459
459
459
459
458
459
458
460
460
560
560
556
551
551
546
546
546
545
543
543
545
545
539
538
538
537
537
538
538
536
535
534
532
532
532
532
532
532
541
531
531
531
531
531
528
528
529
529
528
528
528
529
527
525
525
527
527
527
527
526
526
523
523
524
526
526
526
525
525
525
525
525
525
423
423
423
428
432
436
437
437
438
439
441
441
443
444
446
446
446
446
446
446
448
449
449
449
450
451
451
451
451
453
453
453
453
453
453
453
455
455
456
456
456
456
456
456
456
457
458
457
457
457
458
459
459
459
459
459
458
459
460
460
457
457
459
460
560
560
558
558
553
553
551
549
547
544
543
543
543
541
541
540
541
538
538
537
536
535
534
535
534
534
533
533
534
534
532
532
531
531
531
531
531
532
532
530
529
528
528
529
529
529
528
528
527
528
527
528
527
528
527
527
526
526
525
525
525
526
526
526
421
421
424
429
429
433
433
434
435
435
440
442
443
447
447
446
446
446
446
446
447
448
448
448
448
448
448
449
450
450
450
451
453
455
453
455
454
454
454
455
455
455
456
454
456
454
455
455
455
457
456
457
458
458
456
456
459
459
459
459
458
458
459
459
561
561
559
555
553
549
549
549
547
547
544
543
542
542
541
540
539
539
538
537
537
537
536
536
535
534
533
533
533
533
533
533
533
533
531
531
531
531
531
529
528
528
530
530
529
529
529
528
528
528
528
526
526
525
527
527
527
526
526
531
531
526
526
526
424
424
425
429
432
434
435
436
436
439
440
440
442
442
442
444
444
446
446
446
448
448
448
450
450
450
450
450
451
451
451
452
452
454
454
454
454
454
455
455
455
453
453
453
456
456
456
457
457
457
457
458
458
458
458
458
459
459
459
460
460
460
460
459
560
560
556
554
553
550
549
547
546
545
544
544
542
542
541
540
540
539
538
538
538
537
536
536
536
535
535
535
535
534
534
533
533
533
533
533
532
532
532
532
533
532
531
530
529
529
529
529
529
529
528
528
528
528
527
525
527
527
527
526
526
526
526
526
422
415
422
428
429
434
434
434
437
438
439
440
440
441
442
444
444
444
445
446
446
447
448
448
448
449
449
450
446
449
449
450
451
450
452
452
453
453
453
453
452
453
454
455
455
455
454
454
456
456
456
457
457
458
458
458
457
457
459
459
460
459
459
459
538
538
536
531
530
529
527
525
525
522
522
522
522
521
520
521
520
520
519
518
519
519
519
519
519
519
519
518
518
518
517
518
517
515
515
517
517
517
517
516
516
516
515
515
514
514
513
515
515
515
515
515
515
513
515
513
514
514
514
514
514
514
513
515
425
425
432
432
437
441
442
443
445
446
448
448
449
450
450
453
453
455
456
456
457
458
457
460
458
460
460
461
461
461
462
462
463
464
464
463
463
465
468
465
466
466
466
467
468
467
466
466
466
466
468
466
469
469
470
470
470
470
471
471
469
469
482
482
551
551
550
548
543
543
543
541
539
538
538
536
535
535
534
533
531
530
531
530
529
528
527
527
527
526
526
525
523
522
522
522
523
522
522
522
521
521
521
522
519
520
519
519
517
518
518
518
519
519
518
517
517
516
515
514
514
516
516
516
516
516
516
516
425
425
431
433
435
438
440
442
442
443
444
446
447
447
449
450
452
452
452
454
454
454
455
454
456
457
458
458
459
459
459
459
459
461
460
463
462
464
464
465
466
466
466
465
465
466
467
467
468
469
469
469
469
470
470
470
470
470
470
468
468
468
470
471
553
553
552
549
546
546
543
542
540
540
538
537
537
536
534
536
532
532
531
531
515
529
529
529
529
529
529
528
526
525
525
525
525
524
523
523
523
522
521
521
521
521
521
520
519
519
519
518
518
516
515
515
515
517
517
517
517
516
513
513
515
515
515
515
435
429
429
433
436
438
439
439
442
443
443
444
446
447
448
450
450
450
451
452
454
454
454
455
456
456
457
458
458
458
458
459
461
459
461
461
461
463
463
463
464
465
464
465
464
466
465
466
467
468
468
468
469
467
470
468
468
468
469
470
470
471
471
472
555
555
551
550
548
547
545
544
542
542
541
540
539
537
535
535
534
533
533
532
532
531
530
529
529
529
528
527
526
526
526
525
525
524
524
524
522
522
522
522
521
521
520
520
520
521
521
519
518
517
517
517
517
515
514
515
515
515
515
515
514
514
513
514
427
427
432
436
437
437
438
439
440
442
443
446
448
448
448
448
450
450
450
450
450
451
453
454
454
455
456
456
459
456
459
456
460
460
460
461
461
462
461
462
462
464
464
464
464
465
465
466
466
467
467
467
464
468
467
469
467
469
470
470
470
470
471
470
551
551
551
548
548
548
545
543
543
540
540
539
537
537
536
535
534
534
534
533
532
532
531
532
531
530
528
528
527
527
527
526
524
524
524
522
521
521
521
521
521
521
520
519
519
518
519
516
516
516
516
516
516
516
516
516
517
517
516
515
515
515
515
515
427
427
429
433
433
436
436
439
441
442
444
446
447
449
449
449
449
450
451
452
452
454
456
454
456
454
456
456
457
457
457
459
459
459
460
461
462
462
462
461
463
462
464
465
465
465
466
466
466
467
466
468
467
467
467
469
470
472
472
471
471
470
471
471
546
554
546
537
535
530
528
526
524
522
517
517
517
516
515
515
515
517
517
514
511
511
512
512
512
511
511
511
511
511
511
511
511
511
511
510
510
510
510
510
510
506
506
510
512
510
510
510
510
510
510
508
507
507
505
509
509
510
510
510
509
509
511
511
435
435
435
442
444
449
451
451
449
449
459
461
462
462
464
465
466
466
468
468
468
468
469
471
471
471
472
472
472
471
471
473
473
473
473
474
474
473
472
472
475
475
475
474
474
474
474
473
473
475
475
475
474
474
475
475
474
474
476
476
474
474
474
475
548
548
544
542
540
535
534
533
533
532
527
526
526
524
522
522
522
521
519
517
517
516
516
516
515
515
514
513
513
513
513
511
511
512
513
513
510
510
511
511
509
509
510
510
510
510
509
510
509
509
509
509
510
509
509
509
510
510
510
510
510
510
510
510
431
431
436
442
445
445
450
454
454
454
455
458
462
462
462
463
464
465
465
465
465
469
469
469
469
470
470
470
472
473
472
472
472
472
473
472
472
472
475
475
474
474
473
473
475
475
473
473
473
474
474
474
474
474
473
472
473
474
475
475
475
474
474
474
548
548
542
539
537
534
534
531
530
530
528
527
524
524
524
523
521
520
519
518
518
516
516
516
514
513
514
514
514
514
511
513
513
513
511
511
511
511
509
509
510
510
509
509
510
510
509
509
509
511
511
510
510
510
510
510
509
509
510
510
509
508
508
509
434
433
434
442
444
447
450
451
451
454
459
459
459
459
462
463
463
463
462
462
462
462
468
469
469
469
471
471
472
472
472
472
472
472
473
475
476
476
473
473
473
474
474
473
469
473
474
474
474
474
474
474
474
474
474
474
478
478
475
474
474
474
474
474
547
547
545
542
540
534
534
533
531
527
526
526
526
525
521
521
521
520
519
517
517
517
517
516
514
514
513
512
512
512
512
512
512
511
511
511
510
510
511
511
511
510
510
511
511
509
509
510
510
510
510
509
510
509
509
509
509
510
509
510
509
507
507
508
436
436
437
440
445
447
447
451
454
456
456
457
459
461
461
461
465
465
465
465
465
466
466
468
468
470
470
471
470
471
471
471
471
471
473
473
473
473
473
473
473
473
473
474
474
474
473
474
474
474
474
473
473
474
474
474
474
474
474
474
474
474
475
474
548
548
546
542
538
537
534
533
529
529
529
527
525
522
522
522
521
518
518
518
518
516
515
515
515
513
512
512
512
512
512
512
512
511
509
508
508
510
510
510
510
510
510
509
509
510
510
509
509
509
510
510
508
508
509
509
509
509
509
509
509
509
509
510
432
432
437
441
441
447
451
452
453
456
459
459
459
462
462
463
464
464
466
466
466
467
469
470
472
470
470
470
472
472
472
472
472
472
472
472
472
472
473
473
473
473
473
473
473
473
474
474
474
473
473
474
474
472
472
474
474
474
474
474
474
474
474
474
533
533
533
532
516
515
512
512
516
516
510
509
509
507
509
508
509
510
510
510
510
510
510
509
509
509
510
511
512
512
512
511
511
510
510
510
512
512
512
512
514
514
519
512
512
512
512
512
512
512
513
513
513
513
513
515
511
513
513
514
514
515
515
513
428
428
444
452
458
461
466
469
470
473
473
473
476
476
475
475
475
475
475
476
475
477
475
475
475
474
475
475
476
476
476
476
475
475
475
475
475
475
475
475
475
475
474
474
474
474
472
494
473
474
474
474
473
473
473
472
472
471
472
472
472
472
473
473
543
543
534
528
524
520
517
515
513
511
510
507
509
508
508
508
508
508
508
507
507
506
506
506
508
509
509
516
509
507
507
507
507
508
508
508
509
510
510
510
509
509
509
508
509
510
510
510
510
510
510
510
510
509
509
511
511
511
512
512
511
511
511
511
441
441
453
462
463
463
465
470
470
471
471
471
471
472
474
474
475
476
476
476
475
475
475
475
475
475
475
475
477
477
475
474
474
474
475
474
475
474
476
475
475
475
474
474
473
473
475
475
474
474
473
473
473
473
473
473
473
473
473
473
473
473
473
473
542
542
535
531
531
525
517
513
510
510
509
509
509
508
508
508
508
507
507
505
505
505
507
507
507
507
506
506
506
506
506
506
507
507
507
508
508
507
507
507
507
507
508
509
509
508
508
508
508
506
506
507
508
509
509
509
510
509
510
509
509
509
509
509
437
437
449
459
459
464
466
468
471
472
472
472
473
473
475
474
474
474
474
475
474
474
474
475
475
476
475
475
475
473
473
474
475
474
475
475
475
475
475
475
475
474
473
473
473
474
474
474
473
473
473
473
473
472
473
473
473
473
472
472
472
470
470
471
541
541
533
528
522
520
517
515
514
512
512
511
511
509
508
508
508
506
508
508
508
508
508
507
507
507
507
507
507
508
509
509
509
508
508
508
508
508
507
508
509
509
509
509
509
509
509
508
509
508
509
509
510
511
511
510
510
509
509
509
510
509
511
509
445
445
447
455
457
463
463
460
460
471
473
474
474
474
474
474
473
473
475
476
476
476
476
477
476
476
476
476
476
476
476
477
477
477
476
476
476
476
476
476
475
475
476
476
476
476
476
474
474
474
475
476
476
476
476
476
476
476
475
474
474
474
474
475
536
536
528
526
520
517
516
515
513
511
511
510
508
508
505
508
507
508
508
508
509
507
507
506
507
507
507
507
507
508
507
508
507
508
507
508
507
508
509
509
509
509
508
509
508
509
507
510
509
510
509
510
510
510
510
509
510
507
510
510
510
510
510
510
442
442
449
453
458
463
466
471
471
471
472
472
473
474
474
474
474
474
474
475
476
475
475
475
474
475
475
475
475
476
477
476
475
475
476
476
474
474
474
474
475
475
475
475
474
473
474
473
473
473
474
474
474
474
473
473
473
472
472
473
473
474
474
474
