480
480
470
480
466
448
448
480
480
480
480
480
480
480
480
480
480
480
480
480
480
481
481
480
480
480
479
480
480
480
480
480
480
480
480
480
480
480
480
480
480
480
480
479
480
479
480
480
480
480
480
480
480
480
480
480
479
479
480
480
480
480
480
480
567
567
565
563
562
561
561
560
560
559
559
558
558
558
561
557
557
554
554
556
556
556
556
555
555
555
555
554
554
554
554
554
554
553
553
553
553
556
557
557
552
552
552
552
552
552
552
551
551
551
551
551
551
550
550
550
550
551
554
551
549
549
549
549
369
369
376
382
384
386
389
392
393
395
398
399
398
399
402
404
404
405
406
408
410
411
412
412
412
414
415
420
416
418
418
419
419
420
421
421
422
423
423
428
428
425
425
425
426
426
426
426
426
427
428
428
428
429
429
430
430
430
430
430
431
431
421
421
611
611
608
600
600
594
592
590
588
586
585
582
582
584
584
586
578
576
576
575
574
573
572
571
571
570
569
568
568
561
566
565
565
565
565
564
563
562
561
561
561
561
560
560
560
558
558
558
558
557
556
556
556
556
555
554
554
554
554
553
552
552
553
553
370
370
376
380
383
387
388
390
392
393
397
398
399
400
400
401
393
403
404
406
408
409
410
410
411
412
413
414
414
416
416
417
417
417
418
419
421
421
421
422
423
423
423
423
424
425
425
425
426
426
427
427
427
428
428
428
428
428
429
430
431
431
431
431
613
613
607
602
594
588
591
591
591
589
587
586
584
584
582
580
579
579
577
575
576
575
575
575
581
581
581
572
571
570
569
569
566
566
566
566
566
565
565
563
563
563
562
562
562
561
560
560
560
560
559
558
558
558
557
557
556
556
555
555
555
555
554
554
369
369
377
380
381
381
384
388
390
392
394
395
396
397
400
400
401
403
404
403
404
406
408
408
409
411
412
412
413
413
413
413
415
415
416
417
417
418
420
420
420
421
422
423
422
423
424
424
424
419
419
426
426
427
427
427
428
428
428
428
429
450
430
430
614
614
608
603
601
598
596
594
592
590
589
588
586
585
584
582
581
582
581
579
578
577
576
576
575
575
574
572
572
570
570
570
569
568
568
568
567
567
566
565
564
564
564
563
562
562
562
561
561
560
560
559
559
559
559
558
558
558
558
557
556
556
556
556
370
369
370
379
382
382
384
389
390
390
391
394
396
398
400
401
401
403
403
404
405
406
408
427
409
423
411
412
411
412
413
415
415
415
417
417
417
418
418
418
420
420
421
422
422
422
423
423
424
424
425
424
425
425
426
426
428
428
428
428
429
429
429
429
614
614
612
604
604
600
596
594
594
593
590
588
587
586
585
585
583
582
581
579
578
578
578
577
577
577
577
577
573
572
572
571
571
570
569
568
568
567
567
567
566
565
565
565
564
563
562
562
562
561
560
560
560
560
559
559
559
558
558
557
557
557
556
556
387
359
384
380
380
380
384
387
387
389
392
393
394
394
396
399
399
400
402
403
404
405
406
407
408
408
409
410
410
411
413
413
413
414
414
415
416
417
417
417
419
419
419
420
421
421
422
422
423
424
426
426
426
425
426
426
426
427
427
427
428
428
428
428
585
585
577
572
563
559
559
555
554
552
550
548
548
547
545
545
545
544
543
542
542
542
541
541
540
540
540
540
540
540
539
539
539
539
539
538
538
538
538
538
538
538
538
539
539
538
538
538
538
539
539
539
539
517
517
539
539
540
540
539
539
539
539
540
388
386
386
386
389
395
400
408
406
407
407
407
410
413
415
418
419
420
421
423
424
425
427
428
428
429
430
432
432
433
433
433
434
435
435
436
436
436
437
437
438
438
439
439
439
439
440
440
441
441
441
441
441
442
442
442
442
442
442
442
443
443
443
443
603
603
599
595
592
591
586
583
583
582
582
581
577
577
573
573
572
572
570
568
568
567
565
563
562
561
560
559
559
558
558
557
556
556
555
554
554
553
553
552
552
552
551
550
550
550
550
549
548
548
548
548
548
547
547
547
547
546
546
546
547
547
547
547
376
376
380
383
386
389
389
391
396
397
402
403
403
405
409
409
412
409
412
414
415
417
418
420
420
420
422
423
423
425
426
426
428
429
429
429
429
430
430
430
432
432
432
433
434
434
435
436
437
437
438
439
439
440
441
441
441
442
442
443
444
443
444
444
604
604
602
599
597
594
592
590
586
585
585
582
581
579
579
578
575
574
572
572
572
570
567
567
567
565
565
564
563
561
561
562
562
559
559
559
557
557
557
556
555
554
553
553
553
552
552
550
549
549
549
549
549
549
548
548
550
550
546
545
545
545
545
546
375
375
381
385
385
388
388
389
394
396
400
401
403
404
404
406
409
410
410
411
412
413
413
413
417
419
421
421
422
422
424
424
424
426
426
427
427
428
428
429
430
430
431
431
432
433
434
434
435
435
435
437
438
439
438
438
438
441
442
443
443
443
443
443
607
607
600
598
598
596
592
592
590
588
587
584
582
582
582
580
576
575
575
574
574
572
570
569
568
568
566
565
565
564
563
563
562
563
561
559
558
558
557
557
557
555
549
555
553
554
553
552
552
551
553
551
549
549
549
548
548
547
547
546
546
544
544
544
372
372
379
381
383
386
388
392
395
395
397
398
399
401
402
403
405
407
407
408
410
412
413
415
415
416
417
419
419
420
422
422
422
428
428
426
426
427
427
428
421
429
430
431
431
432
432
433
433
434
436
437
437
437
438
439
440
440
442
442
442
443
444
444
608
608
604
604
599
597
594
592
591
590
587
585
584
582
581
580
578
577
576
575
574
573
572
572
570
569
568
567
567
567
567
564
563
561
561
561
560
558
558
558
557
556
556
556
556
554
554
554
554
552
551
550
549
549
549
548
547
547
546
545
545
545
545
544
374
374
378
380
385
385
388
392
397
396
396
396
399
401
401
404
405
406
408
408
410
411
413
414
413
414
416
417
417
419
422
422
423
422
418
418
423
426
426
427
428
429
430
430
431
432
432
435
435
435
435
435
435
438
438
439
439
439
440
441
441
442
443
444
594
594
586
580
575
571
568
565
562
558
556
553
551
548
546
546
542
542
541
541
539
538
538
538
538
537
537
537
536
536
536
536
536
535
535
535
535
535
535
535
535
535
535
535
535
536
535
536
536
536
535
535
535
535
535
535
535
536
535
535
535
535
535
536
381
377
381
391
398
401
407
409
412
415
418
423
424
426
429
430
432
433
436
439
441
441
443
445
446
447
448
448
448
449
449
449
450
450
450
451
451
451
451
452
452
452
452
452
452
452
454
452
459
452
452
452
452
452
452
452
452
453
452
452
452
452
452
452
600
600
593
590
586
583
579
576
573
569
569
566
563
562
559
559
557
556
554
553
552
551
550
549
547
547
546
543
541
541
541
539
539
539
537
536
536
536
536
536
536
536
536
536
536
535
535
535
531
535
535
535
535
535
535
534
535
536
536
536
536
536
536
535
378
378
384
390
395
401
408
408
408
413
416
417
420
424
426
427
428
431
431
432
435
437
438
440
441
442
443
443
446
446
446
448
449
449
449
449
449
449
449
449
454
451
451
450
450
450
451
451
451
451
451
451
451
451
451
454
451
452
451
451
451
451
451
451
605
605
599
592
589
588
586
579
576
573
571
568
565
564
561
561
561
559
557
557
553
552
552
550
550
548
550
548
543
541
541
541
539
538
538
538
538
537
537
537
537
536
536
536
536
536
536
536
536
536
536
536
536
536
536
536
535
535
536
536
536
536
536
536
376
376
381
388
394
398
398
402
406
410
413
418
420
420
423
423
427
428
432
433
432
435
438
440
440
442
442
442
445
445
446
447
448
448
448
448
448
448
450
450
450
450
450
450
450
450
450
451
451
449
449
450
450
450
451
451
451
451
451
450
450
450
450
451
606
606
600
591
588
587
582
577
576
573
571
569
567
567
565
563
561
561
559
558
557
558
555
552
550
548
546
545
544
543
542
541
541
540
538
538
538
538
538
538
537
537
537
537
537
537
537
537
537
536
536
536
536
536
536
536
536
536
536
536
536
536
537
537
375
375
381
387
388
396
399
402
407
409
409
415
417
420
421
422
425
429
430
431
434
436
437
439
439
441
443
445
445
445
447
448
447
448
448
448
449
449
449
450
451
450
449
449
450
450
450
451
450
450
450
450
454
451
453
451
451
450
450
450
450
450
450
450
605
605
596
592
592
587
582
581
578
575
573
571
568
567
565
565
568
568
558
556
556
556
555
553
553
551
550
550
550
543
543
543
543
541
541
539
538
536
536
537
537
537
537
537
536
536
536
535
536
536
536
537
536
535
535
535
535
535
536
536
536
536
530
530
375
375
380
387
391
395
403
407
407
411
411
415
415
417
420
423
425
427
429
430
432
433
436
437
438
441
442
443
444
445
446
446
447
448
448
448
448
449
449
449
450
450
450
450
450
450
450
449
449
449
450
451
450
450
450
450
450
452
450
452
451
451
450
450
582
582
571
564
560
559
547
543
539
537
536
536
536
536
536
536
536
536
536
536
536
536
536
535
536
537
537
537
537
537
537
538
536
538
539
539
539
539
539
539
539
539
539
539
540
539
541
540
540
540
540
540
540
540
540
541
541
540
540
541
541
541
540
540
394
394
404
414
419
428
430
436
438
442
443
445
446
446
447
447
448
448
448
448
448
449
448
448
448
448
448
448
447
447
442
447
447
447
447
447
447
447
447
446
446
446
446
447
447
445
445
445
445
445
445
445
445
445
445
445
445
444
444
444
444
444
444
444
598
598
586
574
567
560
557
556
549
547
542
539
539
537
535
535
534
534
534
533
534
533
533
533
534
534
534
534
534
534
534
534
534
535
535
535
535
535
534
534
535
535
535
535
536
536
535
535
535
536
536
536
536
536
536
536
536
536
536
536
536
537
536
536
394
394
405
413
418
422
429
433
436
439
441
443
443
443
445
446
447
447
448
450
450
446
446
446
446
446
446
446
446
446
445
445
441
438
438
448
448
446
445
445
445
445
445
445
445
444
444
444
444
444
444
444
444
444
447
447
444
443
443
443
443
443
443
443
597
597
585
575
569
560
552
547
547
551
551
546
542
542
538
538
538
537
537
537
536
534
534
535
536
541
541
537
537
537
536
536
536
536
535
537
537
537
537
537
538
537
538
537
538
538
538
536
536
536
534
534
532
538
539
539
539
539
539
539
539
540
540
540
389
389
391
415
423
423
426
431
431
433
440
440
443
443
444
446
446
446
446
446
446
446
446
446
447
446
447
447
447
447
447
451
451
446
446
446
446
446
445
446
445
446
444
445
445
445
445
445
444
444
444
444
444
444
444
444
444
443
443
443
443
443
443
443
602
602
588
576
569
567
559
556
553
550
547
546
537
537
536
537
540
540
539
535
534
534
534
534
534
534
534
534
534
535
535
535
535
535
535
535
535
535
535
535
535
535
536
536
536
536
536
536
536
536
536
536
536
537
537
538
537
538
537
538
537
537
537
538
396
396
396
407
415
423
428
433
437
444
446
446
448
449
453
449
449
449
450
450
450
449
450
450
450
450
449
449
449
448
448
448
448
448
449
449
448
447
447
447
447
446
446
446
446
446
446
446
446
445
445
445
445
445
445
445
445
445
445
444
444
444
444
444
610
610
583
574
567
562
557
555
555
551
543
542
540
536
536
535
535
534
534
534
534
534
534
534
535
535
535
534
535
534
535
534
535
535
536
536
536
535
534
532
532
535
536
536
536
536
536
537
537
537
536
536
537
537
537
537
537
538
538
538
538
538
538
538
378
378
404
404
404
425
427
432
432
437
445
447
447
430
430
451
451
451
452
452
451
451
451
450
450
450
450
449
449
449
449
449
449
449
448
448
448
445
445
447
447
447
447
447
447
449
447
446
444
444
446
446
445
445
445
445
445
445
445
445
445
444
444
444
