478
480
480
480
480
480
480
480
484
484
481
480
480
480
480
480
481
480
480
480
480
480
480
480
480
479
479
479
480
480
480
480
480
480
480
480
480
480
479
480
480
480
480
480
480
480
480
480
480
480
480
480
480
480
480
480
480
480
486
480
480
480
480
480
563
563
560
558
558
557
555
554
554
553
553
553
553
552
552
552
556
552
552
551
551
551
550
550
550
550
550
550
549
549
549
549
549
548
548
548
548
548
548
547
547
545
536
536
545
546
546
546
545
545
545
545
545
545
545
544
544
544
543
543
543
543
543
543
375
371
375
378
391
393
397
399
403
404
406
407
407
409
411
413
413
413
416
418
418
418
419
419
421
421
422
422
423
423
424
425
426
426
427
428
428
428
428
429
430
430
430
431
431
431
431
432
432
432
432
433
433
435
435
435
435
435
435
435
435
435
435
436
603
603
596
592
588
584
582
580
578
576
574
573
572
572
568
568
567
565
564
564
564
564
562
561
560
560
559
559
559
558
557
557
557
555
558
555
556
554
553
553
553
552
552
551
551
550
550
550
535
535
549
549
549
548
548
548
548
548
547
547
547
547
547
548
375
375
381
385
389
392
396
399
396
399
402
404
404
406
406
409
410
411
412
413
414
415
416
416
416
417
418
419
419
419
421
423
423
423
424
424
425
426
426
426
426
427
427
428
428
428
429
429
430
430
430
431
431
432
431
432
432
432
432
433
433
434
434
434
608
608
601
597
593
589
587
585
585
583
579
579
580
580
573
573
573
572
570
569
568
567
566
566
566
565
563
551
551
561
561
560
559
559
559
559
558
556
556
556
556
555
554
553
553
553
553
551
551
551
551
551
551
550
550
550
550
549
548
549
548
548
548
548
375
375
381
389
389
389
395
396
397
400
402
403
405
407
407
408
409
415
415
412
412
414
415
416
417
417
418
419
423
423
422
422
422
423
423
423
424
425
426
427
427
427
428
428
428
428
429
430
430
431
431
431
431
431
432
432
433
433
433
433
433
434
434
435
607
607
600
595
589
589
586
584
581
579
578
578
576
575
574
573
571
570
570
568
564
562
562
565
565
564
564
563
562
562
566
566
571
560
564
559
558
557
556
556
556
555
555
554
545
545
549
553
552
553
553
556
556
551
551
551
551
554
554
552
550
550
550
550
375
375
380
388
389
391
393
397
400
400
400
400
402
405
406
408
408
412
412
411
411
412
413
413
414
408
416
417
418
419
419
420
419
420
419
419
419
423
425
425
425
425
425
426
426
427
428
428
428
429
429
429
430
430
430
430
431
431
432
432
432
432
433
433
610
610
604
599
594
594
590
588
588
586
581
581
579
578
577
577
575
589
574
584
571
569
569
568
567
566
566
564
563
563
562
562
562
562
561
561
559
558
558
557
560
557
556
555
555
554
554
554
554
553
553
553
552
552
552
552
551
551
551
551
551
551
551
551
373
373
373
378
386
391
392
394
396
397
398
400
401
403
404
405
406
409
409
409
412
414
413
414
414
416
416
417
418
418
418
419
420
421
421
421
421
423
424
424
424
426
426
427
427
428
428
429
429
429
430
430
431
431
431
432
432
433
433
433
433
433
433
435
564
566
564
561
557
551
548
546
546
544
543
542
541
540
540
539
541
539
539
539
539
539
538
538
537
537
536
535
534
533
532
532
532
531
531
531
531
531
531
531
530
530
529
529
528
528
527
527
527
528
528
528
528
528
528
528
528
527
527
526
526
522
522
525
402
393
393
397
399
404
407
407
409
412
414
416
417
419
419
419
419
420
421
422
423
425
427
428
428
428
430
431
433
433
433
434
435
435
435
437
439
440
441
441
441
443
445
447
447
447
447
447
447
447
447
447
447
447
448
449
449
449
450
450
451
451
451
451
598
598
594
590
587
586
582
579
576
573
573
570
569
566
566
566
564
563
562
561
560
559
557
556
556
556
555
554
554
554
553
553
553
552
551
550
548
547
547
545
544
543
542
541
541
540
540
540
539
539
539
538
537
536
535
534
533
533
532
532
532
532
533
533
383
383
387
390
393
408
408
405
405
406
408
415
415
413
412
413
415
416
419
425
422
424
424
425
426
431
428
428
428
428
429
429
429
430
431
432
433
433
434
435
449
436
440
438
440
441
441
440
440
442
445
446
446
448
448
449
450
450
450
450
450
452
452
452
593
593
589
586
582
580
579
578
578
577
577
577
576
574
573
573
571
570
568
566
564
563
562
562
561
560
559
558
557
556
553
551
551
550
548
547
546
546
546
546
546
547
547
547
547
546
546
545
544
544
544
543
534
541
541
541
541
539
539
537
536
533
533
531
388
388
394
394
397
400
400
400
399
400
400
403
405
410
414
417
419
421
421
420
420
420
421
422
422
422
423
425
426
427
428
429
430
431
433
433
432
431
430
430
430
431
433
435
436
438
438
441
441
442
442
442
442
443
444
445
447
448
449
450
452
453
453
453
598
598
595
582
582
589
589
587
584
580
580
577
574
572
570
570
568
568
568
567
565
563
561
561
560
558
556
555
554
553
553
552
553
550
554
553
553
552
552
552
549
548
546
545
544
543
542
542
542
542
543
544
544
542
542
542
540
538
536
535
535
535
535
535
389
383
386
383
386
394
398
401
404
405
408
409
411
411
410
410
410
410
411
411
413
413
416
418
418
421
421
421
422
422
424
424
424
424
424
427
429
431
432
432
436
438
438
439
439
438
438
439
439
439
439
441
442
444
445
445
446
446
446
446
447
447
447
445
606
606
601
597
594
590
589
587
582
582
579
577
575
574
572
570
568
566
555
555
561
561
559
559
557
557
560
560
560
561
561
561
561
561
561
561
558
558
555
554
552
550
550
548
548
547
545
544
544
543
541
540
538
536
535
535
535
535
535
535
535
536
536
536
382
381
382
385
387
391
392
395
397
397
399
403
405
407
410
412
415
417
422
423
423
424
424
425
426
426
425
424
424
424
424
424
423
424
426
426
426
427
428
428
430
430
431
432
435
436
436
438
439
441
443
443
448
448
449
450
450
450
451
451
451
450
451
450
597
597
581
573
565
559
556
555
555
554
552
547
541
539
537
531
531
531
531
531
528
525
522
522
523
524
525
525
524
523
522
519
519
521
523
523
522
522
520
519
519
519
520
520
521
521
521
519
519
518
519
519
521
521
520
519
518
518
519
520
526
520
520
520
399
399
405
405
406
410
416
420
424
425
430
430
430
430
432
435
439
444
444
445
445
445
445
448
450
454
456
457
457
457
456
456
458
460
462
463
463
463
462
460
460
461
462
463
464
464
463
461
461
461
461
463
464
464
462
462
462
463
462
463
464
464
462
462
589
589
582
575
570
566
564
563
561
559
556
553
549
549
547
545
544
543
543
541
538
535
533
533
533
533
531
529
527
526
525
525
525
525
524
510
523
521
521
521
521
521
523
523
523
529
529
520
520
521
522
522
522
522
522
520
520
520
522
522
521
521
521
521
396
396
401
405
413
417
417
420
424
426
428
429
431
432
435
436
436
439
442
443
444
444
446
446
448
453
455
455
455
456
457
458
459
461
462
463
463
462
462
462
463
463
464
464
464
464
461
463
463
463
460
460
464
464
464
464
463
463
463
465
465
465
464
464
593
593
581
575
571
567
565
562
560
559
559
552
550
548
548
545
544
543
541
539
537
536
534
532
532
532
530
529
528
525
525
527
527
525
524
524
523
522
522
521
523
522
522
522
521
521
521
521
521
520
520
520
521
521
520
520
520
520
520
521
521
520
520
519
396
396
401
405
410
410
413
421
423
423
427
429
431
433
435
437
439
441
441
443
444
447
447
449
451
452
452
454
456
456
458
458
461
461
461
461
462
462
463
465
467
467
463
463
463
462
463
463
464
464
464
465
464
465
464
464
464
464
464
464
464
468
468
464
577
580
577
575
572
568
564
559
557
557
557
556
551
548
546
545
543
541
541
539
539
536
534
532
532
531
528
527
527
526
526
525
525
524
524
524
524
522
522
522
522
522
522
522
522
520
520
520
521
521
521
520
520
520
520
520
520
520
520
520
520
520
520
520
396
396
402
410
412
414
419
421
421
424
428
430
432
434
435
438
441
443
443
446
446
447
449
451
452
453
454
456
458
459
459
460
460
461
461
462
462
462
463
463
463
464
464
464
464
464
464
464
464
464
464
464
464
464
465
465
464
464
464
464
464
464
464
464
588
588
580
576
571
569
568
562
560
557
554
552
550
547
545
543
543
538
537
537
535
534
534
533
532
530
528
527
526
525
525
524
524
524
524
524
522
522
521
521
521
522
522
522
520
524
520
519
519
520
521
520
519
518
518
519
521
519
519
519
519
516
516
518
393
393
399
413
418
419
420
420
420
420
425
428
432
436
437
438
439
440
441
445
447
447
449
450
451
451
451
454
454
454
456
458
459
460
460
460
460
460
461
462
462
462
462
462
462
462
462
462
463
465
465
462
462
462
462
463
462
463
463
463
462
462
462
463
570
570
556
548
537
535
532
529
526
526
520
515
515
522
522
522
521
522
522
522
522
522
522
522
523
523
506
506
522
523
523
523
524
524
524
524
524
525
525
525
525
525
525
526
526
526
526
526
527
527
527
527
526
525
525
525
527
527
527
528
528
528
528
529
400
400
407
419
427
437
439
444
449
457
458
460
462
464
464
465
465
466
467
467
467
466
466
466
466
466
466
466
466
466
465
465
465
465
465
465
465
465
464
464
464
464
464
463
463
463
463
462
462
462
462
462
462
461
458
458
457
457
457
429
419
419
459
460
578
578
570
562
559
548
543
538
533
529
529
528
525
524
524
523
523
523
523
522
522
522
522
522
523
522
522
522
522
522
522
523
523
523
523
518
523
523
524
524
523
523
523
523
522
522
524
524
524
524
525
525
525
525
525
525
526
531
533
556
604
604
599
599
384
384
407
416
421
429
436
441
450
457
456
457
458
459
460
461
461
461
461
461
462
462
462
461
399
344
336
336
325
311
299
299
296
296
296
300
300
295
294
295
299
299
284
280
280
284
284
284
291
294
294
286
281
277
275
275
275
268
268
275
276
275
278
273
730
731
731
731
731
731
731
724
721
720
718
718
718
718
691
688
676
671
671
671
685
685
687
687
692
694
694
694
694
694
694
694
694
694
694
683
694
693
695
702
702
701
699
701
701
703
706
707
709
712
709
709
709
709
714
714
714
710
710
709
710
710
713
714
250
246
246
247
247
248
248
247
247
247
248
248
244
244
247
253
253
253
254
257
258
259
259
259
256
252
252
242
240
240
240
240
243
249
249
249
249
255
257
265
257
248
248
251
251
251
251
251
238
237
237
237
241
241
241
253
254
254
254
255
252
256
255
256
736
738
739
739
738
738
738
738
738
738
738
738
736
736
737
737
737
740
740
740
755
755
756
758
758
758
758
758
758
758
757
757
757
757
757
757
758
758
758
758
756
756
755
755
754
755
754
759
754
753
753
753
753
752
751
750
747
747
747
747
748
748
748
750
239
223
223
222
222
222
222
222
220
222
224
224
224
224
224
224
224
223
223
223
221
221
226
226
226
223
222
222
222
222
222
221
221
221
222
223
223
223
223
223
223
222
222
221
221
221
221
221
221
220
220
220
221
221
221
220
220
219
221
222
222
224
224
229
743
766
766
766
766
766
766
766
766
766
766
766
766
766
766
766
767
767
767
767
767
767
767
767
767
767
767
767
767
768
768
770
768
768
768
768
768
768
767
767
767
767
767
767
767
767
767
767
767
767
767
767
767
766
766
767
767
767
767
767
771
771
768
768
212
212
213
213
214
215
215
209
209
213
213
215
215
215
215
218
219
219
219
219
218
218
217
218
218
218
218
218
218
218
218
218
219
219
219
221
221
221
221
221
227
227
226
226
226
226
226
227
228
230
231
234
234
232
231
231
231
234
227
227
227
229
229
230
