373
373
375
378
382
382
382
383
385
387
388
387
386
386
396
396
392
392
393
394
395
395
395
396
396
397
397
398
398
398
399
399
399
400
400
401
401
401
402
403
403
403
404
404
404
404
404
405
405
405
405
405
406
406
407
407
408
408
408
408
408
408
409
409
652
652
645
641
635
632
628
623
622
620
618
612
612
612
610
608
607
605
604
602
601
601
598
597
596
595
593
593
593
591
589
587
587
587
587
585
585
584
584
583
583
583
582
581
581
580
579
579
578
578
577
577
577
577
577
575
575
575
574
574
574
573
573
573
326
326
333
338
341
345
347
350
353
358
358
360
361
364
366
368
371
372
372
374
376
376
376
380
381
382
383
384
384
385
386
387
387
387
389
389
391
393
393
394
394
394
394
396
397
397
397
398
398
398
399
399
400
401
402
402
402
403
403
403
404
404
405
405
650
650
643
638
633
628
627
624
622
619
617
615
612
612
612
608
606
605
601
599
601
599
597
596
595
594
593
592
591
591
592
592
588
586
586
586
584
584
583
582
578
581
580
580
580
579
579
578
578
577
577
576
576
575
575
574
574
574
573
573
572
572
572
571
325
325
331
337
340
344
346
347
351
353
357
357
360
362
363
365
367
369
369
370
373
375
376
377
379
379
381
381
382
382
384
382
386
387
387
390
390
390
391
393
393
393
394
395
395
396
396
396
398
399
399
400
400
400
400
401
403
403
403
403
403
404
404
404
639
642
642
637
634
630
627
622
620
618
618
615
614
612
610
608
608
608
604
602
601
600
600
597
595
594
592
592
591
591
589
588
588
587
587
585
583
584
583
583
583
583
580
577
577
578
578
578
577
577
577
576
575
574
571
573
571
571
571
570
571
571
571
570
324
324
330
339
341
341
345
348
350
353
353
357
359
361
362
365
366
367
369
371
374
375
375
376
378
378
380
381
382
383
385
385
386
386
388
388
389
390
392
392
392
393
394
394
394
396
397
397
398
398
399
399
399
399
400
401
401
402
402
402
403
403
404
404
646
646
643
637
635
630
627
625
622
620
617
615
614
612
610
608
608
607
603
602
601
599
597
596
594
594
594
592
592
591
589
589
588
587
587
585
585
584
583
583
582
582
580
580
579
578
578
578
577
576
576
575
575
575
574
573
573
573
573
571
571
571
571
570
323
323
330
335
338
341
345
345
347
353
354
356
361
362
364
364
367
368
369
370
372
375
376
376
377
378
379
381
382
383
384
384
385
387
387
387
389
389
390
391
391
393
393
393
394
394
395
395
396
389
398
399
399
400
400
401
401
402
402
403
403
403
404
404
650
650
642
640
634
631
627
625
622
620
620
617
614
613
610
608
607
606
606
604
601
600
598
596
596
596
591
591
591
591
591
589
589
588
587
586
585
584
583
583
582
581
580
580
579
579
579
578
578
576
576
576
576
575
574
573
573
572
572
572
571
571
570
570
323
323
327
331
338
341
344
347
349
353
355
355
358
361
363
363
364
367
371
372
373
374
374
376
377
377
378
380
381
382
383
383
385
386
387
388
388
389
391
392
392
393
393
393
393
391
391
397
397
397
398
398
399
400
400
401
402
402
402
404
404
403
403
404
609
609
597
586
583
578
574
570
567
566
564
563
561
560
559
558
558
557
556
556
556
555
555
557
557
554
554
553
553
553
553
553
552
552
552
551
551
551
551
551
551
551
551
551
550
550
550
550
550
550
550
549
549
549
548
548
548
548
548
548
548
548
548
548
339
339
348
355
362
367
372
377
382
383
386
389
392
395
397
398
400
402
404
406
407
407
408
410
410
412
413
413
414
414
414
416
417
416
417
417
417
418
418
418
419
419
419
419
419
419
420
420
421
421
421
421
422
422
422
422
422
422
422
422
423
423
423
423
632
632
624
623
612
608
603
598
594
590
585
584
582
579
576
574
572
570
566
565
565
564
563
562
561
561
560
559
559
559
557
557
556
556
556
555
554
554
554
554
554
554
553
553
552
552
552
552
552
551
551
551
550
550
550
550
550
550
550
550
549
549
549
549
337
337
346
351
360
365
370
374
378
381
385
388
390
393
395
395
401
402
404
404
406
407
408
409
410
411
412
413
413
414
414
415
421
421
417
417
417
417
418
419
419
419
420
420
420
420
421
421
421
421
421
422
422
422
422
421
421
423
423
423
424
424
424
423
634
634
627
620
615
608
605
601
596
594
593
590
584
578
578
575
573
571
569
568
565
564
564
564
562
562
561
561
560
559
558
558
557
556
556
556
556
556
556
555
555
554
553
553
553
553
553
552
552
552
552
552
551
551
551
551
551
550
550
550
550
550
550
550
335
335
345
351
359
364
369
373
377
380
383
390
392
392
395
397
401
401
401
404
405
406
407
408
409
410
411
417
417
413
413
414
415
415
417
417
417
418
420
421
421
419
419
420
420
421
421
421
422
421
422
422
422
425
425
423
423
423
423
423
424
424
424
424
640
640
627
621
615
610
604
601
597
593
590
587
585
581
578
576
574
571
569
568
567
566
565
563
562
562
561
560
557
557
557
558
557
557
557
556
555
555
555
555
554
554
554
553
553
553
553
553
553
552
552
552
551
551
551
551
551
551
551
550
550
550
550
550
336
336
345
352
358
363
367
372
376
380
383
386
391
391
395
397
399
401
403
403
405
406
407
409
410
410
411
412
413
413
417
417
417
416
416
416
417
417
418
420
420
420
420
420
420
420
421
421
421
421
421
421
421
421
423
423
423
423
424
424
424
424
424
424
638
638
629
621
616
611
606
601
598
598
594
585
584
581
576
573
572
571
569
568
566
566
565
563
563
562
561
561
560
560
559
558
557
557
556
556
556
555
555
555
555
556
555
554
553
553
553
553
553
552
551
552
551
551
551
551
551
551
551
551
550
550
550
550
335
335
344
356
357
359
369
372
376
379
383
386
390
391
394
397
398
399
402
403
405
406
407
409
409
409
410
411
412
413
413
414
415
415
416
416
416
416
418
418
419
419
419
419
419
420
420
421
421
421
422
422
422
422
422
422
423
423
426
429
429
424
424
426
601
601
588
576
568
564
561
559
557
555
553
553
553
551
550
550
550
549
549
548
547
544
547
547
547
546
546
546
546
545
545
545
545
544
544
544
544
544
544
544
543
543
543
543
543
543
542
540
540
542
542
542
542
542
542
542
541
541
541
541
541
541
541
541
351
351
364
372
382
387
393
395
398
400
404
406
406
406
408
409
412
412
414
414
416
417
417
417
417
418
421
421
422
422
422
422
421
423
424
424
425
426
426
427
427
427
427
427
428
428
428
429
429
429
429
429
430
430
430
430
430
431
431
431
431
430
431
432
623
623
610
599
590
582
577
573
571
568
563
563
562
562
561
560
559
558
557
557
556
556
555
554
553
553
552
551
550
550
550
550
549
549
549
549
548
548
547
547
546
546
546
546
546
545
545
545
544
544
544
544
544
544
543
543
543
543
543
543
542
542
542
542
348
348
360
369
375
384
389
393
394
398
400
402
413
413
406
406
409
411
411
412
413
414
418
421
421
421
419
419
420
420
421
422
422
423
424
424
424
425
425
425
427
427
427
427
428
428
429
429
430
433
430
430
430
431
431
431
431
431
432
431
432
432
432
432
624
624
610
602
592
584
579
575
573
570
568
567
566
564
562
560
560
559
558
557
557
556
555
555
554
554
553
552
552
551
551
550
550
549
547
547
548
548
547
547
547
547
545
545
545
544
543
544
544
544
544
544
544
544
544
543
542
542
542
542
542
542
542
541
348
348
359
369
376
384
389
392
395
398
400
402
403
405
407
408
408
409
413
416
414
414
414
416
417
417
418
419
419
420
421
422
423
424
424
424
424
425
426
426
427
427
428
428
428
427
429
429
431
431
430
430
431
431
432
432
432
432
432
432
433
433
433
433
627
627
616
603
594
585
577
576
573
570
569
567
566
565
563
561
560
560
559
558
557
556
555
554
554
553
553
553
552
551
550
550
550
549
548
548
548
547
547
547
547
546
546
545
545
545
545
544
544
544
544
544
544
543
543
543
543
543
542
542
542
542
542
542
343
343
358
368
376
383
388
392
394
397
399
399
404
404
405
406
408
410
411
411
412
413
416
417
418
419
419
421
421
421
423
423
423
425
425
425
425
426
426
427
427
428
428
428
429
429
430
430
430
431
431
431
431
432
432
432
435
435
432
432
432
433
433
434
626
626
612
602
591
583
577
572
571
568
565
563
562
561
559
558
557
556
554
554
552
552
551
551
550
549
547
547
546
546
545
545
544
544
543
543
542
542
543
543
541
541
541
540
540
539
539
539
539
538
538
538
538
538
537
537
537
536
536
536
536
536
536
536
351
351
364
374
387
388
393
397
400
403
407
411
411
411
412
414
415
416
418
418
420
422
422
424
424
424
424
425
428
429
429
429
429
430
430
430
431
432
432
432
432
433
433
434
434
435
435
435
435
436
436
436
437
437
437
437
437
437
437
437
438
438
438
438
568
568
558
552
550
544
541
539
537
536
535
533
533
533
532
531
531
531
531
531
531
531
531
530
530
530
530
530
530
530
530
529
529
529
529
529
529
529
529
529
529
529
527
527
529
529
529
529
529
529
529
529
529
529
529
529
529
529
529
529
529
530
530
530
381
381
393
401
403
407
414
417
420
422
424
426
427
428
430
431
432
433
434
434
435
436
436
437
437
438
438
438
439
439
439
439
440
439
440
440
440
440
440
440
440
440
440
440
440
440
440
440
441
441
440
440
440
440
440
441
441
441
441
441
440
440
440
440
603
603
577
568
562
559
555
552
550
548
546
543
541
540
539
539
536
535
534
534
533
533
531
531
530
530
529
529
529
529
528
528
528
528
527
527
527
527
527
527
527
527
527
527
527
527
527
526
526
527
527
527
527
525
526
526
526
525
525
525
524
524
524
525
383
383
397
406
411
415
418
420
422
425
427
428
431
432
432
432
432
435
436
436
437
437
437
437
438
438
438
438
439
439
439
439
439
439
439
439
439
439
443
443
440
440
440
440
440
440
440
440
440
440
440
435
434
434
440
440
440
440
440
440
441
440
440
440
593
593
580
571
565
560
557
553
549
549
546
543
543
541
540
538
537
537
535
534
534
534
533
533
532
530
530
531
531
530
530
530
530
530
530
529
529
529
529
529
529
529
528
528
528
528
528
528
528
528
528
528
528
528
528
528
526
526
528
528
528
528
528
528
379
379
388
397
402
406
409
412
415
418
419
421
423
425
426
428
429
430
431
432
433
434
434
435
435
435
436
436
437
437
438
438
438
438
439
439
439
439
439
440
440
440
440
440
440
440
440
440
440
440
440
441
441
443
440
441
440
441
441
441
441
441
441
441
593
593
578
569
564
560
557
554
552
549
547
545
544
542
541
540
539
538
538
537
536
535
535
534
534
533
532
532
532
532
531
530
530
530
530
530
530
529
529
529
529
529
529
528
529
528
528
528
528
528
528
528
528
528
528
531
531
528
528
528
528
528
528
528
377
377
388
397
401
405
409
413
417
419
420
422
423
425
427
430
431
431
432
432
432
435
435
436
437
437
438
438
438
439
439
440
440
440
440
440
441
441
441
441
441
441
441
442
442
442
442
442
441
441
441
441
442
442
442
441
441
441
441
441
442
441
442
441
594
594
579
570
568
559
557
554
552
549
548
545
544
542
540
540
539
534
534
535
535
534
531
531
532
532
532
531
530
530
530
530
530
529
528
528
528
528
527
528
528
528
528
527
527
527
527
527
527
527
527
527
527
527
527
527
525
527
527
527
528
528
526
526
377
377
388
394
400
407
408
410
413
416
419
420
422
424
425
427
428
432
432
432
432
433
434
434
435
436
436
438
438
438
438
438
439
439
439
439
440
440
440
439
440
440
440
440
440
440
440
440
440
440
440
440
440
440
440
441
441
440
440
440
440
440
440
440
