355
355
360
363
364
366
369
371
373
375
377
379
379
380
381
381
381
381
382
384
384
385
385
386
386
387
388
389
389
390
391
391
391
391
392
393
393
393
394
394
394
395
395
396
396
396
397
397
397
397
398
398
399
399
399
399
400
400
400
400
400
401
401
403
680
680
671
664
664
657
651
646
642
639
636
633
630
628
626
625
623
619
618
614
613
610
610
609
607
605
605
604
601
600
599
598
597
596
596
595
593
592
592
591
590
589
589
587
587
589
589
583
583
581
581
581
582
582
582
581
581
580
580
579
579
578
578
578
298
298
306
313
318
322
327
330
331
337
339
343
345
347
351
353
353
355
357
361
363
363
364
366
371
371
370
370
370
372
372
376
377
378
378
378
381
382
381
382
382
384
385
385
387
390
390
389
389
389
390
391
392
393
393
393
393
395
395
395
396
396
397
397
679
679
669
662
657
653
649
646
642
640
636
633
630
628
625
623
621
621
619
616
616
614
610
608
608
605
604
601
601
601
599
598
596
596
595
593
593
591
591
589
589
589
587
586
586
585
585
584
583
582
582
581
581
580
580
579
579
579
578
579
576
576
575
575
299
299
308
311
316
320
324
328
332
334
336
339
342
344
347
351
351
352
355
356
358
359
360
363
365
365
366
369
369
371
373
374
375
375
377
377
378
378
380
381
381
382
383
384
385
386
387
387
388
388
389
389
390
391
392
392
393
394
394
395
395
395
396
396
679
679
669
664
658
653
649
646
642
639
636
633
629
627
626
624
621
618
618
615
612
612
612
608
607
606
605
603
601
600
597
597
595
594
594
594
590
590
590
590
588
588
588
586
585
585
584
583
582
582
581
580
580
579
579
577
577
577
577
576
575
575
575
574
295
295
304
310
316
322
323
327
330
336
337
341
341
342
345
346
347
351
352
355
357
359
362
363
363
365
367
367
368
370
372
372
374
375
377
377
376
376
380
382
382
382
383
385
385
385
388
388
389
389
390
390
390
391
391
393
394
394
394
394
395
395
395
396
680
680
664
658
658
653
649
646
643
639
636
634
631
628
626
624
622
620
618
615
615
612
611
608
607
605
603
603
602
599
598
596
596
595
594
593
592
591
589
589
589
587
587
587
585
584
583
583
582
581
581
580
580
579
579
578
578
577
576
575
575
574
574
575
293
293
304
310
315
320
320
323
330
333
335
340
343
346
346
346
349
351
353
355
357
360
360
361
363
365
367
368
369
371
372
373
374
374
374
375
378
378
379
380
381
383
384
384
384
385
386
387
387
387
388
392
394
392
393
393
393
399
394
394
394
395
395
396
678
678
669
662
657
653
649
646
642
639
636
634
632
628
627
624
622
622
617
616
614
612
610
609
606
605
604
602
601
600
598
597
596
596
594
593
592
592
590
589
588
586
585
585
584
584
583
582
581
581
581
581
579
579
579
577
577
576
575
574
574
574
573
573
294
294
303
307
314
319
321
326
330
333
334
337
339
340
339
347
347
353
354
354
356
358
360
360
363
364
366
368
373
371
372
372
374
375
375
377
378
379
379
380
381
383
383
383
385
386
386
387
388
388
390
390
390
390
392
393
393
394
394
395
395
396
398
397
624
624
609
598
588
583
577
572
570
567
565
563
562
560
559
558
557
556
555
555
554
554
553
552
552
551
551
551
550
549
549
549
549
549
548
548
548
548
546
546
546
546
546
546
546
546
546
545
545
545
545
545
545
545
545
545
544
544
544
544
544
543
539
543
316
316
327
335
343
350
355
360
363
369
376
377
381
385
388
390
393
395
396
398
400
401
402
403
404
405
405
405
406
408
408
408
408
409
410
410
410
410
411
411
411
411
412
412
412
413
413
413
413
413
413
413
413
414
414
414
414
414
414
415
415
415
415
415
659
659
646
638
631
631
618
612
607
600
597
593
589
586
583
580
577
575
573
572
571
567
565
564
563
562
561
560
559
558
558
557
556
555
555
553
553
553
553
553
552
551
551
551
551
550
550
550
550
549
549
548
548
548
548
548
548
548
547
547
547
547
547
547
314
314
325
332
340
345
352
355
366
367
373
375
379
383
385
389
394
395
395
397
397
400
402
402
403
404
404
405
406
406
407
408
409
409
409
409
410
410
410
410
411
411
411
411
412
412
412
412
413
412
413
413
413
413
414
414
414
414
414
415
415
415
415
414
662
662
651
642
635
628
621
621
615
605
601
596
591
589
583
582
580
577
575
573
572
570
569
568
566
564
563
563
563
561
561
559
558
557
557
556
555
555
554
554
553
553
552
552
552
552
551
551
551
550
550
550
550
549
549
549
549
549
548
548
548
548
548
548
313
313
319
333
339
345
351
362
366
366
373
373
373
375
385
387
387
392
396
397
397
398
400
401
402
404
404
404
404
405
406
407
407
407
408
409
409
410
410
411
411
411
411
411
412
412
412
413
413
412
412
415
415
414
414
414
416
416
416
415
415
415
415
415
662
662
651
642
635
633
628
620
611
607
602
602
597
590
587
584
581
577
576
574
573
569
567
567
566
564
564
563
563
562
560
559
558
558
557
557
557
555
555
554
553
553
553
553
552
552
552
552
551
551
551
551
550
550
549
549
549
549
548
548
548
548
548
548
313
313
319
331
338
343
350
360
361
365
368
374
378
380
389
393
393
394
394
394
381
381
399
400
402
403
404
404
404
407
407
408
408
408
408
408
409
409
410
410
411
411
411
412
412
413
413
413
413
412
412
413
413
413
414
414
414
414
416
415
415
415
415
415
664
664
651
644
636
630
623
616
611
602
599
599
595
592
588
585
582
580
578
575
575
571
570
570
568
566
565
564
562
561
561
560
559
558
558
557
556
556
556
555
554
554
554
552
552
552
552
551
551
551
550
550
550
549
549
549
549
549
549
548
548
548
548
548
312
312
325
327
337
344
350
353
360
364
369
376
377
380
383
385
388
392
392
395
396
398
400
400
401
402
403
404
404
405
405
406
407
407
407
408
409
409
409
409
410
410
410
410
410
412
412
412
413
413
413
413
413
413
413
414
417
414
414
414
415
415
415
415
618
618
598
585
585
569
564
560
557
557
552
552
551
551
550
548
547
547
546
546
545
545
545
545
545
544
544
544
544
544
544
544
543
543
543
543
543
543
543
543
543
543
543
543
543
542
542
542
542
542
542
542
542
542
542
542
542
547
547
542
542
541
541
541
335
335
340
361
370
378
383
387
391
397
398
399
401
403
404
405
408
409
409
409
410
411
412
412
413
413
413
414
414
415
415
415
415
416
416
416
416
416
416
416
416
416
417
417
417
417
415
417
417
418
418
418
418
418
418
418
418
418
418
417
417
418
419
419
644
644
628
614
604
595
589
575
575
574
574
571
568
561
561
561
561
560
558
557
557
556
555
554
554
552
552
551
551
551
551
549
549
549
548
548
548
547
547
547
547
546
545
545
545
546
546
545
545
545
545
544
544
543
544
547
547
545
544
543
543
543
543
543
329
329
345
358
368
376
382
385
388
390
394
396
397
399
400
402
403
404
405
406
407
408
409
409
410
411
411
411
412
412
412
413
413
414
414
414
415
415
415
415
415
416
416
416
416
417
417
417
417
417
417
417
417
418
418
418
418
418
418
418
418
419
419
419
649
649
632
618
606
598
592
592
588
580
580
577
572
570
570
566
564
562
562
559
559
558
557
556
555
554
554
553
553
552
551
550
550
550
550
548
548
547
547
547
547
546
546
546
545
545
545
544
543
544
544
544
544
544
544
544
543
543
543
543
543
543
543
543
328
328
344
357
368
375
381
384
387
391
392
394
396
398
401
402
402
403
403
404
406
407
408
409
409
409
410
411
411
412
413
412
413
413
413
416
416
414
414
415
415
415
416
416
416
416
416
417
417
417
417
418
418
418
418
418
418
418
418
418
418
419
419
419
650
650
633
619
609
600
594
589
585
582
577
573
571
571
569
567
563
563
562
561
559
559
558
556
556
556
554
554
552
552
551
551
550
550
549
548
548
548
547
546
546
545
544
545
542
545
544
544
544
544
544
544
543
543
543
543
543
542
542
542
542
542
542
542
329
329
350
358
365
376
381
385
386
391
393
395
396
396
398
401
402
403
404
405
406
407
408
409
409
410
411
412
413
413
413
413
413
414
414
414
415
415
415
416
416
417
417
417
417
417
418
418
418
418
418
419
419
419
418
419
419
419
419
420
420
420
420
420
651
651
635
621
609
600
594
589
585
582
576
576
574
569
568
567
566
564
562
561
560
559
559
558
555
554
553
553
552
552
551
550
550
548
548
548
548
547
546
546
546
545
545
545
544
544
544
544
544
543
543
543
543
542
543
542
543
542
542
542
542
541
541
541
329
329
344
358
369
374
382
385
386
391
394
394
396
399
400
402
403
404
405
407
408
408
408
409
410
410
411
412
412
413
413
414
414
414
415
415
416
416
416
416
417
417
417
417
418
418
418
419
419
419
419
419
420
420
420
421
421
421
421
421
421
421
421
421
589
589
576
565
560
556
553
551
547
545
544
542
542
540
540
541
541
540
540
540
540
540
540
540
540
540
540
539
539
540
540
540
540
540
540
540
540
540
540
540
540
540
540
540
540
541
541
540
540
540
540
540
540
541
550
550
541
540
541
541
541
541
541
541
366
366
378
385
390
396
403
403
405
406
407
411
412
412
414
416
416
416
417
418
419
420
420
420
421
421
421
421
422
422
422
423
423
423
423
423
424
424
424
424
424
424
424
425
425
425
425
425
425
425
425
425
425
425
425
425
426
426
426
426
426
426
426
426
613
613
599
590
584
578
573
569
566
563
560
559
557
555
553
552
551
551
550
548
548
546
545
544
544
543
543
543
543
542
542
541
541
541
541
541
540
540
540
540
540
540
539
539
539
539
539
539
539
539
539
539
539
539
539
539
539
539
539
539
539
539
539
539
367
367
377
384
390
392
395
399
402
404
407
408
410
411
412
414
416
416
417
417
417
418
419
419
419
419
420
421
421
422
422
422
423
423
423
423
423
423
423
423
423
424
424
425
425
425
425
425
425
425
426
426
426
426
426
426
426
426
426
426
426
426
427
426
612
612
599
593
585
580
574
574
572
566
563
561
559
557
556
554
554
551
550
549
548
546
546
545
545
544
543
543
542
542
542
541
541
541
541
540
540
540
540
540
539
539
539
539
539
539
539
539
539
539
539
539
539
538
538
538
538
538
538
538
538
538
538
538
366
366
377
385
388
392
396
398
401
403
405
407
410
410
411
413
414
414
415
416
417
422
422
419
419
420
420
420
421
421
421
421
422
423
423
423
423
423
424
424
424
424
424
424
425
425
425
425
425
425
425
426
426
426
426
426
426
426
426
426
426
426
426
426
613
613
596
592
586
581
577
574
570
568
568
563
558
558
556
555
554
552
550
549
547
546
546
545
544
544
543
542
542
541
541
541
540
540
540
539
539
539
539
538
538
538
538
536
536
538
538
538
538
538
538
538
538
538
537
538
537
537
537
537
537
537
537
538
372
372
382
384
388
392
395
400
402
402
403
407
409
409
411
412
413
413
415
416
416
418
418
418
419
420
420
420
420
421
421
422
422
422
422
423
423
423
423
424
424
424
424
424
424
428
424
425
424
425
425
425
425
425
425
425
426
426
426
426
426
426
426
426
615
615
600
593
587
582
580
575
572
569
566
563
562
557
557
556
554
552
550
549
548
547
546
544
543
543
543
542
541
540
540
540
540
539
539
539
539
538
538
538
538
538
538
538
538
537
537
537
537
537
537
537
537
537
537
537
537
537
537
536
536
537
537
537
366
366
378
384
389
391
395
399
400
402
403
406
407
407
409
411
412
414
414
416
416
416
417
418
418
419
419
420
420
421
421
421
421
421
422
423
423
423
423
423
423
423
423
423
424
424
424
424
425
425
425
425
425
425
425
426
426
426
426
426
426
426
426
426
