361
361
363
367
369
370
371
374
375
376
376
377
380
380
381
383
384
385
385
385
385
388
388
388
389
389
390
390
392
393
393
393
393
394
395
395
395
396
396
398
398
398
399
399
399
399
399
402
401
401
401
402
403
403
404
404
405
408
405
405
405
405
405
405
678
678
665
658
653
646
642
639
636
633
628
627
624
621
620
618
613
611
611
609
609
607
605
604
603
601
599
599
597
596
595
593
593
591
591
590
588
588
588
588
585
585
585
584
583
583
583
582
582
581
580
580
579
578
578
577
577
577
576
576
575
575
575
573
324
313
321
321
323
329
331
331
337
341
342
347
348
351
353
354
357
361
364
364
364
366
367
370
371
371
371
374
375
376
379
380
380
381
382
382
383
385
387
387
387
388
388
388
390
391
392
392
392
393
394
395
395
396
397
398
398
399
399
399
400
401
401
401
671
671
663
657
651
645
643
639
635
629
627
627
627
620
618
617
615
612
611
608
608
606
603
602
600
599
599
599
596
595
593
593
593
590
590
589
587
586
586
585
585
584
582
581
580
580
580
579
579
577
577
577
577
576
576
575
575
575
574
573
571
571
571
572
301
301
309
317
324
327
327
332
334
337
341
343
345
350
350
355
357
357
357
361
364
364
365
365
369
370
371
372
374
376
376
376
378
378
381
382
382
382
384
384
386
386
387
387
389
390
391
391
393
395
395
395
394
395
395
396
396
396
398
399
399
403
403
401
675
675
663
656
651
646
643
639
635
629
628
627
624
619
619
617
615
613
613
610
607
606
605
602
600
599
599
597
596
594
593
592
592
589
589
588
588
586
586
584
583
582
582
582
579
579
578
579
577
577
577
577
576
576
575
575
574
574
572
572
570
570
570
570
302
302
309
315
315
320
328
331
335
337
340
343
346
348
350
352
354
355
359
359
361
364
365
366
366
366
366
370
373
373
375
376
379
379
379
380
385
385
385
385
385
386
386
389
389
389
391
392
392
394
394
394
394
394
396
396
397
397
398
398
398
400
402
401
674
674
664
657
652
647
645
636
636
632
629
627
624
622
615
615
615
615
611
609
608
606
605
603
602
599
598
597
597
595
592
592
591
591
590
589
588
585
585
585
584
583
583
581
581
581
580
577
577
577
577
575
575
574
574
571
573
573
573
573
571
571
570
570
298
298
309
314
317
323
327
332
334
337
339
342
346
346
349
352
354
355
357
359
362
363
364
366
367
369
370
371
372
373
374
375
376
379
380
380
378
378
383
386
388
387
388
388
388
388
390
391
391
394
394
393
393
395
396
396
397
398
399
398
397
397
400
401
674
674
664
658
653
648
644
640
636
631
627
631
627
623
620
617
616
613
611
608
607
606
606
603
601
600
599
598
596
596
593
593
592
590
589
588
586
586
585
583
583
581
581
581
580
580
580
577
576
576
576
576
576
576
575
573
573
573
573
571
571
569
570
569
300
300
306
313
318
324
327
329
334
337
339
342
344
346
347
351
356
357
357
361
362
362
362
364
366
367
369
371
372
375
375
375
378
378
378
379
379
383
383
386
386
387
388
387
388
388
391
391
391
392
393
393
395
395
396
397
397
397
399
400
400
400
400
400
617
617
603
593
584
579
573
570
566
564
563
561
560
559
559
557
555
555
554
554
554
554
554
552
552
551
551
550
550
549
549
549
549
549
548
547
548
548
548
548
547
547
544
546
546
546
546
546
546
545
545
545
545
545
545
544
544
544
543
544
543
543
543
543
321
321
332
342
350
357
365
365
371
376
378
383
386
390
392
395
397
399
401
403
405
405
406
408
408
408
408
410
411
411
412
412
412
412
413
413
413
414
415
415
415
416
416
416
415
416
416
416
416
416
416
416
416
416
417
418
418
417
417
417
417
417
418
418
651
651
639
627
621
613
607
602
597
593
588
585
582
578
577
574
573
571
569
567
566
565
564
564
562
562
560
560
558
558
558
558
556
556
555
554
555
554
553
553
553
553
552
552
551
550
550
550
550
549
549
549
549
549
549
549
548
548
548
548
548
548
545
543
319
319
332
340
348
353
360
363
370
374
380
381
384
388
390
393
399
399
401
401
402
404
406
408
408
408
408
409
410
411
413
413
413
413
414
414
414
414
419
419
416
416
416
416
416
416
416
416
416
416
417
417
417
417
417
417
417
418
417
418
418
418
419
419
653
653
641
631
623
616
610
605
599
595
591
587
584
581
578
577
574
573
571
569
567
565
565
564
562
562
562
561
561
560
559
557
557
557
557
556
555
555
555
555
553
553
551
552
552
552
552
552
551
549
549
550
550
549
549
549
549
549
549
548
548
548
548
547
323
323
332
339
346
355
355
358
372
373
377
380
385
387
390
396
396
397
402
402
403
403
403
405
406
407
409
408
410
410
411
411
411
411
411
412
412
412
412
414
414
415
415
415
415
415
415
415
415
416
416
417
417
417
416
417
417
417
417
417
418
417
418
417
657
657
643
633
626
618
618
605
600
595
593
588
585
582
579
577
576
573
572
570
569
568
567
566
565
564
564
562
562
561
559
559
559
559
557
557
557
556
556
556
554
554
553
552
552
552
552
552
551
550
550
549
550
550
550
550
549
549
548
549
548
548
548
548
319
319
328
337
344
353
357
362
367
371
375
380
384
390
390
392
394
397
397
400
400
403
404
405
406
406
407
407
408
409
409
410
410
411
411
412
414
414
412
412
413
413
413
414
414
415
416
416
416
416
416
417
417
415
415
416
417
417
417
418
418
418
418
417
657
657
643
634
625
619
612
606
603
599
592
588
586
582
580
577
576
574
573
570
569
567
566
566
565
564
563
563
561
560
560
559
559
559
558
557
556
555
555
554
554
553
553
552
553
552
552
552
552
552
551
552
551
551
551
550
549
549
549
548
548
548
548
548
321
321
329
336
343
351
355
365
370
371
378
378
383
386
389
394
395
395
398
399
401
402
403
404
405
405
406
406
408
409
409
410
409
410
411
411
412
412
412
413
413
413
413
413
414
414
414
415
417
417
416
416
416
416
416
416
416
417
417
417
417
417
418
418
607
607
589
577
571
565
565
560
558
555
554
553
551
550
548
547
547
547
547
546
545
544
544
543
542
539
539
542
542
542
542
542
541
540
540
541
541
538
538
540
540
540
539
539
539
539
539
540
540
540
539
539
539
539
539
538
538
540
540
539
539
538
539
538
342
342
354
365
375
384
395
396
397
397
399
401
404
406
408
408
409
410
411
410
411
412
412
413
414
414
416
416
416
416
416
416
417
417
418
418
419
419
419
419
419
419
420
420
420
420
421
421
420
420
421
421
422
422
422
423
422
423
423
423
423
423
422
423
632
632
615
602
593
586
581
578
575
573
571
567
564
564
563
562
561
559
558
558
558
556
555
554
554
550
550
550
550
550
550
550
550
547
547
547
547
546
545
545
545
545
544
544
543
543
543
543
543
543
542
542
542
542
542
542
542
541
541
541
541
541
541
541
338
338
354
362
366
366
380
391
396
397
397
401
402
402
402
406
406
406
408
410
410
410
410
413
413
412
411
411
413
414
415
416
416
415
415
415
417
417
418
418
418
418
418
419
419
420
420
420
420
420
420
421
421
421
421
421
421
421
422
422
421
421
421
422
635
635
618
603
594
590
584
581
581
574
574
572
569
568
566
564
564
563
560
559
558
557
556
556
555
554
553
551
551
551
551
551
549
549
549
548
548
548
546
546
545
545
545
545
545
545
542
542
542
544
543
545
543
543
543
542
543
542
542
542
541
541
540
542
336
336
348
361
370
378
387
389
393
396
400
400
401
401
402
403
405
406
407
407
407
409
409
409
409
409
412
413
413
414
414
414
414
416
416
416
416
417
417
417
417
419
419
418
418
419
419
421
419
420
419
419
419
420
421
421
422
422
422
422
423
423
423
423
637
637
619
605
596
589
582
581
579
577
573
573
571
568
566
565
563
563
561
560
560
558
557
556
554
554
554
553
552
551
549
549
549
549
547
547
547
547
546
546
545
545
544
544
543
543
542
542
542
542
543
543
541
541
541
541
541
541
542
541
541
540
540
536
335
335
347
361
369
376
384
393
394
396
399
400
401
403
405
408
407
407
407
408
408
408
409
410
411
412
412
412
414
414
415
416
416
416
417
417
418
418
418
418
419
420
420
420
421
423
423
422
421
421
421
422
422
423
423
423
423
423
424
424
424
424
423
423
637
637
620
605
595
588
580
579
577
573
572
570
569
568
564
563
562
560
560
559
558
557
557
555
554
552
551
550
550
550
550
548
547
547
547
545
544
544
543
543
544
544
544
543
542
542
541
541
542
542
541
541
540
540
540
540
540
540
539
540
539
538
538
538
336
336
349
360
370
377
385
391
396
397
400
401
402
405
405
405
407
407
408
409
410
410
410
411
411
412
412
414
414
415
416
416
416
416
416
418
418
419
419
419
419
420
420
420
420
420
420
420
422
423
424
426
424
423
423
424
424
424
424
423
423
423
424
424
579
579
569
563
558
554
549
549
546
544
542
540
542
540
539
538
538
538
537
537
537
537
536
536
536
536
535
535
535
535
535
535
535
535
535
534
534
535
536
536
536
535
535
535
535
535
536
536
536
536
535
536
536
536
536
536
536
536
537
537
537
537
537
537
370
370
381
388
391
396
398
402
403
404
406
407
410
411
412
413
414
416
416
417
418
419
418
420
421
422
422
423
423
423
425
425
425
425
425
426
427
427
427
427
427
427
427
427
428
429
429
428
428
429
430
430
430
429
429
429
430
430
429
429
430
430
430
429
597
597
585
578
570
566
563
559
558
557
555
551
551
548
547
546
545
544
543
542
541
541
539
539
539
539
537
536
536
536
535
534
534
534
533
533
533
533
533
533
532
532
532
532
532
533
533
533
532
532
532
532
532
532
532
532
532
532
532
533
533
533
532
533
367
367
383
389
392
396
399
403
403
406
408
408
408
409
412
413
416
416
416
418
420
420
420
420
423
423
423
423
423
424
424
425
427
427
427
427
427
427
428
427
427
427
428
428
429
428
429
429
429
429
429
429
429
429
430
430
429
429
429
430
432
432
431
430
600
600
586
577
570
567
565
560
558
557
554
553
550
548
548
547
544
541
540
539
539
539
539
539
537
535
535
535
533
533
532
532
532
532
531
531
530
526
526
527
529
531
531
529
527
527
528
529
529
529
529
529
527
527
527
529
529
529
529
529
529
529
529
529
367
367
384
391
394
398
400
404
404
405
409
411
411
414
415
415
416
418
419
420
421
421
421
423
424
423
424
424
425
425
425
426
426
426
427
427
427
427
428
428
429
430
429
429
429
431
431
430
430
430
431
431
430
430
431
431
431
431
431
431
432
431
431
431
600
600
587
577
571
566
562
560
557
555
552
550
549
545
544
544
542
540
540
538
537
537
535
534
534
533
532
532
532
531
531
531
530
530
529
529
529
529
529
528
528
528
528
528
528
528
527
527
528
528
528
527
527
527
528
527
527
527
528
528
528
528
528
528
366
366
384
394
395
398
404
407
407
407
410
412
413
414
415
416
417
418
420
420
421
421
422
423
423
424
424
426
425
426
426
426
427
428
428
428
428
428
428
429
429
429
430
430
430
431
432
432
431
431
431
431
432
432
432
432
431
431
431
431
432
431
432
432
602
602
587
579
572
567
564
560
557
554
553
550
549
547
545
544
543
540
540
539
537
536
535
534
534
533
533
531
530
529
530
529
529
529
529
528
528
528
528
527
527
527
527
527
527
527
527
527
526
525
525
526
526
527
527
527
527
527
528
527
526
526
525
526
369
369
386
391
396
400
401
405
407
409
410
411
413
415
416
417
418
418
420
421
421
422
422
422
423
423
422
422
425
425
426
428
428
427
427
428
428
428
428
429
429
429
429
430
430
430
431
431
431
432
432
431
431
431
431
431
432
432
431
431
431
431
431
431
