478
478
480
479
480
479
480
480
480
480
478
480
479
480
480
480
480
480
480
480
480
479
476
479
480
480
480
480
480
480
480
481
480
481
481
481
481
485
485
480
480
480
480
480
480
480
480
480
479
480
476
479
479
479
481
481
480
480
481
481
480
480
480
479
547
555
555
553
552
550
552
551
557
551
549
549
549
549
549
549
548
548
548
549
549
549
547
546
546
544
548
548
548
547
547
547
547
547
547
546
545
545
545
546
545
547
546
547
546
546
546
546
545
545
545
545
545
544
542
542
543
544
544
544
544
543
543
543
391
391
401
402
405
409
411
413
415
416
417
420
420
421
423
423
423
422
427
429
430
430
432
433
433
434
435
435
437
437
437
437
438
438
439
440
440
440
441
441
441
443
443
443
443
444
444
445
445
444
444
427
446
446
446
446
446
446
447
447
446
446
431
447
580
580
573
573
566
564
561
559
557
555
553
553
553
552
550
548
548
547
546
545
544
544
543
542
542
542
543
541
541
539
539
539
538
538
537
537
536
536
537
539
539
537
535
535
535
535
535
535
534
534
534
534
533
533
533
533
533
533
533
532
532
532
532
532
417
406
413
413
420
422
424
426
426
428
431
431
433
434
434
435
436
436
436
438
438
438
438
439
439
439
439
439
440
418
431
431
441
441
441
441
441
441
442
442
442
442
442
442
441
441
441
441
441
442
442
442
441
441
441
441
441
442
439
439
439
439
441
441
589
589
584
581
577
574
572
571
568
568
568
565
565
563
561
560
560
558
558
562
562
557
555
555
555
554
554
553
553
552
551
550
550
550
550
549
549
549
548
547
548
547
547
547
545
544
543
543
543
545
547
547
545
544
544
543
543
543
544
544
543
543
543
543
397
387
397
404
408
410
411
412
416
416
420
420
423
415
423
423
426
426
428
429
430
430
430
433
433
433
434
434
436
436
436
437
437
439
439
439
439
439
441
441
441
442
442
442
444
444
445
445
445
446
446
446
446
448
448
448
448
448
449
448
448
448
449
450
582
582
576
568
561
561
561
560
557
557
554
553
553
550
550
548
548
548
546
546
546
544
543
543
543
543
542
542
540
539
539
539
542
542
538
538
538
538
537
537
537
536
536
536
536
537
535
534
534
535
535
535
534
534
534
534
534
534
534
535
535
534
534
533
412
412
415
418
421
424
425
425
425
427
429
430
431
432
433
433
434
435
436
436
436
436
436
439
437
437
437
439
439
439
440
440
440
440
439
441
441
442
442
442
442
442
442
443
443
443
443
442
443
443
443
443
444
444
446
446
444
444
444
440
440
443
443
445
587
587
581
578
577
571
570
570
569
566
566
563
562
562
562
560
560
559
558
556
556
556
555
555
555
553
553
553
552
552
552
550
549
549
549
551
548
548
547
547
547
546
546
546
546
547
545
544
544
544
543
545
544
544
542
542
543
543
541
541
541
541
541
541
400
400
402
407
412
414
414
414
417
419
422
422
423
424
427
427
427
427
429
443
429
446
432
433
433
434
434
434
431
426
431
436
436
437
439
440
440
440
441
441
441
442
442
443
443
444
445
444
445
445
445
446
446
445
445
445
448
449
449
449
449
449
449
449
549
549
542
539
535
533
532
532
530
530
531
532
532
533
533
533
533
533
533
533
533
532
531
530
530
530
529
527
527
526
525
524
523
522
522
521
521
521
521
521
521
520
521
521
522
522
525
527
526
526
526
526
526
526
526
526
526
524
525
523
525
523
523
521
420
420
425
429
430
434
435
437
438
438
440
442
442
441
440
440
440
441
443
444
444
445
447
447
447
448
447
447
447
448
452
452
450
450
455
456
456
456
457
454
456
456
456
456
456
456
456
456
455
456
455
455
455
455
456
456
457
457
457
458
459
459
459
460
565
565
561
558
557
554
553
553
551
551
550
548
548
547
547
546
546
544
544
542
542
542
541
539
538
537
537
536
535
535
534
533
532
530
529
529
529
529
529
527
529
528
529
528
528
528
527
527
528
528
528
528
528
528
529
529
528
527
527
526
525
525
524
524
425
420
425
425
425
428
429
431
432
434
434
435
436
436
436
438
438
438
438
441
442
442
443
445
445
446
446
446
447
448
450
451
451
451
451
452
453
453
453
453
457
453
458
452
455
455
455
455
455
457
455
457
455
457
456
458
458
459
460
465
465
461
461
459
567
567
564
561
560
558
558
556
554
554
552
551
549
549
549
548
546
545
544
532
532
539
539
539
539
539
538
537
537
535
535
534
532
532
532
531
530
531
530
530
530
530
530
529
529
527
526
525
525
527
527
525
525
526
526
526
526
526
524
526
524
525
524
524
414
414
417
421
423
425
428
428
429
431
432
434
435
434
435
436
437
439
437
441
441
442
443
447
447
445
445
444
447
447
447
447
448
448
449
450
452
452
452
453
452
452
452
452
453
448
454
456
456
456
456
456
456
457
456
456
456
458
459
459
459
459
460
460
569
569
568
563
563
563
561
549
549
551
552
551
550
548
547
547
547
544
544
544
543
542
540
541
541
541
541
539
536
536
536
535
535
534
532
532
531
531
531
531
531
531
529
525
528
528
528
527
527
526
527
526
526
526
526
525
525
525
525
525
525
525
524
524
413
413
417
422
422
422
426
428
430
430
431
433
435
435
436
436
441
441
441
440
441
441
442
442
442
442
444
445
446
445
447
446
448
448
448
448
450
450
450
451
450
452
451
451
451
445
455
453
455
456
457
457
457
456
457
457
458
458
458
459
459
460
460
460
573
573
569
566
564
562
560
558
558
558
555
553
551
550
548
548
546
545
545
544
543
542
541
540
539
539
539
537
537
536
536
535
535
534
534
532
534
531
531
531
530
531
530
530
530
530
529
528
527
527
527
527
526
526
526
525
525
525
526
525
525
525
523
525
410
410
415
416
419
420
422
424
427
430
430
430
432
434
434
437
439
439
439
439
440
440
440
442
433
442
445
445
445
445
445
445
448
447
447
447
448
449
450
450
450
451
452
452
452
452
454
454
454
455
456
456
455
455
455
458
458
458
458
458
458
459
458
459
559
559
554
549
545
543
536
536
536
532
530
527
526
526
525
525
524
524
523
523
523
522
522
522
522
522
522
522
522
522
521
521
521
521
521
521
521
521
521
520
520
520
521
521
520
520
520
521
522
527
527
525
521
519
520
520
521
521
521
520
520
520
521
520
417
417
423
425
430
437
437
437
441
443
447
447
447
448
451
453
453
454
454
456
456
458
458
459
459
459
459
460
460
461
461
461
461
461
462
462
462
462
463
463
463
462
462
463
463
463
463
463
463
463
462
462
462
463
463
463
463
463
463
463
463
463
464
464
563
563
559
556
552
548
545
543
540
540
536
536
535
532
532
532
529
529
529
526
526
525
524
524
521
519
519
521
521
521
519
515
519
517
518
518
518
518
518
517
517
517
517
517
517
517
519
517
516
516
516
516
516
516
517
520
517
517
516
516
516
516
516
516
427
426
427
432
438
438
440
440
444
446
447
448
450
451
453
453
453
452
455
458
458
458
458
460
460
459
459
462
462
463
462
463
463
463
463
463
464
464
464
464
463
463
465
465
465
465
465
465
465
465
465
466
466
465
465
465
465
465
465
465
465
465
465
464
561
561
553
549
549
546
544
543
543
540
538
534
533
533
534
534
529
528
527
526
524
523
523
521
521
521
521
520
519
519
519
518
517
517
517
517
517
515
515
517
517
516
516
516
516
516
516
516
516
516
516
516
516
516
516
516
515
515
515
516
516
515
515
515
415
415
429
432
435
435
438
442
442
444
447
448
449
451
451
451
455
456
456
456
456
457
459
459
459
460
461
461
461
461
462
463
463
463
463
463
463
463
463
463
461
463
463
464
464
465
464
464
464
464
464
464
464
462
462
465
465
465
464
464
464
463
463
464
569
569
558
555
550
548
547
545
540
538
538
538
532
531
531
531
527
527
527
526
526
526
521
521
521
520
520
520
519
519
519
519
518
517
517
516
503
503
517
517
516
516
516
516
516
516
515
515
515
515
514
514
513
513
513
515
515
515
515
515
515
515
515
515
424
424
430
433
433
438
441
442
443
443
443
447
449
449
453
453
454
454
454
455
458
458
459
459
459
460
460
460
460
462
462
462
462
462
462
463
463
463
463
464
464
464
466
466
466
466
464
464
464
464
465
465
465
465
465
465
464
464
464
464
464
464
464
464
549
557
554
554
552
548
545
545
541
539
538
535
533
533
531
527
527
527
527
527
527
523
523
522
522
519
519
520
520
519
518
517
517
517
517
517
516
516
517
517
516
516
517
517
515
515
516
516
516
515
515
515
515
515
515
515
516
516
514
514
518
518
516
516
425
425
427
432
435
437
439
439
440
445
447
449
450
449
450
452
453
455
457
457
457
457
457
458
460
460
460
460
461
461
459
459
460
460
462
462
462
462
463
463
463
463
465
465
464
464
464
464
465
465
464
464
464
464
464
464
464
465
465
464
464
464
465
465
543
543
535
530
529
521
521
520
515
515
515
515
515
515
515
514
513
513
515
515
515
515
514
514
516
516
516
515
515
516
517
517
517
517
516
516
518
518
518
517
517
517
519
519
518
518
518
519
518
519
519
519
519
519
519
519
519
519
519
518
520
523
523
520
425
425
435
443
449
453
455
459
461
463
466
466
466
467
467
467
468
468
468
468
467
468
468
469
469
468
466
467
467
467
467
468
467
467
466
466
466
466
466
467
467
467
467
467
466
466
466
466
466
466
466
465
465
465
465
465
464
464
463
465
465
465
465
465
552
552
544
537
532
530
526
522
521
518
518
516
516
515
514
514
513
513
513
513
513
513
513
513
513
514
514
512
512
512
512
513
513
513
513
512
512
512
514
514
514
514
515
515
515
515
515
515
516
517
516
513
513
515
516
516
518
518
518
516
516
517
517
518
430
430
433
444
453
454
456
459
462
462
462
465
465
465
466
466
467
467
468
467
467
467
468
470
468
467
466
466
467
467
467
467
466
466
466
467
467
467
466
465
466
467
467
466
466
465
465
465
466
466
465
464
465
465
465
465
464
464
464
464
464
464
464
463
555
555
547
539
536
529
526
525
521
521
518
515
515
515
515
512
512
512
512
513
513
513
516
512
516
512
517
512
511
511
511
511
511
511
512
512
512
513
513
513
513
512
513
513
513
513
513
513
514
514
514
514
514
513
513
514
522
518
518
515
515
515
515
515
430
430
438
446
449
452
456
456
460
462
464
464
464
465
465
466
466
467
465
466
466
466
466
467
466
467
467
467
468
467
467
467
465
465
465
467
467
468
464
465
464
465
465
465
465
465
465
465
465
465
465
465
465
465
465
464
463
464
464
464
464
464
464
463
556
556
547
540
533
531
528
526
521
518
518
518
518
515
514
514
513
514
512
510
510
511
512
512
512
512
512
512
512
511
511
511
510
512
511
512
512
512
512
512
512
512
513
513
513
513
513
513
513
513
513
513
513
514
514
514
514
514
519
514
514
514
515
515
432
432
438
444
449
449
453
459
459
459
463
464
465
464
465
466
468
468
468
466
466
466
456
456
466
466
466
465
466
466
467
466
467
467
467
466
466
466
466
467
467
466
466
466
465
465
466
466
466
465
465
465
465
465
465
463
463
463
464
465
465
463
463
464
555
555
548
541
536
533
527
525
523
522
522
518
516
515
513
512
513
512
512
512
512
510
510
512
512
511
511
511
512
512
512
512
511
511
503
503
512
512
511
511
511
510
512
512
512
512
512
512
512
512
513
513
513
513
513
513
513
513
514
514
514
514
514
513
431
431
438
438
444
449
454
456
462
463
463
467
463
466
466
466
466
466
466
466
465
467
467
467
466
466
467
467
467
467
467
467
467
467
467
466
466
466
466
466
467
466
465
465
465
466
466
466
464
464
465
466
465
465
465
458
464
464
465
465
465
464
464
464
