480
480
480
480
479
480
480
480
480
480
480
483
484
484
482
480
480
480
480
480
480
480
480
480
480
480
480
480
480
480
491
501
501
480
480
480
480
480
480
480
480
480
479
480
480
480
480
480
480
480
480
480
480
480
480
480
480
480
464
480
480
480
480
480
524
524
522
520
500
519
519
519
518
518
517
517
517
517
516
516
516
516
516
516
515
515
515
515
515
515
515
514
514
514
518
514
514
514
514
514
513
513
513
513
513
513
513
513
513
512
512
512
512
512
512
512
512
512
512
512
512
512
512
512
512
512
511
512
440
440
443
446
449
449
451
452
452
455
455
456
457
457
458
459
460
460
460
461
461
462
463
466
463
465
464
464
464
464
465
465
465
465
467
467
466
466
466
466
467
467
467
467
467
468
468
468
468
468
468
469
468
468
468
469
469
469
469
469
469
469
469
469
545
545
543
539
537
536
535
533
532
531
530
530
529
529
529
526
532
526
526
526
525
525
524
524
529
530
530
523
523
522
522
522
522
522
521
521
520
520
520
520
520
519
507
507
519
519
518
518
518
518
518
518
517
517
517
517
517
517
517
517
523
523
520
517
433
427
433
439
441
443
444
446
447
448
450
451
451
452
452
452
454
454
454
454
454
454
456
458
458
458
459
459
460
465
465
461
461
461
461
461
462
463
463
463
463
464
464
464
464
464
464
465
465
465
465
465
466
466
466
466
466
466
466
467
467
467
467
467
549
549
545
543
541
539
538
535
535
535
532
532
532
531
531
531
531
529
528
527
527
526
525
525
525
524
524
523
523
523
522
523
521
521
520
520
519
519
519
518
518
516
502
516
516
516
517
520
520
514
514
513
513
513
513
512
512
512
498
498
511
511
511
509
444
444
444
448
450
452
454
454
455
455
457
457
458
458
459
460
462
461
461
461
462
462
462
463
463
463
463
463
464
464
464
464
464
464
464
464
465
465
465
465
465
466
466
466
466
466
464
464
464
466
466
466
466
466
466
466
467
467
467
467
466
467
467
467
547
547
543
541
541
539
538
538
537
540
535
533
532
532
532
531
538
530
537
529
529
528
527
527
527
527
526
526
526
526
526
525
525
524
524
524
524
523
523
522
522
522
521
506
521
520
521
521
521
520
520
520
520
520
519
519
519
519
519
519
519
518
518
518
431
431
435
437
439
443
443
445
445
446
446
448
449
449
450
451
453
453
453
453
455
455
455
456
456
456
457
458
458
458
459
459
460
461
461
461
461
462
462
462
463
464
464
464
464
465
465
465
466
466
466
467
467
468
468
468
468
468
472
472
469
469
469
469
519
534
537
537
534
534
533
531
531
531
528
527
526
526
525
524
524
523
523
522
522
521
521
521
520
519
519
518
518
518
518
517
517
517
517
516
516
516
516
515
515
515
515
514
514
514
514
514
514
513
513
513
513
513
513
510
513
512
512
512
512
512
511
511
447
447
447
450
452
452
452
453
455
455
456
457
458
459
459
460
460
460
461
462
462
462
462
462
463
464
464
464
464
465
465
466
466
466
466
449
466
469
469
468
467
467
467
469
468
468
468
468
468
468
468
468
469
468
469
469
469
469
469
469
469
469
469
469
524
531
524
523
521
520
518
518
516
515
514
513
511
510
509
508
508
507
507
507
507
507
508
508
507
507
507
508
508
508
508
508
508
508
508
508
508
508
507
507
506
505
505
505
504
504
503
503
503
503
503
503
504
504
504
504
504
504
504
504
504
504
505
505
441
441
444
447
449
450
452
454
456
457
459
460
462
463
463
460
460
462
467
469
469
469
469
469
469
469
469
469
469
469
469
469
469
469
469
469
470
470
470
471
471
472
472
473
473
473
474
473
473
473
474
474
474
474
474
474
474
473
474
473
473
473
473
473
548
548
542
540
538
536
535
535
534
532
532
528
527
525
523
522
521
520
520
519
518
517
516
505
515
515
515
516
516
515
515
503
514
514
514
513
513
512
512
511
510
510
510
510
509
509
509
508
507
507
507
506
506
506
506
506
506
506
506
506
506
507
507
507
440
440
442
444
446
447
449
451
451
453
455
456
458
458
458
461
466
466
464
464
465
466
466
466
466
467
467
467
467
467
467
467
467
468
469
469
469
468
469
469
470
470
470
471
472
472
472
473
473
474
470
470
470
475
475
475
475
475
475
475
475
475
474
474
543
543
540
538
537
535
534
533
531
531
527
527
526
525
523
522
522
521
519
519
517
517
516
516
515
515
515
515
514
513
513
513
519
519
513
512
511
511
511
511
510
510
510
509
509
508
508
508
508
508
506
506
506
505
505
505
505
506
505
506
505
506
505
506
443
443
445
447
448
448
449
452
454
454
456
457
458
458
460
461
478
478
465
465
465
465
465
465
467
467
469
469
470
468
468
468
468
467
467
468
468
468
469
469
470
470
471
471
471
472
472
472
472
473
474
474
474
474
474
475
475
475
475
475
475
474
475
475
542
542
540
538
536
535
534
532
531
530
528
528
527
524
522
522
522
520
520
520
519
519
517
516
516
515
515
514
514
514
514
514
513
513
512
512
512
512
512
510
510
510
510
510
509
509
509
508
508
508
507
507
507
506
506
506
506
505
505
505
505
505
505
505
443
440
443
446
448
450
450
450
452
453
455
455
457
458
458
459
461
461
462
463
464
464
465
465
465
466
466
466
466
467
467
467
467
468
468
468
468
469
469
469
469
469
469
470
470
470
471
471
471
472
472
473
473
473
474
474
474
474
474
474
475
475
475
475
543
549
543
539
537
536
536
535
532
531
530
530
529
527
526
525
524
523
522
521
520
520
520
519
517
517
516
516
515
515
514
514
514
514
513
513
513
513
513
513
512
511
511
510
510
510
509
509
509
508
507
507
507
507
509
507
506
506
506
506
506
505
505
505
440
440
445
446
448
449
450
451
452
454
454
455
457
458
458
459
460
461
461
462
463
463
464
465
465
466
466
466
466
467
467
467
467
468
468
468
468
468
468
469
469
469
470
470
470
470
470
471
471
472
473
473
473
473
473
473
474
474
474
475
475
475
475
475
534
534
529
524
520
516
514
513
513
512
510
509
507
507
511
511
505
505
505
504
504
504
504
504
504
504
504
504
504
504
504
504
504
504
504
504
504
504
497
503
503
503
504
504
504
503
503
503
503
504
504
504
503
503
503
503
503
503
504
504
504
504
508
508
444
439
444
454
455
457
458
458
461
464
465
467
468
468
469
470
471
471
472
472
472
472
473
474
474
475
475
475
475
476
476
477
476
477
476
477
477
477
477
477
477
477
477
477
477
478
478
478
478
478
483
478
478
478
478
478
478
478
478
478
478
478
478
478
536
536
534
532
529
528
526
523
521
519
518
518
515
515
513
512
512
511
510
509
509
509
509
509
508
507
507
507
508
508
507
506
506
506
506
506
507
507
507
507
507
507
506
506
506
506
506
505
505
505
505
506
506
506
506
506
506
506
506
506
506
506
506
506
439
439
444
446
449
451
453
460
462
464
462
462
462
463
463
467
467
467
469
469
467
467
467
468
469
471
473
473
473
471
471
472
472
473
472
474
472
473
473
476
478
476
475
475
475
475
474
474
474
475
476
476
476
475
475
475
475
476
476
476
476
476
475
475
547
547
543
540
538
536
534
531
529
525
515
523
521
521
520
520
515
515
515
514
514
514
514
512
512
512
510
509
510
510
510
509
508
508
508
508
508
508
508
508
508
508
507
507
507
507
508
507
507
507
507
507
507
507
507
507
507
507
507
507
507
507
508
508
434
434
438
441
445
447
449
451
453
454
456
457
459
460
460
461
462
463
463
463
464
464
465
465
466
468
468
467
467
468
468
468
469
469
469
470
470
470
470
471
471
471
471
472
472
472
471
472
471
471
471
471
472
472
473
472
471
470
470
471
471
472
472
471
558
558
551
550
546
544
544
541
535
533
531
530
529
527
524
524
524
524
522
520
520
519
518
518
521
521
518
516
515
515
515
515
515
515
513
512
512
510
510
512
512
512
511
510
510
509
509
509
509
511
511
511
509
507
506
506
498
512
510
510
509
508
508
511
423
423
430
439
445
445
442
442
443
445
450
453
453
455
447
454
454
455
457
462
463
463
462
460
460
460
462
464
465
465
465
464
465
464
464
464
462
469
457
465
465
467
470
472
474
474
470
468
467
467
468
471
474
475
475
466
466
466
470
473
475
475
471
469
560
560
547
538
538
542
546
546
544
540
533
531
525
523
525
531
531
531
525
519
517
517
519
522
522
522
521
514
514
511
514
514
517
517
515
514
514
517
517
510
509
508
508
513
513
513
513
513
513
512
513
513
513
513
509
505
505
505
509
515
515
514
513
512
433
431
426
426
430
436
445
456
456
451
444
444
447
451
457
463
463
461
456
454
454
459
460
467
467
467
462
462
460
462
464
469
470
470
466
463
462
462
465
470
472
472
471
465
464
464
471
472
473
473
471
468
466
466
467
468
471
472
472
471
470
466
466
470
536
536
533
524
524
517
517
517
512
512
511
511
510
509
510
509
511
509
511
508
511
511
511
511
511
508
511
509
511
509
511
510
511
510
511
510
512
510
512
512
513
512
512
512
512
512
513
513
513
513
512
513
513
513
513
513
513
514
513
515
513
513
513
513
433
433
443
449
455
457
463
466
468
470
471
472
472
473
475
474
475
475
475
475
476
475
476
476
480
480
476
475
476
476
476
476
476
478
475
475
474
474
485
485
474
473
473
473
473
473
472
473
471
471
471
471
471
473
471
472
472
472
472
472
470
472
470
470
549
549
542
535
534
525
522
520
516
515
513
513
511
511
510
510
507
507
510
510
509
509
509
509
509
509
509
510
510
510
512
509
509
509
510
510
510
510
509
509
510
510
510
510
510
510
510
511
511
511
511
512
512
510
510
512
512
516
516
512
512
513
513
513
434
434
434
439
457
459
463
465
468
469
471
471
474
476
475
476
475
477
476
477
477
477
477
477
477
477
477
477
478
478
478
478
478
478
478
478
478
477
477
477
477
477
477
477
477
477
477
477
477
477
477
477
476
476
476
476
475
459
459
474
476
474
475
474
547
547
540
536
524
523
516
516
514
514
511
509
509
509
508
508
507
507
507
507
504
506
505
506
506
506
506
507
506
507
506
507
506
506
506
506
507
507
507
506
506
507
507
508
508
508
508
508
508
508
508
508
508
507
508
507
507
506
506
507
508
509
510
516
444
444
448
458
461
466
466
471
471
474
475
476
476
477
477
478
478
478
478
479
479
480
480
480
480
480
480
480
480
480
480
480
480
481
480
480
480
480
480
481
480
481
481
481
481
480
480
480
480
480
480
480
479
479
479
481
479
480
479
480
479
480
479
480
538
545
538
520
518
516
514
512
510
509
507
507
506
504
502
504
502
504
504
504
504
504
504
503
504
508
508
504
504
503
503
503
503
504
504
504
504
504
507
507
503
503
505
505
505
505
505
505
505
510
505
506
505
506
506
506
506
506
506
506
505
506
506
506
446
446
460
465
465
468
471
473
476
477
478
479
479
480
481
481
482
482
482
482
483
483
483
483
483
484
484
484
483
483
483
484
484
484
484
483
483
483
483
483
483
483
483
483
483
483
483
483
483
482
483
482
483
482
482
482
482
482
483
483
483
483
482
483
535
535
527
522
518
515
515
513
509
508
506
506
505
505
505
504
503
503
503
503
503
503
503
489
503
503
503
503
503
504
504
503
503
503
503
503
503
503
504
504
504
504
504
504
504
504
504
504
504
504
504
504
504
504
505
505
505
505
505
505
505
505
505
505
448
448
457
457
461
469
472
472
477
477
479
480
480
480
481
482
483
483
483
483
483
484
484
484
484
484
484
484
484
484
484
483
483
483
484
484
484
483
483
483
483
483
483
483
482
482
482
482
483
483
483
482
482
482
484
484
484
481
484
481
483
478
483
478
