491
483
480
480
480
481
481
480
480
480
480
480
480
480
480
480
481
480
480
480
480
480
480
480
480
480
480
480
480
481
481
480
480
480
480
480
480
480
479
479
480
480
480
480
479
479
480
480
480
480
481
481
480
480
480
480
480
480
480
480
480
480
480
480
537
537
536
535
533
533
532
531
531
530
530
529
529
528
528
527
527
526
527
525
525
525
525
525
524
524
523
523
523
523
522
522
522
522
522
521
521
521
520
520
520
520
520
519
519
519
519
519
519
519
518
518
518
518
518
518
518
518
518
518
518
518
518
517
432
432
436
439
442
444
445
448
449
449
451
452
453
458
463
458
454
454
456
456
456
456
456
457
458
458
458
459
459
459
459
459
459
459
459
460
459
460
460
460
461
461
461
459
459
461
461
461
462
462
461
461
461
461
462
461
461
461
461
462
461
462
461
461
560
560
557
554
552
550
548
546
545
544
542
541
540
539
539
539
538
538
538
537
536
536
535
535
534
534
534
533
532
532
532
530
530
531
531
531
531
531
531
530
530
530
530
530
530
530
529
529
528
528
528
528
529
529
529
529
529
529
529
528
529
528
528
528
415
415
422
425
425
428
433
434
437
439
439
439
440
441
443
445
443
443
443
438
445
445
446
446
446
447
447
447
447
448
448
448
449
449
449
449
449
450
450
441
441
451
451
452
452
452
452
452
452
452
452
452
453
453
453
455
453
453
453
454
454
454
454
454
571
571
567
564
561
559
559
558
553
552
551
548
547
546
544
544
544
541
540
540
539
539
537
537
535
534
534
534
533
533
532
531
531
531
530
529
530
529
528
528
528
528
527
526
526
526
525
525
525
525
524
524
524
524
524
524
523
523
522
522
522
521
521
521
427
427
432
435
437
440
441
441
443
440
446
446
449
450
450
451
451
451
453
453
453
455
455
455
455
456
456
456
456
458
458
458
458
458
458
458
459
459
460
460
460
460
460
460
460
460
460
460
460
460
461
460
461
461
461
461
461
461
461
461
462
462
462
462
563
563
557
553
549
549
547
547
549
549
543
541
540
539
538
537
536
536
535
535
534
533
533
533
532
533
531
531
530
530
530
530
530
529
530
529
529
528
528
528
529
529
529
528
528
528
528
528
528
528
528
528
528
527
528
527
528
527
527
527
527
528
527
527
418
417
418
426
431
433
435
435
436
436
438
440
440
440
442
443
443
444
444
444
444
445
445
446
446
447
447
447
447
448
448
448
448
449
449
449
449
449
449
450
450
450
450
450
451
451
451
451
451
452
452
453
453
453
452
452
452
453
453
453
453
453
454
454
574
574
570
561
561
561
559
558
556
554
553
550
549
547
547
547
546
542
542
542
542
542
540
540
540
540
539
538
536
536
536
535
531
531
533
534
534
533
532
532
532
532
531
530
530
530
530
531
529
528
528
528
528
528
527
527
527
526
526
526
526
525
525
525
421
421
426
429
432
436
438
438
441
441
442
442
444
446
447
447
447
448
450
450
450
451
451
451
453
453
453
454
454
455
455
456
456
456
456
456
456
457
458
458
458
459
459
459
459
459
460
460
460
460
461
461
463
463
461
461
461
461
462
462
462
461
461
461
542
542
532
528
528
526
525
525
525
526
526
526
526
526
526
526
525
525
525
525
525
524
524
524
523
524
523
521
518
519
519
519
518
518
517
517
517
517
518
518
518
519
519
519
521
522
523
524
524
525
524
525
524
525
524
524
524
524
523
523
523
523
522
521
425
424
424
442
445
448
451
452
452
453
453
447
447
453
453
453
453
453
455
455
455
455
456
456
456
457
457
457
461
461
460
460
461
463
464
464
465
466
466
467
468
468
468
467
468
467
467
466
466
464
464
464
463
463
462
462
462
462
462
462
463
463
464
464
541
560
560
553
549
542
540
540
537
536
533
531
530
529
529
528
528
527
527
527
533
533
529
529
529
529
529
528
528
528
527
527
527
527
527
526
525
525
525
525
523
523
523
521
520
520
519
518
518
518
518
518
518
518
519
520
520
521
522
523
524
524
524
524
424
424
433
433
433
439
441
442
444
446
447
449
453
454
454
457
458
458
459
460
459
460
460
460
459
459
459
460
459
449
449
459
459
459
459
460
460
460
460
460
460
461
461
462
463
464
464
464
464
468
468
469
469
469
470
470
468
468
468
468
468
468
468
468
561
561
558
554
552
549
547
546
543
541
540
538
537
535
534
532
531
530
530
529
526
525
524
524
523
523
523
523
521
521
521
521
521
522
522
522
523
523
522
522
525
525
523
523
523
523
523
523
522
522
522
521
521
521
520
520
519
519
518
517
518
518
518
517
430
430
433
436
438
440
443
440
443
444
448
448
448
448
450
450
450
451
452
453
453
455
455
457
457
457
460
461
461
461
462
458
462
463
463
463
463
463
463
463
463
462
462
463
463
464
464
464
463
463
463
463
463
463
464
464
464
457
457
467
467
467
468
468
562
562
553
550
548
545
543
543
541
538
538
538
537
535
534
533
533
532
532
531
531
530
530
529
528
527
527
526
525
525
525
525
525
522
522
521
521
520
520
520
520
519
519
520
520
520
520
520
520
521
521
521
521
521
521
521
521
521
521
520
520
520
520
520
426
426
432
435
435
438
444
446
446
449
449
449
451
452
452
453
453
454
454
454
455
455
455
455
455
455
456
456
457
458
458
458
459
459
460
461
461
462
463
463
464
464
465
465
465
467
467
467
467
468
467
466
466
466
466
466
466
466
465
465
465
465
465
465
564
564
559
555
547
546
546
544
541
539
538
536
533
532
531
531
530
529
528
528
528
528
527
527
527
525
525
525
525
525
524
523
523
523
524
524
524
524
522
522
522
522
521
521
520
520
519
519
519
518
518
518
518
518
518
518
518
518
518
518
519
520
519
520
425
425
429
431
436
439
441
441
442
446
447
447
447
448
451
451
451
453
455
455
456
456
457
458
458
459
459
460
460
460
460
460
459
461
470
470
461
460
461
461
462
462
462
463
463
464
464
464
464
464
465
466
466
467
467
467
468
468
468
468
468
468
468
469
545
545
538
534
530
526
523
521
521
521
520
520
520
518
517
517
517
518
518
518
518
503
503
516
516
516
516
517
517
518
516
516
516
516
516
516
517
517
518
518
516
516
516
516
516
515
516
516
517
517
516
516
516
516
517
518
517
517
516
516
515
515
516
517
431
428
431
441
445
449
449
451
453
454
456
458
460
461
462
462
463
463
467
467
467
465
457
457
459
472
472
468
468
469
469
469
470
470
470
470
469
469
470
470
470
474
471
471
471
471
471
471
471
471
471
471
469
469
469
470
471
471
471
471
471
471
471
471
549
549
547
542
539
535
532
530
529
528
526
524
523
523
521
521
520
520
519
517
517
518
518
517
517
517
516
516
516
515
515
515
515
515
515
515
515
515
515
515
515
515
515
515
515
515
515
514
514
514
514
514
514
514
514
514
514
514
514
514
517
517
514
514
432
432
437
440
444
447
449
452
454
455
457
458
459
459
461
462
463
463
463
463
466
466
466
466
466
461
467
468
468
468
467
469
469
470
470
470
469
469
470
470
470
470
470
471
471
471
471
475
475
471
471
471
471
471
471
471
470
471
470
470
470
470
471
471
552
552
546
546
538
535
533
529
528
527
526
525
525
523
522
521
521
520
520
518
518
518
518
516
516
516
516
516
516
516
516
515
515
512
512
515
515
514
514
514
514
514
513
513
514
514
514
514
514
514
514
513
513
513
511
513
513
513
514
514
514
513
513
514
431
431
436
440
444
446
449
452
453
456
456
457
460
463
463
465
464
464
464
468
468
466
466
467
467
468
467
468
467
468
467
468
468
469
469
469
469
469
470
470
470
470
470
470
470
470
470
470
471
471
470
470
470
471
471
472
472
471
471
471
470
470
470
470
552
552
546
542
539
535
533
531
529
528
527
525
524
523
522
521
520
519
519
519
518
517
517
517
517
517
517
516
515
515
515
515
520
515
515
514
514
514
514
514
514
514
514
514
514
513
513
512
513
513
513
513
513
513
513
513
513
509
513
513
514
514
513
513
431
431
436
440
443
450
455
453
453
453
456
457
459
460
462
463
464
464
464
465
465
466
466
466
468
468
468
468
468
468
468
469
470
470
470
470
470
470
470
470
470
471
471
471
471
471
471
471
471
471
471
472
472
472
472
471
471
471
471
471
472
472
471
471
552
552
547
542
538
535
533
531
530
527
526
526
525
521
521
521
520
520
519
519
518
517
516
517
517
517
516
516
515
515
515
515
514
514
514
514
514
514
514
513
513
513
513
513
513
513
513
513
513
512
512
513
513
513
513
512
513
512
513
512
512
512
513
513
430
430
436
440
443
446
448
451
455
455
455
455
460
461
461
462
462
464
464
465
465
467
467
467
468
468
468
468
468
469
469
469
469
470
470
470
470
470
470
471
471
471
471
471
471
471
471
471
471
471
471
471
471
471
472
471
472
471
471
471
471
471
471
471
531
531
524
521
518
516
516
514
514
513
513
514
514
513
512
512
512
512
513
512
512
512
513
513
513
513
513
514
514
513
513
512
512
513
517
517
513
513
513
513
513
513
514
514
514
514
514
516
516
516
514
515
515
515
514
514
514
516
514
515
515
515
515
515
437
437
444
451
453
453
453
466
470
471
471
472
472
473
473
474
474
474
474
475
475
475
475
475
475
474
474
474
474
475
475
475
475
475
474
474
474
474
474
474
474
473
473
474
474
473
473
473
473
473
473
473
473
473
473
473
472
472
472
472
472
472
472
472
541
541
534
529
524
519
519
517
515
513
513
513
511
511
510
510
510
516
516
510
509
509
509
510
510
509
509
509
509
509
509
509
510
510
509
509
509
509
509
510
510
510
510
510
511
511
510
510
511
511
511
511
511
511
510
510
511
511
512
511
511
511
511
512
440
440
448
450
458
462
462
464
462
469
472
473
472
473
473
473
474
474
474
474
474
474
475
475
475
475
475
475
475
475
475
475
475
475
474
474
475
475
474
474
474
474
474
474
473
474
474
474
474
474
474
473
473
473
473
473
473
473
473
473
472
473
476
476
555
555
536
532
527
523
521
517
516
515
513
513
512
511
511
511
510
509
509
509
509
509
509
509
509
509
509
509
509
508
508
508
509
509
509
509
509
511
509
509
509
509
510
510
509
509
510
510
510
510
510
510
510
510
510
510
510
510
509
509
509
508
508
508
441
441
449
453
457
458
464
466
467
469
471
472
472
473
477
477
476
476
477
480
480
480
480
483
483
481
479
478
477
475
475
475
476
476
476
476
475
476
475
476
476
476
476
475
476
474
476
474
476
476
476
475
475
475
475
475
475
474
474
474
474
475
475
475
542
542
534
528
526
522
517
517
517
517
514
512
512
511
511
510
509
507
508
508
508
507
507
507
506
507
507
508
508
508
508
508
508
508
508
508
508
509
509
507
507
507
506
507
505
507
507
507
505
505
505
506
506
506
508
508
501
501
511
511
507
507
507
508
442
442
449
453
457
462
464
467
469
471
473
473
474
474
475
475
476
476
476
477
477
477
478
477
478
477
478
477
477
477
477
479
479
479
477
477
477
477
477
477
477
477
477
477
477
477
476
476
476
476
476
476
476
476
476
476
485
485
477
476
476
476
476
475
548
548
536
530
525
522
520
517
517
514
513
512
512
510
510
509
510
509
508
508
508
508
508
508
507
507
507
507
507
507
507
507
507
507
507
507
507
507
507
507
507
507
507
507
507
507
507
507
507
507
507
507
507
508
508
508
508
508
508
508
508
508
508
508
439
439
447
451
457
460
464
466
468
471
471
474
474
474
474
475
476
476
475
475
477
477
477
477
478
478
478
477
477
478
478
478
478
478
478
477
477
477
477
477
477
478
478
478
477
476
476
477
477
477
477
477
477
477
477
476
476
476
476
477
477
477
476
467
