480
480
480
480
480
480
480
480
479
479
480
480
480
480
480
480
480
480
480
480
481
486
481
480
480
480
480
480
480
480
479
479
480
480
480
480
481
480
480
480
480
480
479
479
479
479
479
479
480
480
480
479
479
479
480
480
480
480
480
480
480
480
480
480
532
533
533
529
528
527
526
525
524
524
524
523
522
522
522
521
521
521
521
521
520
520
519
519
519
519
518
518
518
507
507
518
518
518
517
517
517
517
517
516
516
516
515
515
516
516
516
516
516
515
516
515
515
515
515
515
515
515
515
514
514
514
511
511
420
420
427
436
436
438
438
440
442
443
444
446
447
448
447
448
446
449
450
450
451
451
452
453
454
454
455
455
455
455
455
456
456
456
456
456
456
456
456
457
457
457
457
457
457
457
458
458
458
458
458
458
458
458
458
458
458
458
459
459
459
459
459
459
568
568
562
562
559
550
547
547
546
544
542
541
539
538
538
537
535
534
534
532
532
531
531
529
529
529
528
528
528
526
526
530
535
530
525
524
524
524
523
523
523
522
522
521
521
521
521
520
520
520
520
520
520
520
520
519
518
519
519
519
519
519
518
518
425
408
425
429
431
434
435
438
439
440
441
443
444
444
445
446
446
446
447
447
448
448
449
450
450
451
451
451
451
452
452
453
452
453
454
454
454
454
454
454
455
455
455
455
455
455
455
456
456
456
456
456
456
457
457
457
457
457
458
458
458
458
458
458
572
572
566
562
559
555
552
551
550
548
546
545
543
543
542
540
540
539
537
537
537
536
535
534
534
533
532
531
531
530
530
529
529
529
527
527
527
527
526
526
525
525
525
525
524
525
523
523
523
523
523
523
522
522
522
522
521
521
521
521
521
521
521
522
417
417
420
426
426
429
433
433
436
437
438
439
441
441
442
443
443
443
445
446
446
446
447
447
447
448
447
449
449
449
450
450
451
451
451
451
452
452
452
452
453
453
453
454
454
454
455
455
455
455
456
456
456
456
457
457
457
455
455
455
456
458
458
458
572
572
567
566
560
556
554
552
550
548
545
545
545
543
542
541
541
540
539
538
538
537
537
535
535
535
534
533
533
533
531
531
531
530
529
529
529
517
516
516
527
527
526
526
525
524
525
524
524
524
523
523
523
522
522
522
522
522
521
522
521
521
521
521
416
416
421
425
428
430
432
432
434
437
438
437
438
441
441
442
442
444
444
444
445
445
445
446
447
447
447
448
448
448
449
450
450
450
450
450
451
451
451
451
452
452
456
456
453
453
453
453
454
455
455
455
456
456
456
456
457
457
459
459
459
458
458
458
573
573
568
564
561
559
556
555
553
553
551
548
547
545
544
544
543
542
541
541
540
539
539
538
542
537
535
535
535
535
534
533
532
532
532
531
530
530
529
528
528
528
528
527
527
527
525
525
525
525
525
524
524
524
524
523
523
523
522
522
522
522
522
522
417
417
419
423
426
428
430
430
430
432
435
436
438
439
439
440
442
442
442
442
443
443
444
443
444
445
446
446
447
447
448
448
448
449
449
449
449
449
450
450
450
450
451
452
452
452
452
453
453
453
441
454
454
455
455
449
449
455
457
457
457
457
458
458
544
544
538
533
528
526
522
520
520
520
519
519
518
518
518
518
517
517
518
518
518
518
518
518
518
518
518
519
519
519
519
520
520
519
518
518
519
519
519
519
519
518
518
518
518
518
517
517
518
518
518
518
525
519
519
519
519
519
519
519
519
519
518
519
448
432
437
437
440
443
445
446
449
451
451
452
453
455
456
458
459
459
459
461
461
461
462
462
462
462
463
463
463
463
463
464
464
464
464
464
464
464
465
465
465
465
465
466
466
466
466
466
466
466
466
466
466
466
466
466
465
465
465
465
466
466
466
466
560
560
550
547
547
543
541
538
536
533
531
531
530
530
530
527
526
525
525
524
523
523
522
521
521
521
521
520
520
521
521
520
519
520
521
521
520
519
519
519
519
519
518
518
519
519
519
519
519
519
519
519
519
519
518
518
518
518
519
519
519
519
519
519
429
429
430
434
435
437
441
443
445
446
447
447
448
451
451
452
452
454
455
455
456
457
457
458
458
459
459
460
460
460
461
461
462
463
463
463
465
465
463
455
463
464
464
465
465
465
465
465
465
465
466
466
466
466
466
466
465
465
465
466
466
467
467
466
560
560
555
548
546
546
543
540
539
537
534
533
532
530
528
528
528
528
527
525
524
524
524
523
522
521
521
521
521
521
520
521
520
520
519
519
519
519
519
518
518
518
518
518
518
518
518
518
518
518
518
518
518
517
517
517
517
517
517
517
517
517
518
517
426
426
432
435
439
440
441
442
443
445
446
447
447
450
450
451
451
452
453
454
454
455
456
456
456
457
458
458
458
460
460
461
461
461
462
462
462
463
463
464
464
464
464
467
467
469
469
469
466
466
466
466
465
465
466
466
466
466
466
466
466
466
466
467
561
561
559
553
550
547
545
542
542
540
537
536
530
526
526
526
528
528
526
526
525
525
525
516
516
520
521
523
525
525
520
520
520
519
519
519
519
519
519
519
519
518
518
518
519
519
518
518
518
518
517
517
517
517
517
517
517
517
517
518
518
517
516
516
426
426
434
436
436
441
442
442
444
445
446
447
448
449
450
450
451
452
452
454
455
455
456
457
457
458
458
463
460
461
461
461
461
461
461
462
462
463
463
463
463
464
464
465
472
472
465
465
465
465
466
466
465
465
466
466
467
467
467
467
467
467
467
467
566
566
556
550
549
547
544
543
539
538
537
536
534
534
533
531
529
528
527
525
525
524
522
521
522
521
521
521
521
520
520
520
520
519
519
519
519
519
519
518
518
518
518
518
518
518
518
518
518
517
517
516
516
516
516
516
501
516
515
516
515
515
515
515
428
428
432
438
440
440
441
443
444
445
447
448
449
450
450
451
451
452
453
454
455
456
456
458
458
458
460
460
460
461
461
462
462
462
463
463
463
464
464
463
463
464
465
466
466
466
466
466
466
466
466
467
467
467
467
467
467
467
467
467
469
469
468
468
541
541
536
531
526
523
521
518
518
517
517
517
516
516
516
516
516
515
515
515
515
515
515
515
515
514
513
514
515
517
517
517
515
515
515
514
514
514
517
517
515
515
514
514
514
515
516
516
516
516
515
515
515
517
517
517
517
516
517
514
514
514
517
517
454
446
452
452
454
454
454
456
458
462
462
464
465
467
466
466
466
469
469
470
470
470
470
470
470
472
472
472
472
471
471
471
471
472
472
472
472
472
472
472
472
472
473
473
473
473
473
474
474
472
472
472
472
472
472
471
471
471
472
473
473
472
472
472
547
547
541
535
535
528
528
526
524
522
520
520
520
516
516
517
517
516
516
515
515
515
515
515
515
515
515
515
515
515
515
515
515
515
514
514
514
514
514
514
515
515
515
515
515
515
515
515
515
515
515
514
514
514
515
515
516
516
515
515
515
515
515
516
435
435
437
442
450
452
455
457
458
459
462
463
465
465
467
467
467
468
468
470
470
470
470
471
471
471
471
472
472
472
472
472
472
472
472
472
473
473
473
473
473
472
473
473
473
473
473
472
472
473
473
473
474
473
473
473
473
473
473
473
474
474
473
473
548
548
543
538
534
532
529
527
525
523
522
520
519
519
519
523
517
516
516
516
515
515
515
515
515
515
515
514
514
514
514
514
515
514
514
514
514
514
513
514
514
515
515
514
514
513
514
513
514
514
514
514
514
514
514
514
514
515
515
514
514
514
514
515
437
437
442
449
453
453
454
456
458
460
461
463
464
466
466
467
468
468
468
469
470
470
471
471
471
471
472
472
472
472
472
472
472
472
472
473
474
474
473
473
473
473
473
473
473
473
473
473
473
473
473
473
474
474
474
473
473
473
473
474
474
473
473
473
547
549
547
538
534
530
528
528
525
522
521
520
520
518
518
517
517
517
516
514
515
514
514
514
514
513
514
514
514
513
513
513
513
513
514
514
514
513
513
513
513
513
513
513
512
512
512
512
512
512
513
513
513
513
513
513
513
513
513
513
513
513
513
513
438
438
441
445
448
454
455
455
457
450
463
463
463
465
467
468
468
471
469
470
470
470
471
472
474
472
472
472
472
472
472
473
473
473
473
473
473
473
473
474
474
473
473
473
473
473
473
473
474
473
474
473
474
474
474
474
474
474
474
474
474
474
474
474
546
546
542
538
536
533
530
528
524
521
521
520
519
518
518
516
516
514
515
515
515
514
514
513
512
512
512
513
513
513
513
512
512
512
511
512
512
512
512
512
512
511
511
511
511
511
511
511
511
511
511
512
512
512
512
512
512
511
511
511
511
512
512
512
441
441
441
445
450
452
455
457
460
462
464
465
466
467
467
468
469
470
471
471
471
471
472
473
473
473
473
473
473
474
474
474
474
475
480
475
475
475
475
475
479
483
479
476
476
476
475
475
475
475
475
475
475
475
476
475
475
475
475
475
476
476
475
475
523
523
518
514
513
512
512
512
511
511
511
511
510
510
510
510
511
511
517
517
511
510
510
517
517
512
512
512
512
512
512
512
516
516
512
512
513
513
513
513
499
513
514
514
514
514
514
514
514
514
514
514
515
514
515
514
516
515
516
516
516
516
516
517
444
444
452
457
464
467
470
470
471
464
475
476
476
477
477
478
478
478
478
479
479
479
479
479
478
478
478
479
479
478
478
478
478
478
478
478
478
478
478
478
478
478
478
477
478
478
478
478
477
478
478
478
478
477
478
476
477
477
477
477
477
477
477
477
543
543
523
519
519
516
514
513
511
511
510
512
509
512
507
513
507
511
503
509
505
505
505
497
505
507
509
509
509
504
509
504
509
504
509
504
509
505
509
505
507
507
508
508
509
507
509
508
509
509
509
509
509
509
510
509
510
510
510
510
510
511
509
511
448
448
458
460
466
466
471
472
473
474
476
476
477
477
477
477
477
478
478
478
478
478
478
477
477
478
478
478
479
477
482
478
478
478
478
478
478
477
477
478
478
478
478
478
478
478
478
477
477
476
476
477
480
478
480
478
480
478
481
478
480
478
479
478
534
534
524
522
518
516
516
514
514
514
509
509
508
509
509
509
508
508
507
507
507
507
507
507
507
508
507
507
507
508
508
508
508
508
508
509
509
509
509
509
508
508
508
508
508
508
509
509
510
510
509
509
509
509
510
509
509
509
512
512
511
510
510
510
452
452
455
462
463
469
471
473
474
475
476
478
479
479
479
480
480
480
480
480
480
481
481
481
481
481
481
482
481
481
479
481
481
481
481
481
481
481
481
481
482
481
481
481
481
481
481
481
481
481
481
481
481
481
481
481
481
481
482
481
481
481
481
481
529
529
524
519
517
514
513
510
509
509
508
508
508
507
507
507
507
507
506
506
506
506
506
507
506
506
506
506
507
507
506
506
507
507
507
506
507
507
507
513
507
507
507
507
507
507
507
507
507
507
507
507
507
508
507
508
509
509
509
509
509
509
509
509
450
450
457
461
466
468
472
474
474
479
479
479
479
479
479
478
478
478
481
482
483
483
483
483
483
483
484
484
484
484
484
484
484
483
484
484
484
484
484
484
484
483
484
484
484
487
484
484
484
484
484
484
483
483
483
484
483
483
483
483
483
483
483
483
537
537
524
520
517
514
513
512
512
511
510
509
508
508
508
508
508
507
507
507
507
507
506
506
507
507
507
507
507
507
508
508
508
507
507
507
507
508
508
508
507
508
508
509
508
509
509
509
508
508
508
509
509
509
509
509
509
514
514
510
509
510
510
510
448
448
454
460
463
468
470
473
475
479
479
480
480
480
482
482
483
483
483
483
483
483
483
460
484
483
483
483
484
484
484
484
484
485
485
485
485
485
485
485
485
485
485
485
485
485
484
484
484
484
484
484
485
485
485
485
485
485
485
485
485
485
485
485
