480
480
480
480
480
480
480
480
480
481
481
480
480
480
480
480
480
480
480
480
480
480
480
481
480
481
480
480
480
480
480
480
480
480
480
480
480
479
479
479
479
479
480
480
480
480
480
480
481
481
481
480
480
484
484
481
480
480
480
480
480
480
480
480
538
538
538
536
535
535
535
534
534
534
533
533
532
532
532
532
532
531
531
531
531
531
530
530
530
530
530
530
530
529
529
529
529
535
535
529
529
529
529
529
529
529
529
529
528
528
528
527
527
527
528
532
528
527
526
526
527
527
527
526
526
526
526
526
418
418
425
426
430
432
432
435
436
438
438
440
441
443
444
444
446
446
446
446
446
447
449
449
449
450
452
452
451
451
451
452
452
453
453
453
453
454
454
454
454
455
455
455
455
456
456
456
456
456
455
456
456
456
456
456
457
456
457
452
450
450
457
457
563
563
559
557
557
554
552
549
548
546
545
544
545
544
543
542
542
541
540
540
539
539
537
537
537
537
536
535
535
535
534
534
534
533
533
533
533
532
532
531
531
531
531
529
530
530
530
529
529
529
529
529
528
528
528
527
527
528
528
527
527
527
527
526
419
419
423
427
429
431
435
435
435
437
439
440
440
441
443
444
444
444
445
445
445
446
446
447
448
448
450
450
450
450
450
451
451
451
451
452
451
452
453
453
453
453
453
454
454
454
454
454
454
455
454
455
455
455
455
455
455
455
455
455
456
459
459
459
565
565
562
560
557
557
556
553
552
551
550
547
547
547
538
538
544
544
544
545
545
542
541
541
540
540
540
540
539
538
537
537
537
537
536
536
535
535
535
534
534
525
525
533
533
532
532
531
532
530
530
530
530
530
530
530
530
530
535
535
531
529
529
528
420
420
421
424
426
429
430
432
433
433
435
436
442
442
440
440
441
441
441
442
443
444
444
445
446
446
446
447
447
447
447
447
448
449
449
449
450
452
452
451
451
451
451
452
452
452
452
453
453
453
453
453
453
453
453
453
453
453
454
455
455
458
455
455
568
568
564
563
559
558
556
556
555
552
551
552
551
549
549
548
546
545
544
544
544
544
543
542
542
542
541
540
540
538
538
538
538
537
537
537
536
536
535
535
534
534
534
528
528
532
532
533
533
532
531
530
530
530
530
529
529
529
529
529
531
531
528
528
419
419
423
426
428
430
430
431
429
436
436
438
438
440
441
441
442
442
444
444
447
445
446
446
446
447
447
448
448
449
449
449
449
450
450
451
451
451
452
452
452
452
452
453
453
453
453
454
454
455
455
454
454
455
455
455
455
455
456
456
456
456
456
456
571
571
561
559
559
557
554
552
552
549
548
548
548
548
546
546
545
544
544
542
542
542
542
541
541
541
540
539
539
539
539
539
537
536
537
537
537
537
536
535
535
533
533
532
533
533
537
533
533
533
532
532
532
531
531
531
530
530
530
529
529
529
529
529
417
417
422
424
426
428
429
431
433
435
435
436
437
439
438
439
440
442
442
442
442
444
444
444
444
445
445
446
446
446
447
447
447
447
448
448
449
449
449
449
449
450
450
451
451
451
452
452
452
452
452
452
453
453
453
453
453
453
454
453
453
453
451
454
548
548
542
539
537
534
531
529
528
527
526
526
526
524
523
523
522
522
522
521
521
521
520
521
520
520
520
520
520
519
519
519
515
515
519
519
519
519
519
519
519
518
518
518
518
518
516
516
517
518
518
518
518
518
518
516
516
517
517
517
517
517
517
517
429
429
430
434
436
438
440
442
442
444
444
444
446
448
449
450
450
452
452
452
453
454
454
455
455
455
456
456
456
456
457
457
457
458
458
458
459
459
463
463
460
460
460
460
460
460
460
460
460
460
461
461
461
461
461
462
463
462
461
461
461
462
462
463
555
561
561
556
553
552
549
547
547
545
545
543
543
543
539
538
538
536
536
534
534
532
532
532
532
530
530
530
530
528
528
528
528
526
526
526
526
525
525
524
524
526
526
524
523
523
523
522
522
522
522
521
521
521
521
522
521
521
521
521
521
521
521
521
424
424
427
430
432
433
435
436
438
440
440
442
443
447
447
447
447
447
448
448
448
448
448
448
450
450
451
451
451
451
451
451
452
452
452
452
453
453
454
455
455
455
456
455
456
458
458
459
459
459
459
460
460
460
460
461
462
462
462
461
461
461
462
462
566
566
563
562
559
558
555
553
553
553
552
546
546
546
542
542
542
540
539
538
537
536
536
536
536
536
531
531
528
528
528
527
527
527
527
527
527
527
526
525
525
525
525
525
525
525
525
525
529
529
525
524
524
522
523
523
523
522
522
522
521
520
520
520
429
427
429
429
432
436
436
436
436
437
439
439
440
440
441
443
443
444
445
445
445
446
446
446
447
447
447
449
449
450
450
450
451
452
452
452
452
453
453
453
454
454
454
455
456
457
457
457
458
458
458
458
458
459
459
463
459
459
459
457
459
460
460
460
568
568
565
564
561
559
556
555
553
551
549
548
547
545
543
543
541
540
539
538
538
538
536
535
535
534
533
533
532
532
531
529
529
530
530
528
528
528
528
527
527
526
525
526
525
525
525
524
523
523
523
521
521
521
521
521
521
520
520
520
520
520
520
520
422
422
426
428
428
430
431
432
433
434
436
437
438
440
440
440
441
443
444
445
445
445
446
446
447
448
448
448
449
449
450
450
451
452
452
453
453
453
453
450
450
454
454
454
454
454
454
454
454
455
457
456
456
456
457
457
457
458
459
459
459
459
460
460
567
567
563
562
559
557
555
554
552
550
550
549
547
545
545
544
542
542
541
540
539
538
537
536
536
534
534
534
534
533
533
532
531
530
530
529
529
527
527
526
526
526
525
525
524
524
524
524
522
522
521
520
520
520
520
527
521
521
520
520
520
520
515
520
420
420
422
424
426
428
428
430
434
435
435
437
438
439
439
439
440
443
443
444
446
446
447
447
448
448
448
449
449
449
450
453
453
451
451
451
452
452
452
453
453
453
453
453
453
453
454
454
454
455
455
455
456
456
457
458
458
458
459
460
460
460
461
461
555
555
551
546
542
535
531
531
527
523
522
522
523
523
523
522
521
518
516
516
516
517
517
518
520
520
519
517
516
516
514
514
515
517
517
517
516
515
514
512
512
512
512
513
518
519
519
514
513
513
513
513
514
515
518
518
518
516
514
512
512
513
514
515
424
424
430
436
442
443
445
447
447
447
447
450
452
454
456
459
459
457
456
456
456
458
461
458
461
463
463
463
463
463
463
463
464
464
464
465
469
469
470
466
466
465
465
467
467
469
469
468
467
467
467
467
468
468
468
468
469
469
468
468
467
467
467
467
564
564
555
553
550
547
545
542
538
536
536
533
533
530
529
527
526
525
525
522
521
519
519
519
519
519
518
518
517
517
516
516
515
514
515
515
515
515
515
514
514
514
514
513
513
513
513
514
513
514
513
513
513
513
514
515
514
515
514
514
514
514
514
514
424
424
428
432
434
438
438
444
446
448
448
450
450
452
452
453
455
455
457
457
457
457
458
458
459
460
462
462
462
462
462
462
462
463
464
464
464
464
465
466
466
466
465
466
467
467
467
467
467
460
460
467
467
467
467
467
468
468
468
468
468
468
467
467
564
564
558
553
549
546
546
544
540
537
534
532
531
529
527
526
525
524
523
523
529
529
523
519
518
517
517
517
517
516
516
516
516
514
514
514
514
514
514
514
514
514
511
512
512
512
513
513
513
513
513
517
517
512
512
512
512
512
512
513
513
513
512
512
429
429
429
432
434
437
439
443
445
447
449
451
451
452
452
452
455
456
458
458
459
459
459
459
459
456
459
461
461
462
463
464
464
463
463
464
464
464
465
466
466
466
465
466
466
466
465
465
466
467
467
467
467
467
467
467
467
467
467
468
468
468
467
467
564
564
560
555
550
548
545
541
540
538
536
534
531
530
529
527
527
525
523
521
521
521
519
518
517
517
517
516
516
515
515
515
514
515
516
516
513
512
511
511
511
513
513
512
511
511
511
511
511
511
511
511
511
511
511
511
511
511
511
511
511
511
511
511
425
425
425
428
434
439
439
441
444
446
453
453
451
451
453
454
454
456
456
458
458
458
460
463
461
462
462
462
462
463
463
463
464
464
464
464
464
464
465
466
466
466
466
466
466
466
466
466
466
466
466
466
466
466
466
467
467
467
467
467
467
467
467
467
564
564
555
552
552
547
528
540
537
537
536
532
532
529
528
528
526
523
521
521
521
521
519
518
518
516
516
516
515
514
514
513
513
513
513
513
512
511
511
511
511
511
511
511
510
510
510
511
510
510
510
516
516
510
510
509
510
510
512
512
510
510
510
510
426
426
429
436
436
438
440
442
448
448
451
451
452
451
451
451
456
456
457
458
459
460
460
460
461
461
462
463
463
463
463
463
464
464
464
464
465
465
465
466
466
466
466
466
467
466
467
467
467
467
467
467
467
467
467
470
467
467
467
467
468
468
468
467
543
543
533
526
521
521
519
514
512
510
510
510
510
515
515
510
510
510
510
509
510
510
510
510
510
510
510
510
511
510
511
511
511
511
510
510
511
511
512
511
511
511
512
512
512
512
512
512
512
512
512
512
513
513
513
513
513
513
513
513
512
512
513
513
431
431
437
444
444
455
459
462
466
466
466
467
467
469
469
469
469
470
470
470
470
470
470
471
470
471
470
470
470
470
470
470
470
470
470
470
469
469
469
469
469
469
469
469
469
469
469
469
468
468
468
467
467
468
468
468
467
466
467
467
467
467
467
466
555
555
542
539
535
527
526
523
523
520
517
517
517
517
515
515
515
513
512
512
512
512
514
514
514
513
513
513
514
514
514
514
513
513
512
513
513
513
513
513
513
511
511
511
512
511
512
512
512
513
512
512
512
512
512
512
512
512
512
512
512
513
512
512
423
423
438
444
450
458
458
462
463
464
465
466
467
480
480
467
467
467
467
467
467
467
467
468
468
468
467
467
467
467
466
466
467
467
467
467
467
467
467
466
466
466
466
466
466
466
465
465
465
465
465
465
465
465
464
464
464
464
464
464
464
463
463
464
564
564
551
543
538
532
529
523
523
523
519
518
517
515
515
515
515
521
521
514
514
514
513
513
514
514
514
513
512
512
512
512
513
513
513
512
512
513
513
513
513
513
513
513
513
513
512
512
512
513
513
513
513
512
513
513
513
513
513
513
513
513
513
513
426
426
436
445
449
454
458
459
461
464
464
465
465
466
465
466
467
467
467
468
468
467
467
467
467
467
467
467
466
467
467
467
466
466
466
466
466
466
466
466
459
469
466
466
466
466
465
465
465
465
465
465
465
465
464
464
464
464
464
464
464
464
464
464
559
559
551
537
533
533
529
525
524
522
519
517
517
515
514
514
512
512
512
512
512
512
512
511
511
512
512
512
512
512
512
512
516
516
516
512
512
512
512
512
511
511
511
511
512
512
512
512
511
511
512
512
512
512
512
512
512
512
512
512
512
512
512
512
429
429
432
451
454
454
458
460
465
465
465
466
466
467
467
467
467
467
468
468
468
467
467
467
467
468
468
468
467
467
467
466
467
467
467
467
467
467
466
466
466
466
465
465
466
466
466
466
466
465
465
466
466
466
465
465
466
466
465
464
464
464
464
464
560
560
551
543
538
532
529
525
516
516
516
515
514
514
516
516
512
511
510
510
510
510
510
510
510
510
510
510
510
510
510
510
510
510
510
510
510
510
510
510
510
510
510
510
516
516
516
516
518
518
514
514
514
515
515
517
517
517
518
521
518
515
515
515
424
424
429
439
444
446
454
455
457
458
459
461
461
463
463
465
465
463
463
464
464
463
463
463
463
463
463
463
463
463
467
463
463
463
462
462
463
463
462
462
462
462
461
461
462
462
461
461
462
462
461
461
461
460
460
460
460
460
460
460
460
460
459
459
