342
342
347
352
356
358
358
359
364
364
364
366
368
369
369
371
371
371
371
372
373
375
375
375
376
378
378
378
379
380
380
380
381
382
382
382
383
384
384
384
385
385
386
386
387
387
387
387
388
389
389
389
390
390
390
391
391
391
392
392
392
392
392
393
699
699
687
682
676
672
667
664
662
657
655
652
649
645
644
642
640
639
636
634
632
630
626
626
625
623
623
621
617
617
616
614
613
612
611
610
609
608
607
606
605
605
605
603
602
601
601
601
599
598
597
596
596
596
595
595
594
593
592
592
592
592
590
591
276
276
285
292
299
303
307
311
315
317
322
327
328
332
332
335
338
342
343
344
346
350
351
351
353
355
356
357
358
360
361
362
363
364
365
366
367
368
369
370
371
372
373
374
374
375
376
376
376
378
379
380
380
381
382
382
383
383
385
385
385
385
386
387
697
697
689
683
675
671
664
664
658
656
656
655
649
644
641
641
639
637
633
633
633
628
625
624
624
622
620
619
618
617
615
614
611
611
609
608
607
605
605
604
601
601
600
600
600
599
599
597
596
596
595
593
593
593
592
592
591
590
589
589
589
589
589
588
268
268
279
289
289
295
304
307
310
315
318
321
324
327
330
332
335
338
339
339
343
345
347
349
350
353
355
355
355
357
358
359
360
361
361
364
365
367
367
368
369
370
371
372
373
374
375
376
377
377
378
379
379
379
380
381
382
382
383
383
383
384
384
385
697
697
687
681
675
671
662
661
661
657
654
652
649
647
644
642
640
637
635
633
631
629
627
625
624
622
620
619
618
616
615
613
612
611
610
608
607
606
605
604
603
603
602
600
599
598
597
596
595
594
594
593
593
592
591
590
590
589
588
588
588
587
587
586
271
271
281
287
294
299
303
306
310
314
317
320
321
325
328
331
333
335
338
339
342
343
346
348
349
350
352
354
355
355
358
359
361
362
365
365
365
365
365
367
368
370
371
371
372
374
377
376
377
377
377
378
379
379
380
380
381
383
383
383
384
385
387
386
697
697
691
689
676
672
668
661
661
656
655
652
650
650
645
641
640
638
634
634
632
629
627
624
623
622
621
619
617
617
615
613
611
609
609
608
608
608
606
604
602
601
601
600
598
597
596
596
595
593
593
592
591
591
591
589
589
588
588
587
586
586
586
585
270
270
280
287
293
298
302
306
310
313
316
319
321
327
329
331
331
335
337
338
341
343
347
348
349
351
354
354
355
355
357
358
358
361
361
363
364
365
369
369
369
369
370
370
373
373
373
374
375
376
379
379
379
379
379
381
381
381
381
382
383
386
386
388
696
696
688
682
673
671
668
667
661
660
655
652
650
647
647
645
640
638
636
634
631
629
627
625
624
622
621
619
616
616
616
613
611
610
609
608
606
605
604
603
602
601
600
598
597
596
595
595
594
593
592
592
591
590
589
589
589
587
587
586
586
585
584
584
268
268
279
287
292
297
301
305
309
312
315
321
323
323
327
327
329
334
335
340
341
341
344
345
347
348
351
352
352
354
356
358
359
361
361
361
364
365
366
367
368
369
371
371
372
373
374
375
375
375
377
379
379
379
380
381
381
382
383
383
383
385
387
387
643
643
625
613
600
594
586
584
580
578
576
574
573
572
572
570
573
568
567
566
565
564
564
563
563
563
562
561
561
561
561
561
560
560
560
559
559
559
559
559
557
557
558
558
558
557
558
558
558
557
557
557
557
556
557
556
557
556
556
556
556
556
556
556
289
289
300
310
325
325
333
339
344
349
351
358
362
366
372
375
375
379
380
382
383
386
387
388
389
389
390
392
392
393
393
394
395
395
396
396
397
397
398
398
398
398
399
399
399
399
399
400
400
400
400
401
401
401
401
401
401
401
402
403
402
402
402
402
680
680
669
660
654
644
638
633
625
619
614
609
606
600
597
593
588
588
586
584
581
580
580
578
575
574
573
571
571
571
570
570
570
568
567
567
567
566
565
565
564
564
563
563
563
562
562
562
562
562
561
560
560
560
560
560
559
559
559
559
559
559
559
558
287
287
299
310
313
324
331
335
341
347
351
356
360
364
367
370
374
375
376
379
379
381
383
385
386
388
389
389
390
391
392
393
393
394
394
394
394
394
396
396
396
397
397
397
398
398
398
398
399
399
399
399
399
399
400
400
401
401
400
400
400
400
405
401
683
683
672
663
659
647
640
634
629
624
617
613
609
604
599
597
594
592
587
586
584
583
581
580
577
577
576
574
573
572
572
571
570
570
569
568
567
567
566
566
566
565
565
564
564
564
563
562
562
562
561
561
561
561
561
560
560
560
560
560
559
559
559
559
287
287
299
308
316
323
330
335
345
346
351
355
359
363
364
369
371
374
376
378
379
382
384
384
385
386
387
388
388
390
390
392
394
393
393
393
393
394
394
395
396
396
396
396
396
397
397
398
398
398
398
398
398
399
399
399
400
401
400
400
400
400
400
400
686
686
674
665
657
651
643
637
631
625
620
615
610
605
605
599
596
593
591
589
586
585
585
583
579
578
577
576
574
574
572
572
571
571
570
570
569
568
566
566
566
566
565
565
565
564
563
563
563
563
563
562
562
561
561
561
561
560
560
559
559
559
559
559
287
287
295
307
323
327
327
335
336
339
350
354
358
361
365
366
370
372
377
377
378
380
381
381
384
385
386
387
387
387
389
391
391
391
392
392
393
393
393
393
395
395
395
395
396
396
396
397
397
397
397
397
398
398
398
398
398
399
399
399
399
399
399
399
687
687
676
667
659
651
644
638
632
626
621
616
612
608
604
601
598
595
592
592
591
586
584
582
580
580
579
576
575
575
574
574
573
571
570
570
570
569
568
568
567
566
566
566
565
564
564
564
564
564
563
563
563
562
562
561
561
561
561
560
560
560
560
560
286
286
296
307
315
321
329
334
340
344
348
354
357
360
364
367
370
370
372
376
378
379
381
382
384
385
385
386
387
388
389
390
390
391
391
392
393
395
394
394
394
394
395
395
395
396
396
396
396
397
397
397
397
398
398
398
398
399
399
399
399
399
399
400
639
639
618
603
587
583
578
573
570
568
566
564
563
562
560
560
559
559
558
558
557
557
556
556
556
556
556
556
556
556
555
555
555
555
555
554
554
554
555
555
554
554
554
554
554
554
538
538
550
552
553
553
553
553
553
553
553
553
552
552
552
552
552
552
311
311
329
345
351
358
364
369
373
379
380
382
386
386
388
390
391
391
394
398
400
400
397
397
398
398
398
397
398
399
399
399
399
400
399
399
399
400
400
400
400
400
401
401
401
401
401
401
401
401
401
400
400
402
402
402
402
402
402
402
402
402
402
402
666
666
649
633
620
614
607
602
597
592
588
587
585
583
579
579
577
576
576
575
573
571
569
569
569
568
567
566
565
564
563
563
563
562
562
562
561
560
558
559
559
559
558
558
558
558
558
558
557
557
557
557
556
556
556
556
556
552
552
552
554
554
555
555
311
311
328
340
348
358
361
366
369
373
377
378
382
383
384
385
387
388
389
390
391
400
400
411
399
399
395
395
395
395
395
397
401
401
400
400
400
399
399
399
400
400
400
401
401
401
401
402
402
402
402
403
403
403
403
403
404
404
404
404
404
405
405
405
670
670
651
637
626
617
611
606
601
598
595
591
586
586
584
582
581
579
578
576
574
573
573
571
571
569
569
568
567
566
565
565
564
563
563
562
561
561
561
561
561
560
560
559
560
560
560
559
558
558
558
558
560
560
557
557
557
557
557
556
556
556
556
556
316
316
330
340
349
357
365
368
368
371
376
377
379
381
381
383
387
388
388
389
389
391
394
394
394
394
394
394
395
396
397
397
397
397
398
398
398
399
399
399
400
400
400
401
401
401
402
402
402
403
406
403
404
404
404
405
405
405
406
406
406
406
407
407
669
669
652
637
626
619
611
608
604
599
596
594
590
589
587
584
582
581
579
577
577
575
574
573
572
571
569
568
566
566
566
565
564
564
563
563
563
563
562
562
561
561
560
560
559
559
559
562
559
559
558
558
558
558
558
558
557
557
556
556
557
557
556
556
312
312
328
339
348
355
364
364
369
372
374
378
378
379
382
383
385
386
387
388
389
390
391
392
396
396
395
394
395
396
396
396
397
397
398
397
397
397
399
400
400
400
400
401
402
402
402
403
403
403
402
403
403
404
407
407
405
405
406
406
406
406
407
407
670
670
653
638
626
618
613
607
607
601
598
594
593
590
587
585
583
582
580
579
578
576
574
574
572
570
570
569
568
567
566
564
565
564
563
563
562
562
562
561
561
560
560
560
560
559
558
558
558
558
558
558
558
558
558
557
557
557
557
556
555
556
556
557
312
312
327
339
349
355
360
364
368
370
373
375
378
381
382
383
385
386
387
389
390
390
393
394
394
394
394
395
395
396
396
397
397
398
398
399
399
399
399
400
400
400
401
402
402
402
402
403
403
403
403
404
404
404
404
404
403
406
406
407
407
408
408
409
608
608
594
584
578
573
568
565
562
562
561
558
557
557
557
556
556
552
555
555
555
555
554
555
555
555
554
554
554
554
554
554
554
554
554
554
554
554
554
554
554
554
554
554
554
554
554
554
554
554
554
554
554
554
554
555
555
555
555
555
555
554
554
555
342
342
354
362
368
374
380
382
385
391
392
392
393
396
397
399
400
401
403
403
404
405
406
407
408
408
409
409
410
411
411
412
412
412
412
412
413
414
415
415
415
415
416
416
416
416
416
415
415
416
416
416
416
417
416
416
416
416
416
416
416
416
416
416
630
630
615
608
600
595
590
586
583
581
580
576
574
572
570
569
567
566
564
563
562
562
561
559
559
559
558
557
557
557
556
556
555
555
555
555
555
555
554
554
553
553
554
554
554
554
554
554
554
554
554
554
554
554
554
554
554
554
554
554
554
554
554
554
343
343
360
361
370
374
374
377
381
384
385
389
389
392
394
395
396
397
398
400
401
402
403
404
406
406
407
413
413
410
410
411
411
412
413
413
414
414
414
414
414
414
414
415
415
415
415
415
415
415
415
415
415
415
415
415
415
416
415
415
415
415
416
415
631
631
618
611
606
601
597
593
590
586
583
582
576
575
575
574
570
569
568
567
567
565
563
562
562
561
560
559
559
558
558
557
557
556
556
556
556
555
555
555
555
555
555
554
554
554
554
554
554
554
554
554
554
554
554
554
554
554
554
554
554
555
554
554
343
343
352
360
365
369
373
376
379
382
383
387
389
391
392
394
395
397
399
399
401
402
402
403
405
406
407
408
409
409
410
410
411
412
412
411
411
413
413
414
414
414
414
414
414
415
415
415
415
415
415
415
415
415
415
415
415
414
415
415
415
415
415
415
632
632
621
615
608
604
598
596
592
591
585
582
580
577
574
573
571
568
567
566
565
564
563
562
561
560
560
560
560
559
558
558
557
557
556
556
556
556
556
556
556
555
555
555
556
556
555
555
555
555
555
555
555
555
555
555
555
555
555
555
555
555
555
555
343
343
353
359
363
367
371
377
380
380
383
386
391
393
393
393
393
393
396
397
399
400
401
402
404
405
406
407
407
408
409
410
411
411
411
412
412
412
412
412
413
413
413
413
414
414
414
414
414
415
414
414
414
414
415
415
419
415
415
415
415
415
415
415
633
633
621
615
610
603
601
598
595
591
587
584
581
578
576
572
570
570
569
566
566
565
564
563
562
561
561
560
559
559
559
559
558
557
557
557
556
556
556
556
556
556
555
555
555
555
555
555
554
554
555
555
555
555
554
554
555
555
555
555
555
555
555
555
344
344
352
358
363
367
370
374
376
379
382
385
386
388
391
392
393
394
397
397
397
391
391
403
403
405
406
407
408
408
408
409
410
410
411
411
411
412
413
413
413
413
413
414
414
414
414
414
414
414
414
414
414
414
415
415
414
414
414
415
415
415
414
415
