480
480
480
480
480
480
480
480
480
480
480
480
480
480
480
481
481
480
480
480
480
480
480
480
480
480
480
480
478
480
480
480
480
480
480
480
480
480
480
479
479
480
480
480
480
480
480
480
480
480
480
480
480
480
480
480
480
480
480
479
479
480
480
480
544
544
542
541
540
537
537
538
538
538
537
537
536
536
536
536
535
535
535
535
524
518
524
534
534
534
534
534
534
538
533
533
533
533
533
533
533
533
533
533
533
532
532
532
532
532
511
532
531
531
531
531
531
531
531
531
531
531
531
531
531
531
531
531
407
407
416
416
416
422
425
427
427
429
430
432
432
433
435
435
436
437
438
439
439
440
441
442
442
442
443
443
444
444
445
446
446
446
446
447
447
447
445
441
445
449
449
449
449
450
450
450
450
451
451
451
451
451
452
453
454
453
453
450
452
452
453
453
577
577
572
568
566
563
561
559
556
554
556
554
552
552
551
549
549
548
547
546
543
543
544
544
543
543
543
542
541
541
541
541
540
539
539
539
539
538
538
538
538
537
537
537
537
537
542
542
542
535
535
534
534
534
534
534
534
534
533
533
533
533
533
533
406
406
411
418
419
421
422
424
426
429
429
430
431
433
435
435
433
433
435
437
438
439
440
440
441
441
442
442
443
443
442
442
444
445
445
445
446
447
446
447
448
448
448
447
449
449
450
450
450
450
450
451
451
451
451
451
451
452
452
452
452
452
453
453
577
577
573
571
567
567
562
562
560
561
557
555
554
554
553
550
550
549
548
548
547
546
546
546
546
544
544
543
537
537
541
541
541
541
541
539
539
539
539
538
538
537
537
537
537
537
537
536
537
536
535
535
535
535
534
534
534
534
533
533
533
533
533
533
406
406
412
412
415
421
421
422
426
427
428
430
431
433
434
434
434
435
436
437
438
438
439
439
440
440
441
442
442
443
443
443
444
444
444
445
446
446
446
446
447
447
447
447
448
449
449
449
449
450
449
450
454
454
451
451
451
451
451
451
452
452
452
452
578
578
573
573
567
565
563
561
561
558
558
556
555
553
552
551
551
550
550
550
549
547
546
546
546
545
545
545
544
544
545
545
542
542
542
541
540
529
507
529
538
538
538
538
539
538
537
537
537
537
537
536
536
536
535
535
535
535
535
534
534
534
534
534
406
406
410
414
416
419
421
423
423
425
427
428
429
430
432
432
433
434
435
436
436
436
438
438
439
439
439
441
441
442
442
442
443
443
444
444
444
445
445
445
446
446
446
446
446
447
446
448
448
448
448
449
449
449
450
450
450
450
451
451
451
451
451
451
579
579
574
570
569
566
565
561
561
560
558
557
555
555
555
553
552
551
551
550
550
549
548
547
547
547
546
545
545
544
544
543
543
543
542
542
541
541
541
540
539
539
539
539
538
538
538
534
534
536
536
536
536
537
535
535
535
535
534
534
534
534
533
534
406
406
410
414
417
419
421
422
424
426
428
429
429
429
430
432
433
434
435
435
437
437
428
428
438
439
440
440
440
441
441
442
442
443
443
443
444
445
445
445
445
446
446
446
447
448
448
448
448
448
448
448
449
449
450
450
450
450
450
451
451
451
451
451
553
553
550
541
541
538
536
534
532
530
530
530
529
528
528
528
527
527
527
526
526
525
525
525
525
524
524
523
523
523
523
522
522
522
522
523
523
521
521
521
522
523
524
523
524
521
521
520
520
520
520
520
520
520
520
520
520
520
520
520
520
519
519
519
415
415
418
422
425
428
430
432
434
437
439
439
440
441
443
443
443
444
446
447
448
448
449
449
450
451
451
451
450
432
432
454
455
455
455
456
456
456
457
458
458
458
458
458
460
460
462
462
460
460
461
461
461
462
462
462
462
463
463
463
463
463
463
463
570
570
570
567
561
560
558
556
555
555
551
550
548
548
546
545
544
543
542
541
540
538
538
538
537
537
536
535
533
532
532
532
532
531
530
530
530
530
529
527
527
527
528
528
527
526
526
526
526
525
524
524
524
524
524
524
523
523
522
522
522
522
522
521
415
415
417
420
422
422
425
428
430
431
433
434
435
436
436
439
439
440
441
442
443
444
445
445
446
447
447
448
449
450
451
451
452
452
453
453
454
454
455
455
456
456
457
457
458
459
459
459
460
461
461
461
461
461
461
461
461
462
463
463
463
463
464
464
571
571
568
566
563
559
558
558
556
552
552
551
550
549
548
546
546
546
545
543
543
542
541
540
540
539
538
537
536
535
535
535
534
532
532
531
530
530
529
528
528
527
527
526
526
526
525
525
525
525
525
526
525
525
525
525
525
525
524
524
523
523
523
523
413
413
416
419
421
423
428
429
429
432
434
435
438
439
440
441
441
443
443
444
444
445
445
445
445
445
446
447
447
447
447
448
448
449
449
450
451
451
451
453
453
454
455
456
459
460
460
460
464
464
465
465
465
465
465
465
465
465
465
465
465
464
463
463
574
574
571
569
568
565
563
562
561
557
555
554
553
551
549
547
546
538
538
538
538
537
536
536
534
534
533
533
532
532
531
531
530
530
530
530
530
531
533
533
533
532
532
532
531
531
531
534
534
528
527
526
526
525
524
524
524
524
521
520
519
519
518
517
417
417
426
426
428
429
429
429
430
431
431
431
431
433
433
434
435
436
437
437
438
440
441
441
442
444
444
446
447
449
450
452
452
453
455
455
456
457
457
458
458
458
458
459
449
459
458
458
458
457
457
457
457
457
457
457
457
458
458
459
459
460
460
460
572
572
568
564
561
558
555
553
551
548
547
545
545
544
542
541
541
542
542
542
542
547
547
543
542
542
541
541
541
540
540
538
538
536
535
535
534
534
533
532
531
530
529
527
526
526
524
522
522
522
521
521
521
521
521
521
521
521
521
521
522
523
523
523
410
410
413
415
419
421
423
425
426
431
432
432
433
435
436
438
440
441
443
443
443
446
447
448
449
449
450
450
450
450
451
452
451
451
448
448
451
451
451
451
451
452
453
454
453
454
455
455
456
457
458
458
459
460
461
461
462
463
464
465
465
465
465
468
557
557
553
553
551
543
538
533
530
528
527
526
526
526
522
494
517
517
517
517
517
518
518
505
505
506
514
514
514
515
515
515
516
516
516
514
514
514
513
513
513
514
514
514
513
512
512
512
512
513
513
514
515
515
514
513
512
512
512
512
513
514
515
515
427
427
431
434
436
438
439
441
445
448
452
455
456
456
456
456
456
443
458
462
465
468
466
466
465
460
460
460
465
469
473
469
469
468
468
468
468
470
470
470
470
471
470
470
470
470
470
470
471
471
471
471
470
470
461
461
470
470
471
472
472
471
471
471
554
555
554
550
545
544
542
541
540
539
537
534
532
530
529
527
527
527
526
526
526
524
522
520
519
519
519
519
518
518
516
515
515
515
514
514
514
515
514
514
513
514
513
513
513
513
513
513
514
514
514
512
512
511
511
512
512
514
514
513
513
512
514
513
422
422
429
432
437
440
445
447
448
448
449
449
451
453
456
459
460
461
461
460
460
460
460
463
465
466
467
469
467
466
466
466
467
468
469
470
470
471
470
469
469
469
470
474
476
476
472
472
471
470
470
470
470
472
472
473
473
471
470
471
471
471
471
471
556
556
554
554
552
548
543
541
537
537
535
532
532
531
530
528
528
523
522
522
521
521
521
521
521
520
518
516
514
514
514
514
515
515
505
505
513
513
512
512
512
513
514
514
513
513
512
511
511
511
511
512
512
510
510
512
512
511
511
511
512
512
512
512
428
428
433
436
439
440
442
443
446
449
451
453
454
455
456
457
457
459
461
461
462
463
464
464
464
464
465
465
466
467
468
468
469
469
469
469
469
469
469
470
471
471
471
471
471
471
472
472
471
471
471
472
472
471
471
474
474
488
472
472
472
472
472
472
559
559
554
554
550
545
545
539
538
538
535
534
532
530
529
527
527
526
525
525
523
521
520
520
519
518
517
517
517
516
516
515
514
514
514
513
513
513
506
512
506
512
512
512
511
511
512
512
513
513
512
512
512
511
511
511
512
512
512
512
512
512
511
511
427
427
431
434
437
444
444
444
448
450
451
452
454
454
456
457
457
459
460
462
462
462
463
463
464
466
466
466
467
467
467
467
468
468
468
469
470
470
470
470
470
470
470
470
470
471
471
471
471
471
471
471
471
471
471
471
472
471
472
471
471
471
467
471
556
563
556
548
548
546
546
540
539
535
534
533
533
532
530
529
527
526
524
522
522
521
520
520
519
518
517
516
516
516
515
514
514
514
513
513
513
513
513
512
512
512
512
512
512
512
512
512
512
512
511
512
512
512
512
512
512
512
512
511
511
511
512
512
426
426
432
435
439
442
444
446
448
451
451
454
455
455
458
459
459
460
460
461
461
462
463
465
465
465
466
466
466
466
467
468
468
469
469
470
456
463
463
470
470
472
472
472
472
471
472
471
470
470
471
472
472
472
472
472
472
472
471
471
471
472
472
472
538
538
534
528
528
521
517
515
513
513
513
511
511
511
511
511
511
511
511
511
511
511
511
511
512
512
512
512
512
513
513
513
515
515
514
513
513
513
514
514
514
514
514
514
514
514
514
514
514
514
514
514
514
515
515
515
515
515
514
510
510
515
516
516
434
434
443
450
455
460
466
467
467
468
470
471
471
472
465
473
474
474
475
475
475
475
474
472
474
476
476
476
476
476
476
479
479
476
476
475
478
476
476
476
474
475
474
474
474
474
476
473
475
475
475
476
472
475
473
473
473
473
474
473
473
473
472
472
541
541
533
532
524
517
517
516
516
515
523
514
511
510
511
508
509
509
509
510
508
510
508
509
509
509
510
508
509
509
509
509
509
510
509
509
509
509
510
510
510
511
510
511
510
510
510
510
510
511
511
512
512
512
511
512
512
512
512
512
512
515
515
513
439
439
447
453
458
463
465
469
469
472
473
473
474
474
475
476
476
477
477
477
477
477
477
478
478
478
478
481
478
478
477
477
477
477
477
477
477
477
477
477
477
476
476
476
476
476
476
476
476
476
477
477
476
476
475
475
475
475
475
475
475
472
472
474
507
535
529
529
526
521
517
516
514
511
510
509
509
508
507
507
507
507
507
505
507
506
506
506
506
506
507
507
507
507
507
507
507
508
508
508
508
508
513
513
512
508
508
510
510
509
508
509
508
510
508
508
508
509
509
509
509
510
510
510
510
510
510
510
442
442
449
459
459
463
466
469
469
472
472
473
474
475
475
475
477
478
477
478
478
478
478
478
478
478
472
472
477
478
478
478
478
477
477
477
478
477
477
477
477
478
477
477
477
477
476
476
476
476
476
474
474
476
476
476
476
475
475
475
475
475
475
475
541
542
541
529
525
521
518
516
514
511
510
511
510
508
507
507
506
506
506
507
507
506
506
506
506
506
506
506
506
506
506
506
507
507
507
507
507
507
507
507
507
508
508
508
508
509
509
508
508
508
509
509
509
509
510
510
510
512
512
512
512
512
512
512
438
438
444
456
460
460
463
464
468
469
470
472
473
474
474
474
474
474
475
476
476
476
476
476
476
476
476
477
476
476
476
476
477
477
476
476
476
476
476
476
476
476
476
476
475
475
475
475
475
475
475
475
475
475
475
475
475
475
475
475
474
474
474
474
545
545
540
533
529
529
519
518
515
515
514
511
510
509
509
508
508
507
507
507
507
507
507
507
507
507
507
507
507
506
506
507
507
507
509
509
509
508
508
508
508
508
508
509
509
509
508
509
510
510
509
509
509
510
510
509
509
509
510
509
510
511
511
511
436
436
445
451
456
459
462
465
465
470
471
472
472
453
453
476
482
477
477
477
477
477
475
475
477
477
477
477
477
477
477
478
478
478
478
478
477
477
477
477
477
477
477
476
477
477
477
477
477
476
476
476
476
476
475
475
475
475
475
475
475
475
475
475
