320
320
327
332
335
337
339
342
343
343
346
347
347
350
350
352
352
354
354
355
355
356
357
358
362
362
361
360
361
363
363
363
363
363
365
365
366
366
366
367
368
368
369
369
371
371
371
371
371
372
372
372
372
374
374
374
374
375
375
375
375
375
375
376
726
726
715
707
702
694
690
684
682
678
675
672
669
668
661
661
659
656
654
652
650
649
646
642
639
639
638
637
636
634
633
631
630
628
627
625
625
625
623
622
621
620
618
618
618
616
616
615
615
614
614
613
611
611
611
610
608
607
607
607
607
606
605
605
251
251
262
269
276
280
285
290
293
299
302
305
306
311
313
313
316
320
323
325
327
331
332
333
334
335
336
337
339
341
343
344
346
349
349
349
350
352
353
353
355
356
356
356
358
358
359
359
361
361
363
364
365
365
366
367
367
367
368
369
370
373
371
371
724
724
713
705
699
693
689
685
681
677
671
670
668
665
662
660
658
656
652
651
647
646
645
642
641
639
636
635
634
632
630
629
628
627
625
623
622
622
621
621
621
618
616
615
615
614
612
612
612
611
610
608
608
607
607
606
605
605
605
604
604
603
602
602
249
249
259
270
273
278
284
289
292
296
297
303
305
308
311
311
317
320
321
322
324
326
329
330
331
333
335
337
337
339
342
342
343
344
347
347
348
349
350
351
354
354
355
356
357
358
358
359
361
361
362
363
364
365
366
367
366
367
368
368
369
370
370
371
722
722
712
705
699
699
693
685
680
675
672
670
668
665
662
660
657
654
654
651
648
646
644
642
640
638
637
635
633
632
629
629
627
627
624
623
623
622
621
619
618
617
617
615
613
612
612
612
611
608
607
607
607
606
605
605
604
604
602
602
601
598
601
600
246
246
259
266
271
278
283
284
292
295
298
301
304
307
309
312
315
317
317
321
323
325
327
330
333
334
334
336
336
340
339
340
342
344
345
346
347
349
349
350
352
353
354
355
356
357
358
358
362
357
362
363
364
365
365
365
367
367
368
368
370
370
370
370
724
724
713
705
697
694
688
684
682
677
672
668
668
665
662
660
657
655
655
651
648
644
643
642
640
638
637
635
633
630
628
627
627
627
624
623
621
621
620
619
617
616
615
612
612
611
611
611
610
608
607
607
606
606
604
604
603
603
602
601
601
599
599
599
247
247
258
265
272
277
279
286
290
294
297
301
303
307
309
312
314
317
319
319
323
325
327
329
329
334
335
335
337
339
339
341
342
342
345
346
349
350
351
354
353
354
355
356
357
358
359
359
361
362
362
363
364
365
365
366
367
367
368
368
370
370
370
371
722
722
711
704
697
694
688
684
677
676
673
670
667
664
662
660
659
659
654
649
649
646
643
641
636
636
635
634
633
631
630
628
627
624
624
622
622
620
619
618
616
615
614
614
613
611
610
608
607
607
606
604
604
604
604
603
603
602
601
600
599
599
599
598
234
234
257
265
272
277
282
285
290
294
297
301
303
309
309
312
314
317
319
321
323
325
327
329
332
333
333
335
337
339
339
340
339
343
346
347
347
348
350
352
353
353
355
356
358
359
359
360
361
362
362
363
364
365
366
367
367
368
369
369
369
371
371
371
659
659
641
629
618
609
602
597
594
591
589
586
586
585
583
582
578
578
578
578
577
576
576
576
575
573
573
573
573
572
572
570
569
569
571
571
570
570
569
569
568
568
568
568
568
568
567
567
567
567
566
566
567
567
567
566
566
566
566
566
566
565
565
565
269
269
283
288
294
310
315
323
329
338
338
345
348
353
354
357
360
363
367
367
371
373
373
373
375
377
378
379
380
381
381
382
383
384
384
385
386
386
387
387
387
387
388
389
389
389
389
390
390
391
391
391
391
391
391
391
391
392
392
392
392
392
392
392
700
700
686
677
668
660
654
647
638
634
629
624
619
615
613
606
605
601
600
595
595
593
591
590
588
587
586
585
584
584
582
582
580
578
578
577
577
577
577
576
574
574
574
573
573
573
573
572
572
572
572
570
570
571
571
570
570
569
569
569
569
569
568
568
269
269
282
292
301
309
313
322
327
332
337
341
346
349
356
358
358
362
364
366
368
370
371
373
374
376
377
378
378
380
380
382
383
383
383
385
385
386
387
387
387
390
390
388
388
389
389
388
388
388
390
390
391
391
391
391
391
392
392
392
392
392
392
392
702
702
689
680
671
664
655
650
644
638
633
628
623
619
616
612
609
607
603
601
599
595
595
593
591
590
586
586
586
585
583
582
582
582
580
579
579
575
575
577
577
576
575
575
575
574
574
574
573
573
573
574
574
572
571
571
569
569
570
570
570
570
569
569
272
272
280
291
302
306
313
320
325
331
336
340
344
349
352
354
358
362
362
366
367
368
370
372
373
375
376
377
378
378
380
381
382
383
383
384
384
385
386
386
386
386
387
387
389
389
387
387
389
390
391
391
391
390
391
391
391
391
391
391
391
391
392
392
705
705
692
684
674
673
659
652
646
640
634
629
625
622
617
614
611
607
605
605
601
599
596
594
593
591
590
588
587
586
584
584
584
582
581
580
580
579
579
579
578
577
575
575
575
575
575
575
574
574
573
573
573
572
572
572
572
572
578
571
570
570
570
570
268
268
268
291
300
307
313
320
325
331
336
339
344
348
350
357
359
360
360
362
366
368
371
372
371
372
375
376
377
378
379
380
381
382
382
384
384
384
385
385
385
386
386
386
387
387
389
389
389
390
390
390
390
390
390
388
388
390
391
391
391
391
392
394
706
706
693
683
675
667
662
653
644
641
636
630
627
622
618
615
612
609
606
604
602
599
597
597
594
591
591
588
588
588
585
585
585
582
582
582
580
580
580
579
578
578
577
577
576
576
578
578
574
574
574
574
573
573
573
572
572
572
572
572
571
571
571
571
268
268
281
290
299
306
312
319
325
330
338
344
344
344
352
356
357
359
361
361
365
367
370
371
371
372
373
375
376
378
378
379
381
381
381
382
383
383
383
384
385
386
386
386
386
387
387
387
388
388
389
389
389
389
390
389
390
390
391
391
391
391
391
390
654
654
630
614
605
597
594
586
584
580
578
576
574
572
571
571
570
570
569
569
568
568
568
567
567
567
565
566
565
564
564
565
565
564
564
563
562
563
562
562
562
562
561
561
561
560
560
560
559
559
559
559
558
558
558
558
558
556
556
556
556
556
556
556
295
295
312
326
335
347
348
355
359
361
366
368
373
373
374
375
378
378
379
382
382
382
383
383
386
386
385
385
385
385
388
388
387
387
387
387
387
387
387
388
388
388
388
388
389
390
390
390
390
391
391
391
391
391
391
391
392
392
393
392
393
393
394
394
681
681
659
651
639
629
622
615
613
609
607
603
600
599
596
594
592
591
590
589
587
587
586
584
584
584
582
582
582
580
580
580
580
577
576
576
576
575
574
574
573
572
572
571
570
569
569
568
567
567
565
565
565
564
564
563
561
561
561
561
561
559
561
561
296
296
313
325
334
341
347
351
356
358
361
365
368
370
370
370
372
374
375
377
378
379
379
380
380
381
381
381
381
381
383
384
384
384
385
386
386
386
387
388
388
392
392
391
391
391
392
392
393
393
393
394
394
395
395
395
396
396
396
398
398
398
399
399
684
684
666
650
639
632
625
625
616
613
609
607
604
604
600
597
596
595
593
592
589
589
588
588
587
586
585
584
583
583
583
582
583
580
579
578
578
577
576
575
575
573
572
572
571
571
570
569
569
568
567
566
566
566
566
565
565
564
563
563
563
563
563
562
296
296
313
323
335
342
345
350
354
358
360
361
364
368
368
371
371
373
375
376
377
377
377
378
379
379
381
381
381
382
382
382
383
383
384
384
385
385
386
388
388
388
388
389
391
390
392
392
392
392
393
393
395
395
396
396
397
398
398
399
399
399
400
402
685
685
664
650
640
633
627
621
617
614
611
608
606
603
601
600
598
596
595
592
592
591
590
589
589
589
587
585
584
584
582
582
581
580
579
579
577
577
577
575
575
575
574
573
572
571
571
569
569
569
568
567
567
567
566
566
565
565
565
565
564
562
562
562
284
284
311
312
334
340
343
349
352
356
357
361
363
365
366
368
370
371
373
374
374
375
377
378
379
379
379
380
380
381
382
382
382
383
383
384
385
385
385
386
386
387
388
388
389
392
392
391
391
392
393
393
393
395
395
396
397
397
398
399
399
400
400
401
673
673
664
650
639
633
627
622
619
615
613
609
608
604
603
600
599
596
596
595
593
591
590
590
587
587
587
586
585
583
582
582
580
580
579
579
578
577
576
576
575
574
573
573
571
569
570
569
569
569
568
568
567
566
566
566
566
565
565
564
564
563
564
563
296
296
314
326
336
341
343
345
353
355
358
362
364
365
367
367
368
371
371
373
373
374
376
376
376
378
377
378
380
381
381
382
382
382
382
384
384
384
385
386
387
387
387
388
389
389
391
391
391
391
393
394
395
395
396
396
396
397
398
399
399
400
400
400
623
623
611
602
595
593
586
582
579
575
572
570
568
566
565
563
562
555
561
561
561
561
560
561
560
560
560
560
560
560
560
559
559
559
559
559
559
558
559
559
559
559
559
559
559
559
559
559
559
559
559
559
559
559
559
560
560
558
558
560
560
560
560
559
334
334
345
352
358
362
366
369
373
376
376
376
382
383
385
386
386
388
389
391
392
394
396
396
399
400
400
401
401
403
404
404
405
407
407
407
407
408
408
409
409
409
409
409
409
411
411
408
408
410
410
410
410
410
410
410
410
410
410
410
410
410
410
410
634
634
624
618
612
607
604
599
597
594
592
590
586
585
584
582
579
577
574
574
573
572
571
569
568
567
567
565
561
561
561
563
563
562
561
561
561
561
561
561
560
560
558
560
559
559
559
559
560
560
560
560
560
560
560
560
560
560
560
560
560
560
560
559
337
337
343
353
356
363
363
367
369
373
374
377
377
379
383
384
385
386
387
389
391
391
393
394
396
397
398
399
401
402
403
403
405
406
406
407
408
408
408
409
409
409
409
409
410
410
410
410
410
410
411
411
411
411
411
411
410
410
411
412
411
410
410
411
637
637
625
619
616
610
606
601
599
596
592
590
588
586
584
584
582
578
576
576
574
572
570
568
568
568
565
565
564
564
564
563
562
562
561
561
561
561
557
557
560
560
560
560
560
560
560
560
560
560
560
560
560
560
560
560
560
559
560
559
560
560
560
560
334
334
345
349
354
358
361
364
367
369
372
374
377
378
379
382
383
383
385
387
389
391
391
391
393
396
397
399
400
401
401
403
404
405
406
407
408
408
408
409
409
409
409
410
410
410
410
410
411
410
411
411
411
411
411
411
411
411
411
411
411
411
411
411
636
636
628
623
616
613
610
605
602
598
594
592
590
587
585
582
579
578
577
576
574
571
570
570
569
568
567
566
565
564
564
562
562
562
564
564
559
559
559
560
560
560
560
560
560
560
559
559
559
559
559
559
559
559
559
559
559
559
560
560
560
559
560
559
332
332
345
349
358
361
361
364
368
370
375
375
376
377
379
381
384
384
384
389
390
390
392
394
395
398
399
399
400
402
403
403
403
404
405
406
407
407
408
408
408
409
409
409
409
409
409
410
410
410
410
410
410
410
410
410
410
410
410
413
413
411
410
410
637
637
628
622
617
612
608
604
600
596
593
590
588
585
583
581
579
575
573
573
572
571
570
568
567
567
566
566
563
563
562
562
562
562
561
561
560
559
560
560
560
560
560
560
559
560
560
560
559
559
558
559
559
559
559
559
559
559
560
559
560
560
560
560
332
332
342
348
353
355
364
366
366
369
371
373
375
377
378
380
383
383
383
384
387
388
391
392
392
397
397
397
400
401
401
402
404
404
404
405
406
406
407
408
408
409
408
409
409
409
409
409
409
409
409
410
410
410
410
410
410
410
409
409
409
410
410
410
