345
345
351
356
357
360
361
363
366
367
367
367
367
369
371
371
372
373
374
374
375
375
376
377
378
379
379
379
380
381
381
382
382
383
384
384
384
385
385
385
386
386
386
387
387
387
388
388
389
388
389
390
390
390
391
391
391
391
391
392
392
392
393
393
687
687
678
673
668
663
660
655
653
649
645
645
642
639
637
635
633
631
628
627
626
624
623
620
620
615
614
614
613
611
610
609
608
608
607
606
604
602
602
602
601
601
601
599
599
598
598
597
596
596
596
595
594
594
593
593
592
591
591
591
591
586
586
589
290
290
298
303
310
313
313
320
324
329
330
336
337
337
342
345
347
347
349
351
355
356
356
357
359
361
363
363
364
366
367
367
368
370
371
371
372
372
373
374
375
375
376
378
378
378
379
380
380
381
381
382
382
383
383
384
384
385
386
386
386
387
388
390
685
685
678
673
667
666
659
656
652
650
646
645
641
637
636
633
632
630
628
628
623
622
620
619
617
614
614
614
611
609
608
608
607
606
606
604
603
602
601
600
600
599
599
598
596
596
595
595
595
593
593
592
591
591
591
590
590
589
589
589
589
587
587
586
294
294
296
306
307
311
314
318
324
325
327
330
332
335
335
339
345
347
347
348
349
352
353
355
356
358
360
362
363
363
364
365
366
367
368
369
370
371
371
372
374
374
374
376
382
377
381
379
380
380
380
381
382
382
383
383
384
384
384
385
386
387
387
388
697
697
678
671
668
663
659
656
654
649
646
643
641
637
637
636
632
631
626
626
623
622
620
618
615
614
614
613
611
610
609
608
607
606
604
603
603
601
600
600
599
596
596
596
596
595
594
594
593
593
592
592
590
590
588
588
588
588
588
588
588
586
585
585
287
287
295
305
306
314
314
317
320
324
327
328
332
334
336
339
341
341
344
349
349
351
353
354
356
358
361
360
361
361
364
365
366
366
367
368
369
371
372
372
373
373
374
374
376
376
377
377
378
380
380
380
381
381
385
383
384
384
385
385
385
386
386
387
686
686
678
673
672
668
662
655
654
652
646
643
642
638
634
633
629
627
627
625
623
622
620
618
616
615
613
612
612
611
608
607
607
605
604
603
602
601
600
599
599
597
596
596
595
595
594
593
592
591
591
590
588
589
588
588
587
587
586
586
586
585
585
584
286
286
295
299
305
310
311
315
320
323
326
327
331
333
339
340
340
345
345
345
348
349
354
356
356
357
358
360
361
361
363
364
365
366
367
369
370
369
370
373
373
373
375
375
375
376
377
378
378
378
379
380
381
381
382
382
384
384
385
386
386
386
386
387
684
684
678
672
667
663
659
655
653
649
646
643
641
640
636
632
632
630
626
625
623
622
619
619
618
615
613
612
612
611
608
608
606
605
604
602
602
601
600
599
597
597
596
596
594
594
593
593
592
592
591
590
589
589
588
588
587
586
586
585
585
584
584
583
285
285
293
300
304
309
316
316
322
322
323
328
331
333
333
335
338
342
344
346
347
349
352
353
354
357
363
360
361
361
362
362
365
366
368
369
369
370
370
371
372
373
374
375
376
377
378
378
379
379
381
381
381
382
383
384
384
384
385
385
385
387
388
388
632
632
616
607
599
598
587
583
580
577
575
572
571
570
569
568
567
566
565
564
564
563
562
562
562
561
561
560
560
560
558
558
559
559
558
558
558
558
557
557
557
557
557
557
556
556
556
556
556
556
556
556
555
555
555
555
555
555
555
555
555
555
555
554
304
304
315
324
332
339
344
349
353
360
362
362
366
373
377
378
382
383
386
386
388
391
393
393
394
398
398
398
398
399
399
399
401
401
402
403
403
403
403
403
404
405
405
405
405
405
406
406
406
406
407
407
407
407
407
408
408
409
412
410
410
408
408
408
666
666
656
646
638
634
626
621
616
612
608
605
597
594
594
590
588
585
583
581
579
577
576
576
574
572
570
569
569
568
567
566
565
563
563
563
563
563
562
562
562
561
561
561
560
560
560
559
559
559
557
558
558
558
558
558
558
558
557
557
557
557
557
556
304
304
314
325
331
337
342
347
349
357
360
365
372
372
376
378
379
385
385
387
388
390
392
392
394
395
396
397
399
399
399
400
401
402
402
402
403
403
404
404
405
406
406
406
406
406
406
406
406
406
407
407
407
407
408
408
408
408
408
408
408
408
408
408
670
670
658
650
642
637
630
624
620
620
615
606
603
600
596
593
590
588
585
584
581
579
578
577
575
574
572
571
570
570
569
568
567
566
566
566
565
565
564
564
563
563
562
561
561
561
561
561
561
560
560
560
560
559
559
559
559
559
559
558
558
558
558
558
299
299
313
320
328
335
341
347
351
355
359
364
368
368
374
377
380
383
384
386
388
391
391
393
395
395
395
397
398
398
399
399
400
401
402
402
402
402
403
404
403
404
403
404
405
405
405
406
406
406
406
407
407
407
407
407
408
408
408
408
409
408
409
409
674
674
653
649
645
639
634
627
620
612
608
608
604
600
594
594
590
588
586
584
581
580
578
577
575
574
573
571
571
570
569
568
568
567
566
566
565
565
565
564
563
563
563
562
562
562
561
561
561
559
559
560
560
560
560
559
559
559
559
558
558
558
558
558
300
300
308
320
320
327
339
344
351
353
359
363
367
373
375
375
379
381
384
387
388
389
390
391
393
394
395
397
397
397
398
399
399
400
401
401
401
402
403
403
406
404
404
404
404
405
405
406
406
406
406
406
406
407
407
407
407
408
408
408
408
408
408
409
675
675
664
655
647
640
634
631
629
618
615
609
609
605
597
595
593
589
586
584
582
580
579
577
577
575
574
573
572
571
569
569
569
568
567
566
566
566
564
564
564
564
563
563
563
562
562
561
561
561
561
561
561
560
560
560
560
559
559
559
559
559
559
559
297
297
309
318
326
335
339
344
349
354
358
363
368
370
373
378
381
381
383
385
386
387
390
391
392
393
393
396
397
397
398
398
398
399
400
400
401
401
402
402
403
403
403
404
404
405
405
405
405
406
406
406
406
407
407
407
407
407
407
407
408
408
408
408
629
629
595
588
585
578
573
569
565
563
563
562
561
560
559
559
558
558
558
558
557
557
557
556
556
556
556
556
556
556
556
555
555
555
555
555
555
555
555
555
555
555
555
555
555
555
554
554
554
554
554
554
554
554
554
553
553
553
553
553
553
553
553
553
318
318
336
350
359
366
372
376
382
383
386
388
393
394
396
397
399
400
401
401
404
404
405
405
406
406
406
408
408
408
408
409
409
409
410
410
410
410
410
410
410
410
411
411
411
411
413
413
411
411
411
411
411
411
411
411
411
411
411
411
412
412
412
412
659
659
626
620
613
604
597
593
587
582
580
578
576
575
572
571
569
568
568
567
565
564
564
564
563
561
561
561
560
560
560
560
559
559
558
558
557
557
557
557
558
558
556
556
556
556
555
555
555
555
555
554
554
554
554
554
554
554
553
553
553
553
553
553
319
319
333
347
357
364
369
373
379
380
383
385
388
390
392
393
395
397
398
399
400
401
401
403
403
404
404
405
405
406
407
407
407
407
408
408
409
409
410
410
410
410
410
411
411
411
411
411
411
411
412
412
412
412
412
412
413
413
412
412
413
413
412
412
660
660
641
627
616
607
601
595
592
587
585
581
580
577
575
573
572
572
569
568
564
564
564
564
563
562
562
561
561
560
560
559
559
559
558
557
557
556
556
556
556
556
556
555
555
554
554
554
554
553
553
553
553
553
553
553
553
553
552
552
552
552
551
551
319
319
334
346
357
361
364
373
377
380
386
388
388
392
394
394
396
400
400
400
400
401
402
403
403
403
404
404
406
406
407
407
407
408
408
409
409
409
409
409
410
410
411
411
411
411
412
413
413
412
412
412
412
413
413
413
413
413
413
413
414
414
414
414
659
659
643
638
623
609
602
597
593
589
582
580
580
577
575
574
571
570
568
568
567
566
565
564
563
562
562
561
560
560
559
559
557
557
557
557
556
556
556
555
555
555
554
554
554
554
554
553
553
553
553
552
554
552
552
552
552
552
552
551
551
551
551
551
320
320
334
347
359
364
369
377
377
380
383
385
387
390
394
395
395
397
399
399
399
402
402
403
403
403
404
405
406
406
407
407
409
409
409
409
409
409
409
409
410
411
413
411
411
411
411
411
412
412
412
412
412
412
412
413
411
413
413
414
414
414
414
414
661
661
643
630
618
608
603
598
594
591
587
584
582
580
579
575
573
572
571
569
568
567
566
566
564
563
562
562
562
560
560
559
558
558
557
557
556
556
556
555
555
554
554
554
554
554
553
553
553
553
552
552
552
552
552
551
551
551
551
551
551
551
551
551
318
318
334
345
364
370
370
376
378
380
381
385
387
389
392
392
394
396
397
398
399
400
401
401
402
403
404
404
405
406
406
406
407
407
407
407
409
409
409
409
410
410
410
410
411
411
411
411
412
412
412
412
412
412
412
413
413
413
414
413
414
414
414
414
599
599
586
576
570
564
560
559
557
555
554
552
552
551
550
550
550
550
550
550
550
549
549
549
550
550
550
550
549
549
549
549
549
549
549
549
549
550
549
549
549
549
549
549
549
549
550
549
549
549
549
549
549
549
549
550
550
550
550
550
550
550
549
549
353
353
359
371
377
382
386
390
393
396
398
400
402
404
404
406
407
410
411
410
411
411
411
412
412
412
413
414
414
414
414
415
416
416
416
417
417
417
418
418
418
418
419
419
419
420
420
420
420
421
421
421
421
421
421
421
421
422
422
422
421
422
421
422
620
620
606
595
591
584
579
574
572
569
567
565
561
559
559
558
557
557
553
553
553
553
552
552
551
551
550
550
549
549
549
547
548
547
547
547
546
546
547
547
547
547
547
547
547
547
547
547
547
544
544
546
546
546
546
545
545
545
545
545
545
545
545
545
355
355
367
375
375
381
386
396
398
400
403
404
405
407
408
409
409
410
411
412
413
413
413
415
415
415
415
415
417
418
419
419
420
420
420
421
422
422
422
422
423
423
423
423
423
423
424
424
424
424
424
424
424
424
424
424
424
424
424
425
425
425
425
425
622
622
600
597
590
584
579
572
571
568
563
563
561
559
558
557
554
553
551
551
550
549
549
548
548
547
547
546
546
544
544
545
545
545
544
544
544
544
544
544
544
544
544
544
543
544
544
544
543
543
543
543
543
543
544
544
544
544
544
544
544
544
544
544
354
354
371
374
380
385
387
394
404
404
404
405
406
408
409
409
410
410
412
412
412
413
413
414
415
415
416
416
416
417
417
418
419
420
420
420
421
421
422
422
423
424
424
423
423
423
424
424
424
425
425
425
425
425
425
426
426
426
426
426
425
425
426
426
620
620
604
598
593
584
580
575
572
567
565
564
562
562
560
557
556
555
551
551
551
550
550
549
549
549
548
547
547
546
545
545
545
545
545
544
544
544
543
544
543
543
543
543
543
543
543
543
537
537
542
543
542
543
542
543
542
543
543
543
543
543
543
543
368
368
370
374
379
384
387
392
396
399
401
402
406
406
407
407
409
409
409
410
411
412
413
413
414
414
415
415
415
417
417
418
419
419
419
420
421
421
422
422
423
423
423
423
423
423
423
424
424
424
424
425
425
425
425
425
425
425
425
425
429
429
425
425
622
622
608
600
593
588
582
577
572
571
567
565
563
561
559
558
555
555
555
552
551
551
550
550
550
548
548
548
547
547
546
546
545
545
545
545
545
545
544
544
544
544
544
544
544
544
543
544
543
543
542
543
543
543
543
543
543
543
543
543
543
543
543
543
353
353
365
372
378
382
386
392
394
399
400
401
402
403
406
408
408
409
410
411
412
412
413
414
414
415
415
416
416
416
417
417
418
418
419
419
420
420
420
420
422
422
422
422
423
423
423
424
424
424
424
424
425
425
425
424
425
425
425
425
425
425
425
425
