335
335
341
344
346
347
351
353
353
354
355
359
359
361
363
363
363
363
363
364
365
366
366
367
367
369
369
369
369
370
371
371
371
373
374
374
374
379
375
376
376
376
376
377
377
377
378
378
379
379
380
380
380
380
380
381
381
381
382
382
383
383
383
383
700
700
691
684
677
672
670
666
662
659
652
651
649
649
647
644
643
642
639
637
637
634
632
631
630
629
626
625
624
624
622
622
620
620
618
617
616
615
614
613
612
612
612
611
609
609
609
609
609
608
607
607
605
617
605
605
604
604
603
602
602
601
602
601
279
279
287
291
301
301
305
308
311
315
317
322
325
325
327
328
332
335
335
340
340
343
343
345
347
349
347
349
351
352
353
355
356
357
357
358
359
363
363
365
364
364
364
365
366
366
367
368
369
370
370
371
371
372
372
373
374
374
375
375
376
376
376
378
697
697
688
682
675
672
670
665
662
659
656
654
651
648
648
644
641
641
636
636
634
633
631
629
628
627
625
624
623
623
620
619
618
617
617
616
616
616
616
613
612
610
610
609
609
608
608
607
606
606
605
604
604
604
602
602
602
602
601
600
600
599
599
598
276
276
285
291
295
299
303
306
307
312
315
316
319
322
324
329
331
331
334
335
338
339
339
339
342
344
346
349
349
349
350
351
354
355
355
356
356
358
359
359
363
363
362
362
364
365
367
368
368
369
370
370
370
370
370
370
370
372
374
374
374
375
375
376
697
697
686
682
676
674
668
666
662
659
656
653
651
648
646
642
639
638
638
636
634
633
629
628
628
626
625
624
623
622
622
620
619
619
617
616
613
613
613
612
611
610
609
608
608
608
607
606
605
605
605
604
603
602
602
601
601
601
598
598
598
598
598
598
276
276
284
290
298
298
302
305
307
311
315
315
316
321
324
326
328
330
331
336
336
338
338
341
345
344
345
347
347
348
351
351
352
354
355
355
356
357
358
360
361
361
362
363
365
365
366
366
367
368
369
370
371
371
371
371
372
373
374
374
374
376
376
376
697
697
683
682
677
676
672
666
665
660
657
653
651
648
646
644
642
640
636
636
634
632
631
631
630
629
625
625
623
621
621
620
617
616
616
616
615
614
613
613
612
610
609
608
608
607
606
605
605
605
604
603
602
602
601
600
600
600
601
601
598
598
597
597
276
276
283
287
296
298
303
304
303
311
316
316
318
321
323
327
327
327
332
334
334
344
340
342
342
344
346
347
347
350
350
351
352
353
354
355
356
358
358
359
360
362
363
363
364
364
366
366
367
368
369
369
369
371
372
373
373
375
375
374
374
374
379
376
698
698
688
682
673
670
668
665
662
659
656
654
650
648
644
643
640
640
638
636
633
632
631
628
627
626
625
624
623
622
621
620
618
617
614
614
614
613
613
612
611
609
609
608
607
607
606
606
605
604
603
603
603
601
601
601
599
599
599
599
598
597
595
597
275
275
283
289
293
297
301
304
310
311
315
316
318
320
321
325
326
330
332
333
335
337
340
342
343
345
345
346
348
350
350
350
352
354
355
355
355
357
359
359
361
362
362
362
364
364
368
369
369
369
368
369
370
371
371
372
373
373
373
374
374
375
381
381
640
640
629
619
611
605
599
596
593
588
587
587
584
583
583
581
581
580
578
578
578
577
576
576
575
575
574
574
573
573
573
572
572
571
571
571
571
570
570
570
570
569
569
569
569
569
568
568
568
568
568
568
568
568
568
567
567
567
567
567
567
567
567
567
290
290
298
307
312
317
330
336
341
346
350
357
358
360
360
364
370
372
372
377
377
379
379
381
381
384
384
384
384
385
386
387
390
390
390
389
389
389
390
391
391
391
391
391
392
392
392
393
393
393
393
393
394
394
394
394
394
395
398
398
395
395
396
396
679
679
667
657
650
643
637
633
627
624
621
615
612
608
602
602
599
597
595
593
590
590
588
587
586
584
584
582
582
581
581
580
578
577
577
577
576
576
575
575
574
574
574
574
573
573
572
572
572
572
572
572
571
571
571
571
571
570
570
570
570
570
570
569
289
289
299
311
316
323
331
335
340
346
349
353
357
363
364
368
369
370
374
376
376
377
378
380
381
382
383
383
384
385
386
386
386
387
388
388
388
390
390
391
392
391
391
391
392
392
392
393
393
393
394
394
394
394
394
394
394
394
395
395
395
396
396
396
680
680
670
660
648
646
640
633
630
626
623
617
614
610
607
602
599
598
597
595
593
590
590
589
587
586
585
584
584
584
582
580
579
579
578
577
577
576
576
576
576
575
574
574
574
573
573
573
572
572
572
572
572
571
571
571
571
571
570
570
570
570
570
568
294
294
299
307
315
322
329
334
339
343
343
348
356
363
366
366
368
368
370
370
375
376
378
378
379
382
382
383
383
383
384
385
386
387
387
387
389
389
390
390
390
390
391
391
392
392
392
393
393
393
393
394
394
394
394
394
394
394
395
395
395
396
396
396
681
681
661
653
653
648
638
636
631
627
623
619
615
611
608
608
605
600
596
596
592
592
592
589
588
587
585
584
583
582
581
579
578
578
578
578
577
577
577
576
575
575
575
575
575
574
574
573
573
573
570
570
571
572
571
571
570
570
571
571
570
570
570
569
288
288
291
309
315
322
327
333
338
343
348
352
355
360
362
366
368
370
371
372
375
376
376
378
380
381
381
385
385
385
385
386
386
387
387
389
389
389
389
390
390
391
391
391
392
392
392
393
393
392
392
394
394
394
394
394
395
395
395
395
395
396
396
397
681
681
670
660
654
647
641
637
631
627
624
619
614
611
608
602
599
597
597
596
593
592
590
589
587
587
586
583
582
582
581
579
579
579
578
578
576
576
576
576
575
575
575
574
574
573
573
572
572
572
571
571
571
571
570
570
570
570
569
569
569
569
569
569
287
287
298
307
315
322
328
334
338
343
348
356
356
359
363
365
369
370
372
376
376
377
378
380
382
382
383
383
384
385
386
386
387
387
388
388
390
390
390
390
392
392
392
392
393
393
393
394
394
394
394
395
395
395
396
396
396
396
396
396
399
397
397
397
639
639
616
608
596
589
580
577
577
575
572
569
569
569
568
568
567
567
566
566
565
564
564
564
564
564
563
563
563
563
562
562
562
562
562
561
561
561
561
561
561
560
560
561
561
561
561
561
561
560
561
560
560
558
560
560
560
559
559
559
559
559
559
559
311
311
325
339
347
349
353
366
369
375
375
375
379
380
379
383
387
387
388
388
389
391
392
393
394
394
394
396
396
396
396
397
397
397
398
398
398
398
399
398
399
399
399
400
400
400
400
400
400
400
400
400
400
400
401
401
401
401
401
401
401
401
401
401
659
659
644
629
624
614
607
603
598
594
589
588
585
583
581
581
578
577
575
574
572
572
571
571
569
569
569
568
566
566
565
565
565
564
564
563
563
563
562
561
561
561
560
560
560
559
559
559
558
557
558
558
558
558
558
557
557
557
557
556
556
556
555
556
311
311
327
339
349
356
360
365
368
371
373
375
378
380
381
381
384
386
387
388
390
390
390
391
392
392
393
394
394
395
396
397
397
397
398
398
400
398
402
402
402
400
400
400
400
401
401
401
401
401
401
402
402
402
402
403
402
402
402
402
402
403
403
403
661
661
647
634
624
617
611
605
601
596
593
589
583
582
582
581
579
577
576
575
575
573
570
569
569
569
567
566
566
565
564
564
563
562
562
562
561
559
559
559
558
558
557
557
557
557
556
556
556
556
555
555
554
554
554
554
553
553
552
552
553
553
553
553
313
313
330
341
350
357
362
366
369
373
375
375
380
381
383
384
386
387
389
389
391
391
392
393
394
394
396
399
397
397
397
397
397
397
399
399
399
399
400
400
400
401
401
401
402
402
402
405
405
403
403
403
403
403
403
404
406
404
404
404
404
404
405
405
662
662
647
634
625
617
611
605
602
594
593
591
588
586
583
581
580
578
576
576
573
572
571
570
569
569
568
566
565
565
564
563
562
561
561
560
559
557
558
557
557
556
556
556
556
555
555
555
554
554
554
554
553
553
553
553
553
553
552
553
552
552
552
552
312
312
328
341
351
360
361
363
366
372
374
377
379
381
383
386
387
387
389
389
389
390
393
394
394
395
395
395
396
396
380
380
398
398
398
399
399
399
402
405
402
401
401
402
402
402
402
402
403
403
403
403
403
404
404
404
404
404
404
404
404
405
405
405
663
663
648
635
626
618
613
607
604
600
597
593
590
588
585
583
580
579
577
577
574
573
572
571
570
569
568
567
566
565
564
563
562
562
562
561
560
559
558
558
557
557
557
556
556
556
555
555
554
554
553
553
553
553
553
553
553
552
552
552
552
552
552
552
311
311
327
340
350
357
365
367
370
373
373
376
378
380
381
383
384
385
387
389
390
391
391
396
396
394
394
397
397
396
396
397
398
398
399
399
400
400
400
400
401
401
402
402
402
402
402
403
403
403
403
404
404
404
404
404
404
404
404
404
405
405
405
406
606
606
590
584
576
571
567
563
560
557
555
552
551
551
551
551
550
550
549
549
549
549
549
549
549
549
550
550
550
549
549
549
549
549
549
550
550
550
550
550
550
550
550
550
550
549
549
550
550
550
550
550
550
550
550
550
550
550
549
549
552
552
550
550
345
345
358
362
369
374
381
383
384
384
389
392
393
395
396
398
399
400
400
401
402
403
404
405
405
405
405
405
407
407
407
408
408
408
408
408
409
409
409
410
410
410
410
410
411
410
411
411
411
411
412
412
412
412
411
412
412
412
413
413
413
413
413
413
628
628
618
610
603
596
592
588
584
580
578
577
571
566
563
563
563
563
561
560
558
557
556
555
554
554
554
553
552
552
551
551
550
550
550
550
550
548
550
547
549
546
549
549
549
549
549
549
549
549
549
549
549
549
549
549
549
549
549
550
549
550
549
549
347
347
358
363
368
370
374
377
381
383
386
388
390
392
393
394
396
398
399
399
400
401
403
404
404
405
405
406
406
407
407
407
407
408
407
408
407
408
409
409
410
411
411
411
412
412
412
412
412
412
412
412
412
413
412
413
412
413
413
413
413
413
413
413
631
631
613
611
601
597
597
593
588
587
581
581
579
576
573
571
568
567
565
563
561
559
558
557
555
555
555
554
553
553
552
552
552
551
551
550
550
550
550
550
549
548
548
549
549
549
549
549
548
549
548
549
548
548
548
548
548
548
548
548
548
549
549
548
347
347
356
359
366
370
372
375
377
380
383
385
389
389
389
390
394
395
397
397
398
400
402
402
402
403
404
405
405
405
406
406
407
408
408
408
408
409
409
409
409
409
411
409
411
411
411
411
411
411
411
412
412
412
412
412
412
413
415
413
412
412
412
412
631
631
619
613
608
603
600
599
594
590
587
584
582
579
579
576
571
569
567
564
563
561
560
559
557
556
555
555
555
553
553
553
553
551
551
551
550
550
550
550
549
549
549
549
549
549
549
547
548
548
548
548
548
548
548
548
548
548
548
548
548
548
548
548
347
347
355
362
369
372
371
372
378
380
382
385
387
388
391
392
394
396
396
398
400
401
401
403
404
404
405
406
408
408
409
409
409
409
410
410
410
410
411
412
412
413
414
419
419
415
415
417
417
416
416
416
416
416
416
416
416
416
416
416
416
417
417
417
629
629
615
607
599
592
586
581
577
573
568
566
564
561
559
557
556
554
553
552
551
551
550
549
549
549
549
548
547
547
546
546
546
546
546
545
545
545
545
545
544
545
544
544
544
545
545
545
544
544
544
544
544
544
544
544
544
544
544
544
544
544
544
544
351
351
362
366
369
378
378
381
384
387
392
394
394
395
398
399
400
402
404
404
404
405
406
406
407
408
408
408
409
409
409
409
410
411
411
412
412
412
412
413
413
413
413
413
414
414
414
414
414
414
414
415
417
417
415
415
415
415
415
415
415
415
415
415
