486
480
481
480
481
480
480
480
479
480
480
480
480
479
479
479
480
479
480
480
480
481
481
480
480
480
481
481
481
480
480
480
480
480
480
480
480
480
481
480
481
480
480
480
480
480
480
480
480
480
480
480
479
479
479
480
480
488
480
480
480
480
480
480
531
533
531
529
529
527
530
527
527
526
526
525
525
525
525
524
524
524
524
524
521
521
522
522
522
522
522
522
522
522
522
522
522
521
521
521
521
521
521
524
524
524
520
520
521
521
520
520
520
520
520
519
519
519
520
520
519
519
519
519
519
519
519
519
422
422
429
435
436
437
440
441
442
445
445
446
447
447
448
448
450
450
451
453
453
453
454
454
455
455
458
458
457
457
457
457
457
458
458
458
458
459
459
459
459
459
460
460
460
461
461
461
461
462
462
462
461
462
462
462
462
462
463
463
463
461
461
462
564
564
556
553
550
547
546
542
541
541
539
537
537
536
535
535
535
533
533
533
531
531
530
529
529
529
529
528
528
527
526
527
526
526
525
525
525
525
525
524
524
524
524
523
523
523
522
522
522
522
522
520
522
522
522
522
528
528
522
521
521
521
521
520
424
417
424
431
434
438
438
440
442
445
445
445
434
446
448
448
442
442
451
454
453
453
453
452
452
452
455
455
455
455
456
456
456
457
457
457
458
458
458
458
458
458
459
459
459
462
460
462
465
465
460
460
461
464
461
461
461
461
462
462
462
462
462
462
563
563
561
559
553
548
539
544
544
544
543
540
540
540
538
538
537
536
535
534
534
533
533
533
532
532
531
529
529
529
530
530
530
528
528
528
527
527
526
526
525
525
525
524
524
524
524
524
525
525
523
523
523
523
523
523
523
522
522
521
522
517
522
527
422
422
427
428
433
435
438
438
438
441
442
442
443
445
447
447
448
448
450
450
450
450
451
451
452
452
451
451
453
454
455
455
455
456
456
456
456
456
456
457
457
457
457
456
457
458
459
459
459
459
459
459
460
460
460
461
461
461
459
459
462
462
461
461
563
563
558
554
553
551
547
523
544
541
543
541
540
539
538
537
536
535
535
534
533
533
532
532
532
531
530
530
529
529
528
528
528
528
528
526
526
526
525
525
525
525
525
525
525
528
525
525
518
518
521
523
521
523
522
523
523
523
522
522
522
522
522
522
422
422
428
430
433
436
437
438
442
442
442
444
444
446
446
447
447
447
448
448
448
450
450
451
451
453
453
453
452
454
454
454
455
455
456
456
457
457
457
457
457
457
458
458
458
458
459
459
459
459
460
460
460
460
461
463
463
461
461
461
461
460
461
461
564
564
560
556
555
554
553
549
548
545
543
542
542
540
540
540
538
537
537
536
536
535
534
533
532
532
532
532
532
531
531
531
529
529
529
529
528
527
528
527
528
527
527
527
527
526
526
526
526
525
525
525
526
524
524
524
524
525
525
523
523
521
524
524
419
419
425
428
431
432
433
437
437
440
441
442
443
444
444
447
447
446
446
446
448
449
450
450
450
451
451
451
452
453
453
453
454
454
454
455
455
455
455
456
455
456
457
457
457
457
458
458
458
458
458
447
447
459
459
459
459
459
460
460
460
461
461
461
525
534
529
529
525
518
522
522
522
521
521
521
520
520
519
519
519
520
520
520
520
520
520
520
519
520
520
520
520
520
520
520
520
520
520
518
520
519
520
519
519
519
518
518
519
520
519
520
519
519
519
519
519
519
519
519
520
519
519
519
519
519
518
519
432
432
433
437
441
442
446
446
450
451
452
454
455
456
458
458
458
459
460
460
461
461
462
462
462
462
463
463
463
464
464
464
464
465
465
465
465
465
465
465
465
466
465
467
465
467
467
467
467
467
468
467
468
467
468
467
468
468
468
468
468
468
468
469
557
557
552
549
546
545
544
540
538
536
536
535
533
533
532
531
529
529
528
528
527
527
526
526
526
525
525
525
524
524
523
524
523
522
522
523
523
523
523
522
522
522
522
522
522
522
521
522
520
521
521
521
521
521
520
520
521
521
521
521
520
520
520
520
426
426
431
433
437
438
442
442
445
445
448
448
447
447
452
454
454
454
454
457
457
457
458
460
460
460
462
462
462
462
462
462
462
463
463
464
464
464
465
465
465
465
465
466
465
466
467
467
467
467
467
467
467
466
467
467
468
468
468
468
468
468
474
474
557
557
552
550
546
545
543
543
539
538
536
536
536
536
534
532
532
531
530
530
530
529
528
528
528
527
526
525
523
523
524
524
524
524
524
522
522
522
523
521
527
521
522
521
522
521
521
521
520
520
520
520
521
521
521
522
520
521
520
519
519
520
520
519
426
426
430
434
437
439
446
446
444
444
447
448
449
451
452
453
453
455
456
456
456
456
457
458
458
460
460
460
461
461
462
463
464
463
463
463
463
464
464
464
465
465
465
465
465
465
466
466
466
466
467
467
467
460
467
460
462
462
466
468
468
468
468
468
555
555
553
553
548
547
543
542
540
539
537
537
536
535
533
533
533
533
532
531
530
529
529
523
523
523
527
527
526
525
525
525
525
526
526
524
524
523
523
522
522
521
522
520
522
526
526
522
520
520
521
521
520
520
520
520
520
520
520
520
520
520
521
520
423
423
430
434
434
434
439
441
443
444
446
446
446
449
455
455
453
453
454
454
456
455
455
455
457
457
458
459
460
460
460
461
460
462
462
462
463
463
463
463
464
464
465
464
465
465
465
466
466
466
466
467
467
467
467
468
468
468
468
468
468
468
468
468
559
559
555
555
552
544
543
543
540
538
538
538
536
535
534
533
531
531
531
530
530
530
529
528
528
527
527
526
526
526
526
526
525
525
524
524
524
523
523
523
522
522
522
522
522
522
522
522
522
521
520
520
519
520
518
520
519
520
519
519
519
519
522
522
423
423
428
431
434
437
438
441
442
444
445
446
448
448
450
451
452
453
454
455
455
455
455
456
457
458
459
459
459
460
460
462
460
460
460
461
461
463
465
465
465
465
465
465
465
465
465
466
468
468
466
466
467
467
467
468
467
467
467
467
466
468
460
461
543
543
538
531
529
529
527
525
523
522
521
521
519
518
518
519
519
519
518
518
518
519
524
524
518
518
518
517
517
518
518
518
518
518
518
518
517
517
518
518
518
518
518
518
518
521
521
519
517
518
509
504
504
518
518
518
518
518
518
518
518
518
519
519
429
429
434
438
446
451
451
454
455
456
457
460
462
462
462
464
464
466
466
466
467
467
468
468
468
468
469
469
480
480
470
470
470
470
470
471
471
470
470
471
471
471
470
470
471
471
471
470
471
471
471
470
470
471
471
472
471
471
471
471
471
471
471
475
550
550
544
540
538
534
532
530
530
527
526
524
524
524
523
521
521
537
537
521
520
520
520
520
520
519
519
519
519
518
518
518
518
518
518
518
518
518
518
517
517
517
517
517
517
517
517
523
523
517
517
517
518
518
518
518
518
518
518
517
517
518
518
518
429
429
433
445
448
448
450
450
453
456
458
460
460
460
462
462
463
463
465
466
466
466
467
467
467
467
467
468
468
468
468
469
469
469
468
469
470
470
470
468
469
469
470
470
469
469
469
470
470
469
469
471
471
471
470
470
470
470
470
470
470
470
470
470
552
552
547
542
538
535
533
531
529
527
527
526
524
523
523
523
523
521
520
520
520
519
519
519
519
519
518
517
517
517
517
517
517
517
517
517
517
516
516
520
520
517
516
517
516
517
517
517
517
517
517
516
516
516
516
515
515
515
517
517
516
516
516
516
432
432
437
441
444
452
452
454
456
457
460
463
462
462
461
461
466
466
466
466
467
468
467
467
467
470
470
469
469
469
470
470
475
475
472
471
471
471
471
471
472
472
472
472
472
472
472
471
471
471
469
469
472
475
473
473
472
471
472
473
473
472
472
473
548
548
547
539
534
532
528
528
527
527
525
523
522
522
522
520
519
519
519
518
518
518
517
517
517
517
512
502
502
514
515
515
515
514
514
515
515
515
515
514
514
514
514
514
514
514
514
515
515
515
515
514
514
513
513
513
513
514
514
514
514
514
514
513
434
434
438
443
448
450
453
456
457
459
459
460
465
465
465
465
465
466
467
467
467
467
469
469
469
469
469
470
470
470
470
470
471
471
472
471
472
472
472
472
472
472
472
472
471
471
473
473
473
473
472
472
473
473
473
471
473
478
478
473
473
473
473
473
547
547
542
539
532
530
530
529
527
527
524
523
522
520
520
520
519
517
517
517
517
522
522
516
516
515
515
514
514
516
516
515
515
515
515
514
514
513
513
513
514
514
514
514
514
514
514
514
514
514
514
511
503
511
514
514
513
513
514
514
513
513
513
513
434
434
434
440
446
449
453
453
456
459
461
461
463
463
463
463
465
465
466
466
468
469
470
470
470
470
470
469
469
470
471
471
471
471
471
472
470
472
472
473
473
473
472
472
472
472
473
473
473
473
473
472
472
473
473
473
473
473
473
473
472
472
473
473
528
528
520
520
518
516
515
516
514
513
513
513
513
514
513
513
513
514
514
514
514
514
514
514
514
515
517
515
514
514
514
515
515
516
514
514
514
516
516
516
516
516
516
517
517
517
517
517
517
517
517
518
517
517
517
517
517
519
519
519
518
518
518
520
436
436
445
452
457
460
462
464
469
470
472
471
471
471
472
473
472
472
472
473
476
473
473
472
472
472
472
472
476
472
472
472
472
472
472
471
471
470
470
470
470
470
469
470
469
470
470
470
470
470
469
469
469
469
470
469
469
469
469
469
469
469
469
469
534
539
534
532
528
523
521
520
518
517
516
515
515
515
516
516
514
514
514
515
515
515
515
515
515
514
514
515
515
515
515
515
515
516
516
516
516
515
515
517
517
517
517
488
488
516
517
517
518
517
518
517
518
518
518
518
518
518
517
517
518
518
518
517
433
433
441
448
454
458
462
462
465
468
469
470
470
470
471
473
472
473
473
473
473
473
474
477
477
473
472
472
473
473
473
473
472
473
472
473
473
473
473
473
472
473
472
472
472
472
472
472
472
472
471
471
471
471
471
471
471
472
471
470
470
472
472
471
550
550
538
534
529
526
522
521
520
519
519
515
516
515
516
515
515
515
515
515
515
516
515
516
515
515
514
515
515
515
515
515
515
516
516
516
515
515
515
515
516
516
517
516
516
516
516
514
514
514
517
517
517
517
518
518
517
517
517
517
517
517
517
517
431
431
441
448
454
458
462
463
463
466
468
470
470
471
470
472
473
474
473
474
474
474
475
475
475
474
474
474
475
475
476
476
475
474
475
475
475
475
473
473
475
475
474
474
474
474
474
474
474
475
474
474
474
473
473
474
475
475
472
472
472
474
474
474
534
543
534
533
528
525
513
513
519
519
516
515
515
515
515
515
515
514
514
514
514
514
514
514
514
513
513
513
515
515
513
513
513
514
514
514
514
513
509
509
513
514
514
515
515
514
514
515
515
515
515
514
515
513
516
516
516
515
515
515
516
516
516
518
433
433
440
448
453
459
462
464
466
469
471
471
471
474
473
474
475
476
475
475
475
476
476
477
477
477
477
477
477
477
477
477
475
477
477
477
477
477
477
476
476
477
477
477
477
476
476
476
476
477
477
477
477
477
476
477
476
477
476
475
475
476
476
476
525
535
530
530
527
527
527
519
518
517
515
515
514
514
514
514
513
513
512
512
513
513
512
512
512
512
512
512
513
519
519
512
512
513
513
513
513
512
512
513
514
514
513
513
513
513
515
515
514
513
513
514
514
514
514
514
514
514
514
515
515
515
515
514
435
435
442
449
454
457
462
464
468
470
472
472
472
473
475
475
476
476
475
475
476
477
477
478
477
482
478
479
479
479
479
478
478
478
478
479
477
478
478
478
478
478
478
478
478
476
476
476
478
478
478
480
480
467
467
478
478
477
477
477
477
477
477
477
