1 480
2 480
3 481
4 481
5 481
6 477
7 477
8 478
9 479
10 479
11 479
12 479
13 481
14 479
15 480
16 480
17 480
18 480
19 481
20 478
21 478
22 478
23 477
24 484
25 477
26 477
27 477
28 482
29 483
30 484
31 483
32 479
33 479
34 475
35 483
36 483
37 483
38 483
39 483
40 483
41 478
42 478
43 475
44 481
45 479
46 479
47 479
48 480
49 483
50 483
51 485
52 483
53 478
54 477
55 478
56 477
57 482
58 482
59 482
60 481
61 476
62 476
63 475
64 475
1 542
2 542
3 542
4 542
5 540
6 539
7 538
8 536
9 533
10 532
11 531
12 531
13 530
14 529
15 529
16 530
17 530
18 529
19 528
20 513
21 513
22 529
23 529
24 529
25 530
26 531
27 530
28 528
29 528
30 528
31 529
32 527
33 530
34 528
35 528
36 528
37 529
38 529
39 531
40 531
41 531
42 531
43 530
44 530
45 529
46 528
47 528
48 529
49 529
50 529
51 529
52 530
53 531
54 530
55 530
56 528
57 530
58 530
59 530
60 528
61 528
62 529
63 529
64 529
1 388
2 388
3 390
4 394
5 398
6 399
7 402
8 402
9 403
10 409
11 409
12 410
13 413
14 417
15 419
16 418
17 419
18 423
19 424
20 425
21 426
22 429
23 429
24 429
25 429
26 431
27 433
28 433
29 434
30 434
31 434
32 436
33 437
34 436
35 438
36 441
37 441
38 440
39 440
40 441
41 442
42 442
43 443
44 444
45 444
46 445
47 444
48 447
49 447
50 447
51 447
52 449
53 449
54 449
55 449
56 450
57 452
58 450
59 452
60 452
61 452
62 453
63 454
64 454
