407
410
414
414
415
415
415
416
417
418
418
418
418
420
419
419
419
419
420
420
420
420
420
420
420
421
421
421
421
421
421
422
422
422
422
422
422
422
422
422
422
422
422
423
423
423
423
423
423
423
423
423
423
423
424
424
424
424
424
426
426
424
424
425
583
583
580
576
575
574
571
571
569
568
567
565
565
564
562
561
561
561
560
559
558
557
557
557
557
556
555
555
554
554
553
553
553
552
552
552
552
551
551
551
551
550
550
550
550
549
549
549
548
548
548
548
548
548
547
547
547
547
547
547
547
547
547
546
389
389
392
393
395
398
401
401
402
402
403
405
407
407
408
409
409
410
411
412
412
412
413
413
414
414
415
415
415
415
416
417
417
417
417
417
417
418
418
419
419
419
419
419
419
420
420
421
421
421
421
421
421
421
422
422
422
422
422
422
422
423
423
423
581
581
578
577
574
574
571
570
568
567
566
564
564
563
562
562
561
560
559
559
558
557
557
557
556
555
555
555
554
554
554
553
552
552
552
552
551
551
551
550
550
549
549
549
549
549
548
548
548
547
547
547
547
547
547
547
547
547
547
546
546
546
546
546
388
388
391
394
396
397
400
401
401
402
403
404
406
407
407
407
407
409
410
411
410
411
411
411
411
411
413
414
414
415
415
416
416
416
416
417
417
417
417
418
418
418
419
419
419
418
418
420
420
422
420
421
421
421
421
421
421
417
420
420
422
422
422
422
580
580
579
576
574
573
571
570
567
567
567
566
564
563
563
561
561
560
560
559
558
558
557
556
556
556
556
555
554
553
553
553
553
552
552
551
551
551
551
551
551
550
550
549
549
549
549
548
548
548
548
547
547
547
547
547
547
547
546
546
546
546
546
546
387
387
392
393
394
397
398
399
401
402
403
404
405
405
406
408
408
410
409
410
412
412
411
411
412
413
413
414
414
414
414
416
416
416
416
416
416
416
417
417
417
417
418
419
418
419
419
420
420
420
420
420
420
421
421
421
421
421
421
422
422
422
422
422
582
582
579
576
574
573
571
569
568
566
565
565
564
563
562
561
561
560
560
559
559
557
557
557
556
556
555
555
555
554
554
553
553
552
552
549
549
551
551
551
550
550
549
549
549
549
549
548
548
548
548
547
547
547
547
547
547
546
546
546
546
546
546
546
388
388
391
393
395
398
398
399
400
402
402
402
404
405
405
406
407
408
408
408
408
410
411
412
412
412
412
413
413
413
414
414
415
416
416
416
416
416
416
416
417
417
418
418
419
419
419
419
419
419
420
420
420
420
420
421
421
421
421
422
422
422
422
422
582
582
577
575
575
573
571
570
568
567
566
565
563
563
563
562
562
562
559
559
559
558
557
557
557
556
555
555
554
554
554
554
553
552
552
551
551
551
547
547
547
550
550
550
549
549
549
549
549
548
548
548
547
547
547
547
546
546
546
547
548
547
548
546
387
387
388
391
392
395
398
399
401
402
402
402
404
405
407
407
407
408
409
411
411
411
411
411
412
412
413
413
416
416
414
414
414
415
415
416
416
416
416
417
417
418
418
418
418
418
418
419
419
422
422
421
420
420
421
421
421
421
421
421
421
421
422
422
562
562
556
554
551
548
547
546
545
544
543
542
542
542
541
540
540
540
539
539
539
538
538
538
537
537
537
537
536
536
536
536
535
534
534
535
535
535
534
534
534
534
534
534
533
533
533
533
533
533
532
532
533
533
532
532
532
532
532
532
532
532
532
531
390
390
395
399
401
403
403
407
410
411
412
414
415
415
416
417
417
418
420
418
420
415
420
422
422
423
423
423
423
424
425
425
425
426
426
426
426
427
427
428
428
428
429
429
429
429
429
429
430
430
430
430
431
431
431
431
431
432
432
432
432
432
432
432
582
582
571
569
566
564
563
561
559
559
557
556
554
554
554
552
552
550
549
548
548
548
547
546
546
544
544
544
544
543
543
542
541
541
540
539
539
539
539
538
538
538
537
537
537
536
536
536
536
536
535
535
535
535
534
534
534
533
533
533
533
533
533
533
390
390
394
398
399
402
404
406
408
409
412
412
413
414
414
415
415
417
417
418
419
419
420
421
421
421
422
422
423
423
423
425
425
426
426
426
427
427
427
428
427
428
428
429
429
429
429
430
430
430
431
431
431
434
432
432
432
432
432
432
433
433
433
433
578
578
573
570
568
566
565
563
562
561
559
559
559
556
556
555
553
552
552
552
550
549
549
547
547
546
546
545
544
544
543
543
543
542
541
541
541
540
539
539
539
539
537
537
537
537
537
537
536
536
536
535
535
535
535
533
534
534
534
533
533
533
533
533
388
388
394
398
400
402
404
405
408
408
410
411
412
413
414
414
415
417
417
418
418
419
419
420
421
424
424
422
422
423
425
425
425
425
426
426
426
427
427
428
428
428
429
429
429
429
430
430
431
431
431
431
431
432
432
432
432
433
433
433
433
433
433
433
579
579
575
572
569
567
566
566
565
562
560
559
558
557
557
555
554
554
552
552
551
550
549
548
548
547
547
546
545
545
544
544
543
543
543
542
540
540
540
540
539
539
538
538
537
537
537
537
536
536
536
536
535
535
535
534
534
534
534
533
533
533
533
533
388
388
393
394
398
401
401
402
405
409
410
411
412
415
415
415
414
416
416
417
419
419
420
420
420
421
421
422
422
423
426
424
425
424
425
425
425
427
427
427
428
429
433
429
429
429
429
430
430
431
431
431
432
432
432
432
433
432
433
433
433
435
435
434
579
579
575
572
570
569
566
565
563
563
563
561
559
559
558
556
555
554
553
552
552
551
550
550
550
550
547
546
546
545
545
544
543
543
542
542
541
540
540
540
539
539
539
538
538
538
537
537
536
536
535
535
535
535
535
534
534
534
533
533
533
533
533
533
388
388
392
398
398
398
402
404
404
404
407
409
411
412
413
414
415
416
416
416
417
418
419
420
421
421
421
421
422
423
423
424
424
424
425
426
426
426
427
428
428
428
429
429
429
429
430
430
430
431
431
431
431
432
432
432
432
432
435
435
434
434
434
434
566
566
560
556
553
550
547
544
542
540
538
537
536
534
534
533
532
532
532
532
531
530
530
530
530
530
530
530
530
530
530
530
530
530
529
529
529
529
529
529
529
529
529
529
529
529
529
529
529
529
529
529
529
529
528
528
528
529
529
529
531
531
528
528
391
391
397
400
403
408
412
412
412
416
417
419
420
421
422
423
424
425
426
426
427
429
429
430
430
431
431
432
432
433
434
434
434
434
435
435
435
435
427
436
436
436
437
437
437
437
437
438
438
438
438
438
438
438
438
438
438
438
438
438
438
438
438
438
575
575
575
567
564
561
560
557
555
553
551
550
548
548
547
545
543
542
540
539
539
538
537
537
536
536
535
534
534
534
533
533
533
532
532
532
531
531
531
531
531
531
530
530
530
530
530
530
530
530
530
529
529
529
529
529
529
529
529
529
529
529
529
528
388
388
395
400
403
406
411
412
413
415
416
417
418
418
420
421
422
424
424
426
426
427
428
429
429
430
430
431
431
431
432
433
433
434
434
435
435
435
435
436
436
436
436
436
436
437
437
437
437
437
437
437
438
438
438
438
438
438
438
438
438
438
438
438
579
579
573
569
567
563
561
559
557
555
555
553
552
549
546
546
545
544
543
541
541
540
539
539
538
537
536
536
535
534
534
532
532
532
533
533
532
532
532
532
532
532
531
531
531
531
531
530
528
528
530
530
530
530
530
529
529
529
529
529
529
529
529
529
388
388
393
398
402
406
408
410
413
413
413
416
418
418
419
420
420
423
423
423
425
427
427
427
428
429
430
430
431
431
434
434
434
433
433
434
434
434
434
434
435
435
435
435
435
436
436
436
436
437
437
437
437
437
437
437
437
437
438
438
438
438
438
438
580
580
576
570
568
565
563
560
558
556
555
553
552
550
548
548
546
546
544
543
542
541
540
540
539
538
538
537
536
536
536
535
535
534
534
534
533
533
533
533
532
532
532
532
531
531
531
531
531
531
531
532
532
532
532
530
530
530
530
529
530
529
529
529
385
385
392
401
404
404
406
409
412
412
415
415
416
417
419
420
421
422
423
424
425
426
426
427
430
429
429
429
430
430
431
432
432
432
433
433
433
433
434
434
434
435
435
435
435
435
436
436
436
436
436
436
436
436
437
437
437
437
437
437
437
448
437
438
583
583
577
573
570
567
564
562
560
558
556
555
552
550
550
548
547
546
544
544
543
542
541
541
539
539
538
538
537
537
536
536
536
535
536
534
534
533
533
533
531
523
523
532
532
532
531
531
531
531
531
531
531
530
530
530
530
530
530
530
530
529
529
529
384
384
391
392
400
402
408
408
410
411
411
413
413
417
418
419
420
421
422
423
424
425
425
426
427
429
429
429
429
430
430
430
431
431
432
432
432
433
433
434
434
434
434
434
434
434
435
436
436
436
436
436
436
436
436
436
436
436
436
437
437
437
437
437
562
562
555
549
544
542
539
537
535
532
532
532
531
531
529
529
529
529
528
528
527
527
526
526
526
525
525
524
524
524
524
524
524
524
523
523
523
523
523
523
523
523
523
523
522
522
522
522
522
522
522
520
520
522
522
522
522
522
522
522
522
522
522
520
396
396
403
410
412
415
417
419
421
422
424
425
426
427
428
429
429
430
431
431
432
433
433
434
434
434
435
435
435
435
436
436
436
437
439
439
440
440
440
438
438
438
438
438
438
438
438
438
438
438
438
439
439
439
439
439
439
439
440
440
440
440
440
440
578
578
570
568
560
558
553
551
548
546
545
543
542
541
539
539
537
537
537
537
536
535
534
534
533
533
531
531
531
537
537
530
528
528
527
527
527
526
525
525
525
525
524
524
524
524
524
524
523
523
523
523
523
523
523
523
523
523
523
522
522
522
522
522
392
392
400
403
410
414
414
416
417
419
420
421
422
422
425
426
426
426
427
427
427
426
426
430
430
431
431
431
432
432
432
432
433
433
433
433
434
434
434
435
435
436
436
437
437
437
437
437
438
438
438
438
438
439
439
439
439
439
439
439
439
439
439
439
587
587
578
572
566
563
560
557
556
554
552
551
551
547
547
545
545
545
544
543
543
543
542
540
540
539
539
538
538
537
536
535
535
533
533
533
532
532
531
531
530
529
529
529
528
528
526
527
527
527
527
527
527
526
526
526
526
525
525
525
526
525
526
526
386
386
399
400
404
407
407
410
412
413
415
416
417
417
417
418
420
420
421
422
422
423
423
423
424
424
425
416
426
427
428
428
428
428
429
429
431
432
432
434
434
433
433
433
434
434
435
435
435
436
436
436
436
436
436
436
436
436
436
437
437
437
437
437
595
595
586
579
574
570
567
563
562
560
559
557
556
554
554
553
552
551
550
549
548
544
546
546
546
545
544
544
543
542
542
541
540
540
540
538
538
538
536
536
536
536
535
535
534
533
532
532
532
531
531
531
530
530
530
530
530
530
529
529
529
529
529
529
379
379
389
394
397
401
402
404
406
406
407
408
409
412
412
412
413
413
415
415
415
416
417
418
418
419
420
420
421
421
422
423
423
424
426
427
427
428
428
429
429
430
430
430
431
431
432
432
433
433
433
434
434
434
434
434
434
434
434
434
434
434
434
434
601
601
592
588
579
576
573
571
569
566
565
563
562
559
559
559
558
557
556
555
554
554
553
552
551
551
550
549
548
548
548
547
546
545
544
544
543
543
543
542
541
541
540
540
539
539
537
537
537
536
536
535
535
534
534
534
534
533
533
533
533
533
532
532
372
372
381
386
391
394
396
398
400
400
402
402
403
404
405
406
407
407
408
408
409
410
410
411
407
411
415
415
415
416
417
418
419
420
421
421
422
422
424
424
424
424
425
426
426
427
428
428
431
431
429
429
430
430
431
432
432
431
431
432
432
432
432
432
