480
481
480
481
482
482
481
481
481
481
481
481
481
481
480
480
480
481
481
481
481
481
480
480
480
480
480
481
481
481
482
481
481
481
481
480
481
481
481
481
480
480
481
481
481
480
479
479
479
480
480
480
481
480
481
481
481
481
481
481
481
481
481
481
559
560
559
557
557
556
556
555
555
555
554
554
554
554
553
553
553
553
553
553
553
553
553
542
542
552
552
552
552
552
552
552
552
551
552
552
552
551
551
551
551
551
551
551
551
551
551
551
551
551
551
551
551
551
551
551
551
551
551
551
551
551
551
550
406
406
409
415
417
420
422
423
425
427
429
429
429
429
431
431
432
432
433
433
433
433
433
434
434
435
434
435
435
435
435
435
436
436
436
435
435
435
436
436
436
436
436
436
436
436
436
436
436
436
436
436
437
437
437
437
437
437
437
437
437
437
437
437
591
591
587
587
583
583
583
578
576
576
581
581
574
574
571
569
569
568
569
572
572
565
564
563
563
563
562
561
561
561
560
560
560
559
558
558
558
558
558
550
550
556
564
556
556
556
556
556
555
555
555
555
555
555
554
554
554
554
554
554
553
553
553
553
413
409
409
413
418
419
421
422
425
426
427
428
427
429
430
430
431
431
433
433
433
433
433
433
433
434
434
434
435
435
435
435
435
435
436
436
434
434
435
436
436
436
437
436
437
437
437
437
437
437
436
436
437
437
437
437
437
437
437
437
437
437
437
422
589
589
587
582
580
580
579
576
575
575
574
573
573
572
570
569
569
568
566
566
566
565
564
564
563
562
562
562
562
561
561
561
560
559
559
559
564
564
558
558
558
557
557
557
557
560
560
560
555
555
556
556
555
555
555
555
555
554
554
554
554
554
554
554
397
397
411
414
415
420
420
421
423
426
426
426
427
428
429
429
429
430
430
431
431
431
431
432
432
432
432
433
433
433
433
433
433
416
434
434
434
434
434
434
434
434
435
435
435
435
435
435
435
437
436
436
436
436
436
436
436
436
436
436
436
436
436
436
582
589
590
589
588
583
581
580
578
578
576
575
574
573
572
572
572
570
570
571
571
571
568
566
566
566
565
567
564
565
563
562
561
561
561
560
560
560
559
559
559
559
558
558
558
558
557
557
557
556
556
556
556
556
555
555
555
555
555
555
551
551
553
553
403
403
411
415
415
417
419
422
422
423
425
427
426
427
427
428
429
429
430
431
431
431
431
432
432
432
432
432
433
433
433
433
434
434
434
434
434
434
435
435
435
435
435
435
435
435
436
436
436
436
436
436
436
436
436
437
437
437
437
437
437
437
437
437
590
590
587
585
583
581
581
580
578
576
575
574
573
572
571
570
570
569
568
567
566
566
566
565
564
564
563
563
562
561
561
561
561
560
560
560
559
559
559
559
558
558
558
558
558
557
557
557
557
556
556
556
555
555
555
555
555
555
555
555
554
554
554
552
404
404
404
408
415
417
419
420
423
424
424
426
427
427
427
428
429
429
429
430
431
431
431
431
431
431
431
432
433
433
433
433
433
433
434
433
433
433
433
434
434
434
434
434
434
434
434
435
435
435
435
434
434
435
435
436
428
435
435
435
436
436
436
436
572
572
567
563
563
560
556
555
554
553
552
552
552
552
552
555
551
551
551
551
551
551
551
551
551
551
552
552
552
551
552
552
552
551
551
549
551
551
551
551
551
551
551
551
551
551
550
551
550
550
550
550
551
550
551
550
550
550
549
551
551
551
551
551
409
409
413
417
420
423
425
426
426
427
429
430
431
432
433
433
433
434
434
434
435
435
435
436
436
436
437
443
443
437
437
438
438
440
438
438
438
439
439
439
439
440
440
440
440
440
441
441
441
442
442
442
442
442
443
443
443
443
443
444
444
444
444
444
589
589
586
584
583
581
579
577
576
574
571
571
571
569
568
566
565
563
563
563
562
562
561
560
560
559
558
552
558
557
557
557
557
556
556
555
555
555
554
554
554
553
553
552
553
552
552
552
551
551
551
551
551
551
551
551
535
524
524
549
551
551
551
551
406
406
410
413
418
420
420
420
421
424
425
427
427
427
428
429
430
430
426
426
432
432
432
433
433
433
433
433
433
433
435
435
435
435
436
436
437
437
438
438
439
439
439
440
440
441
441
441
442
443
443
445
446
445
445
445
445
445
445
445
446
446
446
446
589
590
590
600
591
591
589
579
577
576
574
573
571
570
569
567
567
565
564
564
563
561
561
560
560
559
559
558
558
557
557
557
556
555
555
555
554
554
554
519
519
552
552
556
556
551
551
551
551
551
551
551
549
549
549
549
549
549
550
550
550
550
555
555
405
405
405
409
414
414
420
412
420
422
422
423
426
427
427
428
429
430
431
431
431
432
434
435
434
433
433
430
430
419
434
435
436
436
436
435
436
437
437
438
438
440
440
440
441
441
442
442
443
443
444
444
445
445
446
446
440
439
440
447
447
447
447
447
589
589
587
586
585
584
581
579
579
579
579
573
573
571
568
566
566
565
564
563
562
561
561
560
559
559
559
557
557
556
556
555
555
555
555
555
553
553
553
553
553
552
552
552
551
551
550
549
549
549
549
548
548
548
548
548
548
548
548
548
548
548
547
548
404
404
408
413
413
415
417
419
420
422
422
422
425
426
426
427
428
430
430
430
430
431
424
432
433
433
434
434
434
435
435
435
435
436
436
436
437
438
438
439
439
439
440
441
441
441
442
442
443
444
444
444
445
446
446
446
446
446
446
448
448
448
448
449
589
589
587
586
582
580
580
579
579
580
580
573
570
570
569
568
567
565
564
563
561
560
559
559
557
557
556
556
555
554
535
535
553
553
553
552
552
551
551
551
551
550
550
549
549
549
549
548
548
547
547
547
547
547
546
546
546
546
546
546
546
546
546
546
405
400
405
411
413
415
417
419
420
422
423
423
425
426
425
426
428
428
429
429
430
431
431
432
433
433
434
435
435
435
436
436
437
437
438
439
439
439
439
440
440
441
441
441
442
442
442
442
443
445
447
446
446
446
447
447
448
448
449
449
449
450
450
450
562
572
567
567
562
557
553
551
549
549
547
546
546
544
543
543
543
543
543
543
543
543
543
543
543
543
543
543
543
542
542
542
542
542
542
542
542
541
541
541
541
541
541
541
540
540
540
540
540
540
540
539
539
539
539
538
538
538
538
538
538
538
537
537
403
403
414
417
419
426
429
429
430
432
434
436
437
438
440
442
445
447
447
447
447
448
449
450
451
451
451
455
455
452
452
453
454
454
454
454
454
454
445
445
455
455
455
455
455
455
455
455
455
455
456
456
455
455
455
455
455
455
456
456
456
456
456
455
580
583
580
573
570
568
564
561
558
557
557
557
550
550
549
546
544
543
538
538
538
538
538
538
538
536
535
534
532
532
532
533
533
533
533
531
529
529
530
531
531
531
530
530
529
526
526
526
529
530
531
531
530
524
519
519
523
529
529
529
527
513
522
513
417
417
421
427
437
444
444
442
439
438
438
445
453
456
453
450
446
450
450
451
457
459
459
459
456
453
452
452
458
462
462
462
458
457
456
456
460
462
462
457
457
459
459
459
462
465
467
467
466
463
462
462
462
465
468
468
469
467
463
463
463
465
466
468
562
562
562
558
552
541
538
539
539
539
540
540
536
526
524
526
526
528
529
528
529
528
522
519
519
519
518
524
522
524
522
519
518
518
521
523
523
522
520
517
517
518
519
522
522
522
521
517
517
519
521
520
521
520
520
517
517
517
518
520
521
521
520
518
429
429
436
437
437
439
442
448
451
451
450
449
449
450
450
449
449
459
459
457
456
456
458
461
462
463
463
462
460
460
461
463
463
464
466
486
486
463
457
463
465
467
467
466
464
464
465
465
465
465
458
466
465
465
465
465
467
467
467
467
466
465
465
465
556
556
552
551
551
549
546
543
541
538
532
532
531
531
531
529
526
524
524
528
528
524
523
523
521
519
518
518
518
520
520
520
520
518
517
517
517
518
519
519
518
518
517
516
516
518
519
519
520
520
520
517
517
517
518
518
518
519
518
518
517
517
517
518
436
436
437
441
445
445
445
445
447
451
452
454
455
455
455
455
456
457
458
460
461
461
461
460
460
461
462
462
462
463
463
463
464
464
464
465
466
466
466
465
465
465
467
467
467
467
467
466
466
466
466
466
467
467
467
467
467
467
467
467
467
467
467
467
558
558
555
551
548
544
542
540
538
538
535
532
530
527
527
526
526
524
523
523
523
522
524
520
523
520
519
519
518
517
517
517
518
518
518
518
517
516
516
516
516
516
520
520
516
516
517
517
517
517
517
517
516
516
516
517
517
516
516
517
518
518
516
516
433
433
437
439
441
444
447
450
450
450
452
453
454
455
457
457
458
459
459
459
461
462
462
462
462
462
462
463
464
464
465
467
467
465
465
465
466
468
468
467
467
467
466
466
466
467
467
467
467
466
466
467
467
467
467
467
467
467
467
467
467
467
467
467
539
539
531
526
522
519
517
516
516
516
516
516
516
516
516
516
516
516
516
516
516
515
517
518
518
518
518
517
517
519
519
519
520
520
520
520
520
520
520
520
513
521
521
521
521
521
521
521
521
522
522
522
521
521
521
521
522
522
522
522
522
521
521
521
430
430
437
444
447
452
455
459
461
465
466
466
466
467
468
468
468
469
468
469
469
469
469
469
469
469
470
470
469
469
469
469
469
469
469
469
468
468
468
468
468
468
468
468
467
467
467
467
467
467
467
467
467
466
466
466
466
466
470
470
466
466
465
465
547
547
541
534
534
527
524
522
520
519
517
516
515
514
514
514
514
514
513
513
513
513
513
514
514
514
514
514
514
514
514
514
515
514
515
515
515
515
515
515
515
515
515
516
516
516
516
516
516
516
517
517
517
517
517
517
516
517
516
518
517
518
518
518
437
437
441
444
454
457
459
462
466
466
469
467
469
471
472
472
470
470
473
473
472
472
473
473
472
472
472
471
472
471
471
471
471
472
471
471
471
471
472
472
471
471
470
471
470
471
470
471
470
470
470
470
469
470
469
470
469
469
469
468
468
468
468
468
552
552
536
533
526
524
520
520
519
516
513
513
513
512
512
511
511
511
511
511
511
511
512
512
512
511
511
511
512
512
511
511
511
512
511
512
512
512
512
512
513
513
513
513
513
513
513
513
513
513
514
514
514
514
514
516
516
515
515
515
516
516
516
516
438
438
438
445
455
457
461
463
466
468
469
469
470
471
471
471
475
475
473
473
471
473
472
472
472
473
473
473
463
463
472
472
472
472
472
472
472
472
472
471
471
471
471
471
471
471
471
471
471
471
470
470
470
470
470
470
470
470
470
470
470
469
469
469
543
543
537
536
513
513
518
518
515
514
514
513
512
511
511
525
525
511
511
511
510
510
510
510
510
510
510
511
511
511
510
510
510
512
512
512
511
511
514
514
517
512
514
512
512
512
512
512
512
513
513
513
515
519
515
514
513
514
514
514
514
514
514
514
437
437
448
453
457
461
461
466
468
469
470
471
471
472
472
473
473
473
474
474
474
474
475
475
475
475
474
474
475
475
475
475
474
474
474
474
474
474
474
474
474
474
474
473
474
473
473
473
472
473
473
473
472
472
472
473
472
471
471
471
471
471
471
471
540
540
540
534
525
521
518
517
516
515
513
512
512
510
510
510
509
509
509
509
509
509
509
509
509
509
509
509
510
510
510
510
510
510
510
510
510
510
510
510
511
511
511
511
511
511
512
512
512
512
512
512
512
512
512
512
512
512
513
513
514
519
519
513
442
442
449
455
457
461
463
466
470
475
471
473
473
473
474
474
474
474
474
474
475
475
475
476
475
476
475
475
475
475
476
475
475
475
475
475
475
476
475
475
475
475
475
475
475
475
474
476
474
474
474
474
474
473
473
473
473
473
473
473
472
472
472
472
