237
237
239
244
252
256
259
261
262
266
269
272
273
276
277
277
279
282
293
284
285
285
286
291
291
289
288
289
291
291
292
293
293
294
295
295
296
297
297
297
298
299
299
299
299
300
300
300
301
302
302
302
302
302
302
302
302
304
304
304
304
305
305
305
482
537
585
618
648
670
677
691
693
713
722
731
731
724
723
724
730
734
734
709
709
713
714
718
720
724
724
723
719
720
720
720
715
714
713
711
711
711
710
709
709
709
707
707
706
706
704
704
703
703
702
702
701
701
701
700
700
699
699
699
698
698
697
697
146
146
160
166
180
187
196
209
210
215
221
224
231
232
236
240
246
246
248
253
257
257
260
264
266
266
266
272
273
272
273
276
277
278
279
282
283
285
285
287
287
288
289
291
291
291
292
293
298
298
296
296
297
306
299
299
299
299
300
300
300
300
300
300
491
543
586
623
654
663
676
685
701
714
728
728
717
717
725
728
731
731
705
705
711
712
714
718
725
725
723
717
716
716
714
713
712
710
710
710
707
706
706
705
704
704
704
702
702
696
700
699
699
699
698
698
698
697
697
696
696
696
696
696
696
695
695
695
144
144
152
173
175
185
191
198
206
211
216
219
228
231
231
237
237
243
247
248
251
253
256
259
263
265
267
267
268
270
272
273
276
281
280
280
280
280
281
285
286
285
286
288
288
288
290
292
293
293
294
294
295
296
296
297
298
300
299
302
300
301
301
301
507
530
576
615
641
664
686
695
701
701
717
722
730
730
716
716
721
722
728
730
730
705
705
709
718
718
718
716
716
715
713
712
710
709
708
707
706
705
703
703
703
702
702
701
699
698
699
698
697
697
697
697
696
696
695
694
694
694
694
693
693
693
693
693
142
142
152
167
176
184
191
198
204
210
215
219
220
227
231
234
238
240
243
246
248
252
255
257
257
264
265
265
265
270
272
273
273
274
275
278
280
282
283
283
284
286
286
286
287
289
290
290
291
293
293
293
294
295
300
296
297
297
299
299
299
299
299
301
495
548
594
628
630
653
677
691
706
722
722
721
721
724
730
738
738
711
711
714
717
720
725
723
723
719
715
714
713
713
713
711
710
708
707
705
705
704
703
702
701
701
701
701
700
700
698
697
697
696
695
694
694
694
694
694
694
694
693
693
693
692
691
691
142
142
155
166
175
183
195
201
203
209
214
219
222
228
230
234
236
240
243
245
248
251
254
260
260
260
262
265
266
268
270
270
273
274
276
277
278
279
281
282
283
284
285
286
287
288
289
289
291
292
292
293
293
293
295
296
296
297
304
298
304
300
300
300
480
534
583
617
643
667
690
690
706
709
717
723
734
734
717
717
721
722
728
730
735
735
723
722
720
718
718
716
715
713
711
710
709
708
707
706
704
704
704
703
701
699
699
699
699
698
697
696
696
695
694
694
694
694
701
694
692
691
691
691
691
691
691
691
142
142
155
166
174
187
192
197
202
213
213
218
222
222
226
233
237
239
241
245
248
251
255
258
255
258
262
263
268
268
270
271
272
274
276
277
278
279
279
282
283
284
285
285
285
288
291
291
291
291
293
294
294
294
294
295
291
296
298
298
298
298
300
300
706
706
703
701
703
701
692
690
688
687
686
685
685
686
686
684
682
682
683
683
682
682
682
681
681
681
680
680
680
676
680
679
679
679
679
679
678
678
678
678
678
677
677
677
677
677
676
676
676
676
676
675
675
675
675
675
675
675
675
675
675
674
674
674
185
185
206
214
225
232
235
243
255
258
258
263
265
269
271
273
274
278
280
281
282
285
288
290
290
291
294
295
295
296
298
299
301
302
303
305
306
305
306
304
308
309
310
312
312
312
312
312
313
315
315
315
316
317
318
318
318
318
318
319
320
320
320
320
681
736
736
730
729
704
695
695
712
712
709
704
703
702
697
697
696
693
692
691
690
688
687
687
686
685
684
684
683
682
682
681
680
680
678
677
677
677
675
675
675
675
675
674
674
674
673
673
673
673
671
671
671
671
671
671
671
670
670
670
670
670
670
670
193
193
209
219
228
235
241
251
254
256
258
260
267
270
272
274
276
277
281
281
283
286
288
288
289
290
289
293
290
295
298
299
301
301
302
305
305
307
307
309
310
311
311
312
316
316
315
315
315
316
317
317
318
319
319
319
321
321
326
326
323
322
323
324
698
737
744
737
713
709
709
709
706
712
706
706
702
699
699
697
695
694
691
691
690
690
688
687
685
673
683
682
682
681
681
680
679
678
678
678
677
674
674
674
673
673
673
672
672
671
671
669
669
669
670
669
667
667
667
669
668
669
668
668
667
667
667
667
190
190
208
217
233
237
242
252
257
257
261
264
267
269
272
274
275
278
281
282
285
291
287
289
289
291
292
293
295
295
297
300
300
300
304
304
306
306
308
309
310
312
312
312
314
315
317
317
318
318
318
319
320
321
321
322
322
323
324
324
324
324
324
325
708
733
738
738
716
708
705
705
701
701
704
704
701
700
700
697
695
693
692
691
689
688
686
685
680
685
682
682
681
680
680
678
678
677
676
676
673
676
673
673
673
672
672
670
670
670
670
669
668
668
668
667
667
667
667
667
666
666
666
666
665
662
665
665
190
190
209
220
234
239
242
249
252
257
262
266
268
269
273
275
277
278
279
284
284
284
288
288
290
290
293
295
301
303
301
300
300
303
304
305
307
307
309
310
312
313
314
315
315
315
315
317
318
319
320
320
320
321
321
321
323
324
325
325
325
326
326
326
702
725
725
723
722
722
722
718
718
718
712
707
703
698
697
696
694
693
690
689
689
688
685
684
683
683
682
681
680
678
677
674
674
675
675
674
673
672
672
671
670
670
669
669
668
668
667
667
666
666
666
666
666
666
665
665
665
665
665
664
664
664
663
663
190
190
208
220
229
237
243
250
254
258
261
261
267
271
271
273
277
277
281
283
284
285
288
291
291
292
293
295
296
298
300
302
302
302
304
305
307
308
309
311
312
313
314
315
315
317
318
318
320
321
321
322
322
322
324
324
324
324
325
326
326
326
327
327
721
721
705
695
688
684
681
680
673
670
667
667
664
663
662
662
662
661
662
660
659
659
658
658
658
658
658
658
658
658
658
656
656
656
656
656
655
655
654
654
654
654
654
654
653
653
653
654
654
653
651
651
651
651
651
650
650
652
652
650
649
649
649
650
219
219
231
241
248
256
261
266
268
271
276
278
280
283
283
286
288
289
292
294
295
295
299
300
299
300
305
310
308
310
310
311
314
316
316
318
319
319
324
325
325
325
327
329
330
331
331
331
333
334
334
335
336
336
337
338
338
339
340
340
340
341
341
341
750
750
740
727
718
710
702
698
695
689
687
684
682
680
678
678
675
672
672
670
670
668
668
667
667
664
661
662
661
659
658
657
657
655
655
654
653
653
653
651
651
650
649
649
649
649
648
648
648
646
646
646
646
642
642
642
644
645
645
645
645
645
645
645
220
220
232
244
247
259
260
266
272
273
275
282
282
282
286
287
287
290
293
294
296
296
296
301
302
304
306
308
308
309
314
317
320
320
325
325
325
328
329
330
332
333
334
334
335
337
337
338
339
340
341
341
342
342
344
344
344
345
345
347
347
347
347
348
756
756
740
731
722
713
706
694
693
690
687
679
679
678
678
675
673
671
670
666
662
661
661
659
659
658
657
656
655
654
654
653
651
650
649
649
644
642
641
640
639
632
632
635
635
633
632
632
630
631
631
631
631
630
629
630
630
630
629
629
629
629
629
629
237
237
252
266
268
275
278
283
290
294
296
302
303
304
305
309
311
314
317
318
327
330
330
332
334
336
338
338
339
343
359
359
347
347
347
348
350
351
352
353
353
354
355
355
356
356
358
358
358
359
359
360
361
361
361
362
362
363
363
363
363
364
364
367
748
748
723
712
703
696
686
681
675
670
666
664
658
655
655
653
652
651
650
649
646
645
643
642
641
640
640
640
639
638
637
636
636
636
635
634
635
634
635
634
633
633
633
632
632
631
631
631
631
631
631
631
632
632
631
631
631
631
631
631
631
630
630
630
233
233
245
253
259
267
275
280
286
290
294
297
299
303
305
309
310
310
312
315
316
316
319
320
322
324
327
329
331
333
335
339
340
340
341
349
349
348
348
349
349
351
352
354
356
356
356
356
357
359
360
360
360
360
360
362
362
362
363
367
363
363
363
364
742
742
726
722
714
705
697
689
681
676
671
668
666
661
660
657
655
653
651
650
648
645
645
644
643
642
642
641
640
640
639
639
637
635
637
635
635
634
634
633
634
636
636
632
632
632
632
632
632
632
631
631
631
631
631
632
623
629
629
629
630
630
631
631
233
233
247
254
266
267
271
271
289
293
297
299
302
303
306
308
309
311
314
317
317
318
321
322
324
325
328
331
334
336
339
339
343
345
345
348
348
348
350
351
351
353
354
355
356
357
358
359
359
360
361
362
362
362
363
363
363
363
363
363
364
366
366
366
690
690
670
654
650
645
641
638
635
632
631
630
629
629
629
629
629
629
627
627
627
627
622
622
626
626
625
625
625
625
625
624
624
624
621
621
620
620
621
623
622
622
621
621
621
622
622
623
623
623
623
623
624
625
626
625
626
625
626
627
627
627
628
628
239
239
241
254
277
281
288
293
296
297
301
305
308
310
312
314
316
318
321
324
328
332
334
335
337
341
343
345
345
349
351
351
351
357
357
358
360
361
361
362
362
362
363
366
366
366
365
365
366
367
367
367
368
368
369
369
369
369
370
371
371
371
371
371
737
737
723
698
698
687
676
667
662
659
653
650
648
644
643
643
642
640
639
637
636
633
626
631
630
630
630
629
629
629
628
628
627
621
621
627
627
626
626
627
627
627
627
627
627
626
626
626
626
626
626
626
626
626
627
629
629
627
627
627
627
627
627
627
245
245
247
257
258
273
280
292
295
295
303
303
303
304
305
311
312
313
315
328
328
326
326
329
332
335
339
344
344
347
351
353
353
353
356
357
357
358
361
361
362
363
364
365
365
369
367
367
367
368
368
368
368
369
369
370
370
370
370
371
371
371
371
371
745
745
735
725
713
703
691
681
674
667
660
659
659
653
652
650
648
644
643
643
640
635
635
635
635
634
634
633
628
628
632
632
628
628
627
623
621
623
619
625
625
625
624
624
624
624
624
624
624
624
624
624
624
624
624
624
624
624
624
625
625
619
619
624
238
238
251
262
264
275
279
283
286
287
288
297
300
300
301
305
311
313
313
317
319
322
325
329
333
338
339
343
346
348
350
352
354
355
356
357
359
359
361
363
364
364
365
365
366
366
366
366
367
367
368
368
368
367
367
369
370
370
370
370
370
370
370
370
747
747
736
726
715
707
693
685
677
670
665
662
660
655
654
652
649
648
645
639
639
640
640
637
636
634
633
632
631
630
630
628
628
627
626
626
626
625
625
624
623
623
623
623
623
623
623
623
623
623
623
623
623
623
623
624
624
624
624
624
624
625
625
625
233
233
248
262
266
271
277
281
284
289
291
291
292
296
297
299
303
305
309
311
314
318
322
327
327
330
334
338
342
345
345
348
351
352
353
357
358
359
360
361
363
365
366
367
368
368
369
370
371
371
371
372
372
373
373
373
374
375
375
375
375
376
377
377
739
739
725
715
699
692
684
673
666
657
655
655
653
652
652
648
643
642
640
637
634
632
632
632
628
628
626
624
623
622
622
621
621
620
620
620
619
619
618
618
618
618
618
618
618
618
618
618
617
617
618
619
619
618
618
618
619
615
619
619
619
619
620
619
236
236
249
260
268
285
289
289
295
298
300
301
309
312
312
313
318
319
321
324
326
330
334
338
341
345
348
353
356
356
357
359
361
363
364
366
367
367
368
370
370
371
371
371
372
372
372
373
373
374
374
374
374
375
381
385
385
384
377
374
374
374
374
374
