419
422
424
425
425
426
427
427
425
425
427
428
429
429
429
429
429
430
430
430
430
430
432
431
431
431
431
431
431
431
431
431
431
432
432
432
432
432
432
432
432
432
432
433
433
433
433
433
433
433
433
433
433
433
433
433
434
434
434
434
434
434
434
434
567
567
564
562
561
559
558
557
557
556
554
553
553
553
552
552
551
550
550
550
549
548
548
548
548
547
547
546
545
545
545
545
544
544
544
543
543
542
542
542
542
542
541
541
541
541
541
541
540
540
540
540
540
540
539
539
539
539
539
539
539
539
539
538
406
406
408
410
412
412
414
414
413
413
413
418
418
419
420
420
421
421
421
422
422
423
424
424
424
425
424
425
425
426
426
426
426
427
427
428
428
428
428
429
428
429
429
430
430
430
430
430
430
430
431
431
431
431
432
432
432
432
432
432
433
433
433
433
565
565
562
561
560
558
558
556
555
555
554
553
553
552
552
551
550
550
549
549
549
549
548
547
547
547
546
545
545
545
545
544
544
544
543
543
543
543
542
542
542
542
542
542
541
541
541
540
540
540
540
539
539
539
539
539
539
537
539
539
539
539
538
538
408
408
408
408
411
412
414
415
417
416
416
416
417
418
419
419
419
420
421
421
421
421
423
424
423
424
424
424
424
425
425
425
426
426
426
427
428
428
428
428
428
428
424
424
427
429
429
430
430
430
430
430
430
431
431
431
431
431
431
432
432
432
432
432
565
565
563
561
559
558
558
557
555
554
553
554
553
552
551
551
551
551
550
549
549
548
548
548
546
546
546
545
545
545
545
544
544
543
543
543
543
543
543
542
542
542
541
541
541
540
533
540
540
540
540
540
540
540
539
539
539
540
540
539
538
538
538
538
404
404
408
410
411
412
413
414
415
416
416
416
418
418
419
419
420
420
420
420
420
422
422
423
423
423
424
424
425
425
425
426
426
426
427
427
427
429
428
428
428
428
429
429
429
429
430
430
430
431
431
431
431
431
431
431
431
431
434
431
432
431
432
432
565
569
565
561
560
558
558
558
557
555
554
553
553
552
552
551
550
549
549
549
549
548
548
547
547
547
546
546
546
546
545
545
544
544
543
543
543
543
543
542
542
542
541
541
541
541
541
541
540
540
540
540
539
539
539
539
539
539
538
538
538
538
538
538
405
405
405
409
411
413
414
414
418
419
418
417
417
418
418
419
420
420
420
420
421
421
422
422
423
423
423
424
424
425
425
425
425
426
426
427
427
427
427
427
427
428
428
428
429
429
429
429
430
430
433
431
431
431
431
431
430
431
431
432
432
432
432
432
565
565
562
561
559
558
557
557
555
554
553
552
552
552
551
550
549
549
549
548
548
547
547
547
546
546
545
545
545
545
544
544
544
543
543
543
542
542
542
542
541
541
541
541
541
540
540
538
538
539
539
539
539
539
539
539
538
538
538
538
538
538
538
538
407
407
408
409
410
412
413
414
415
416
416
418
418
418
418
417
419
420
423
423
422
422
422
422
423
423
423
424
423
424
425
425
426
426
426
426
427
427
427
428
428
428
428
429
429
429
429
429
430
430
430
430
431
431
431
429
431
431
432
432
432
432
433
434
550
550
547
544
542
540
539
537
537
537
537
537
535
534
533
533
533
533
532
532
532
531
531
531
530
530
530
530
530
530
530
529
529
529
529
529
529
528
528
528
528
528
528
528
528
528
528
527
527
527
527
527
526
526
527
527
527
526
526
526
526
526
525
526
407
407
412
416
417
417
418
421
422
423
423
424
424
425
427
428
428
428
430
430
431
431
432
433
433
433
430
432
432
435
436
436
436
436
437
437
438
437
438
438
439
439
439
439
439
439
439
440
440
441
441
441
441
441
441
442
442
442
442
442
442
442
442
443
562
562
558
558
556
553
551
551
549
548
547
547
546
545
544
544
544
544
541
540
539
539
539
538
538
537
537
536
535
535
535
535
534
534
534
533
533
533
532
532
531
531
531
531
531
530
530
530
530
530
530
529
529
529
529
529
529
528
528
528
528
528
528
527
408
408
412
413
413
415
418
420
420
421
422
423
423
424
426
427
427
428
427
428
429
430
432
432
432
432
433
433
434
435
435
435
435
436
436
437
437
438
438
438
438
439
441
442
442
440
440
440
441
441
441
441
441
441
442
442
442
442
442
442
443
443
443
443
563
563
560
557
555
554
552
551
549
547
546
547
546
546
546
545
544
543
543
542
540
539
539
539
538
538
536
536
536
535
535
535
534
534
534
534
534
533
532
532
532
531
531
531
531
531
530
530
530
530
529
529
529
529
529
529
528
528
528
528
528
527
527
527
411
411
412
414
415
417
418
420
421
422
423
423
424
425
425
426
427
428
428
429
430
430
431
432
432
432
433
434
434
435
435
435
436
436
437
437
438
438
438
439
439
439
439
440
440
440
440
440
441
441
441
442
442
442
443
443
443
444
446
446
443
443
443
444
562
562
559
556
554
553
551
550
549
548
547
545
545
545
545
543
543
542
541
541
539
538
538
538
538
537
536
536
535
535
535
534
534
533
533
533
533
532
532
532
531
531
531
531
530
530
530
530
529
529
529
529
529
528
528
528
528
528
528
527
527
527
527
527
409
409
414
416
416
418
419
420
421
422
423
424
425
425
425
427
427
427
428
430
430
430
430
431
432
433
434
434
434
435
435
435
436
436
437
437
437
438
438
438
439
439
439
440
440
440
440
441
441
441
441
441
442
442
442
442
442
443
443
443
443
443
443
444
562
562
559
557
554
553
553
551
549
548
548
546
546
545
545
543
543
543
543
541
541
540
537
537
537
537
537
537
536
535
535
534
533
534
533
533
532
532
532
531
531
531
530
530
530
530
530
529
529
529
529
529
528
528
528
528
528
528
528
527
527
527
527
527
408
408
411
414
416
417
418
419
420
421
421
423
423
425
426
426
427
427
427
428
428
429
429
429
429
432
433
433
434
435
435
436
437
437
437
437
437
438
438
438
439
439
441
441
440
440
440
441
441
441
441
441
442
442
442
443
443
443
443
443
443
443
443
444
551
551
547
544
541
539
538
534
533
532
529
529
529
528
527
526
526
526
526
525
525
525
524
524
524
524
524
524
524
523
523
523
523
523
523
523
523
523
523
523
523
523
522
522
522
522
522
522
522
522
522
522
522
521
522
522
522
522
522
522
522
522
522
522
412
412
415
418
420
423
425
427
428
429
432
433
433
434
435
436
437
437
438
438
439
440
440
441
442
442
442
443
443
443
444
444
445
450
450
446
446
446
446
447
447
447
447
447
447
448
447
447
447
447
448
448
448
448
447
447
448
449
449
449
449
449
449
448
560
560
556
553
551
549
546
544
543
543
541
538
537
536
535
534
533
533
532
531
530
530
529
528
528
527
527
527
526
526
526
525
525
525
525
525
525
525
524
524
524
524
524
524
524
524
523
523
523
523
523
523
523
523
522
522
522
522
522
522
522
522
522
522
411
411
415
419
422
422
423
425
426
428
430
431
431
434
435
435
435
436
437
438
439
440
440
440
441
442
442
442
443
444
444
444
444
445
445
445
446
446
446
446
447
447
447
447
447
447
447
448
448
449
449
449
449
451
449
449
449
449
449
451
451
452
450
450
562
562
558
554
551
549
547
545
542
540
540
539
537
536
535
534
533
532
531
530
530
529
528
528
526
527
526
526
526
526
525
525
525
524
524
524
523
523
523
524
523
523
523
523
523
522
523
522
522
522
522
523
523
522
522
522
522
522
522
522
521
521
521
521
410
410
412
416
420
422
422
425
426
428
429
429
432
434
434
435
435
436
437
437
439
440
440
440
442
442
442
443
443
443
444
444
444
445
445
446
446
446
446
447
447
448
448
448
448
448
448
448
448
448
449
449
449
449
449
449
450
450
450
450
449
450
450
450
562
562
558
556
554
550
547
545
544
541
538
538
537
536
535
534
532
531
531
530
530
529
528
527
527
526
526
525
525
525
524
524
524
523
523
523
522
522
522
522
522
522
522
521
521
521
521
527
520
521
520
521
520
520
520
520
520
520
520
520
520
520
520
520
413
413
417
420
420
422
424
425
427
429
430
431
433
435
435
436
436
437
438
439
440
442
442
443
444
447
445
445
445
446
447
447
447
447
447
448
448
448
448
449
449
449
449
449
449
450
450
451
451
451
451
451
451
451
451
451
451
452
452
452
452
452
452
452
559
559
555
551
548
546
545
542
540
539
539
537
535
533
533
531
531
530
530
527
527
527
526
526
526
525
524
524
523
523
522
522
522
522
520
520
521
521
520
520
520
520
520
520
520
519
519
519
519
519
519
519
518
518
518
518
518
518
518
518
518
517
517
517
413
413
416
419
422
424
427
428
430
430
432
433
433
436
436
436
438
439
440
442
440
442
442
443
444
444
445
445
446
446
446
447
447
447
448
448
448
448
449
449
449
449
450
450
450
450
451
451
451
451
451
452
451
452
452
452
452
452
452
453
453
452
452
452
544
544
536
531
528
525
523
522
521
519
519
518
518
518
517
517
517
517
517
516
516
515
515
516
516
516
516
516
516
516
516
516
516
516
516
516
516
516
516
516
516
516
516
516
516
516
516
516
516
516
516
515
515
515
513
515
515
515
515
515
515
515
515
515
420
420
424
430
432
435
438
439
441
442
444
444
446
447
447
448
448
449
449
449
450
450
451
451
451
451
451
451
452
452
452
452
452
452
452
452
452
454
453
453
453
453
453
453
452
453
453
453
453
453
453
453
453
453
453
453
453
454
454
454
454
455
454
455
550
550
544
540
536
533
530
530
526
525
522
521
522
521
520
519
518
517
517
516
516
515
514
515
515
515
515
515
515
514
514
514
514
514
514
513
513
511
513
513
513
513
513
513
513
513
513
513
513
513
513
512
512
513
513
513
513
513
513
512
513
512
512
512
421
421
426
430
435
438
440
441
444
445
446
448
448
449
450
450
451
451
452
452
453
453
454
454
454
454
454
454
454
454
454
454
454
454
454
455
455
455
455
455
455
455
455
455
455
455
455
455
455
455
455
455
456
456
456
456
456
456
456
456
456
456
456
456
551
551
545
539
536
533
531
528
526
525
523
523
520
518
517
517
516
516
515
514
514
514
514
513
513
512
512
512
512
512
512
512
511
511
511
512
512
512
511
510
510
511
511
510
510
510
510
510
510
510
510
510
510
510
510
510
510
510
510
510
509
509
509
509
425
425
431
436
439
443
444
446
447
448
449
451
451
451
452
453
453
454
454
454
455
455
455
455
455
455
456
457
457
457
457
457
457
457
457
457
457
457
457
457
457
458
458
458
460
460
459
459
459
459
459
459
459
459
459
458
458
459
459
460
459
459
459
459
545
545
540
535
532
527
527
525
523
521
519
518
517
515
514
513
513
513
512
511
511
510
510
510
510
510
509
509
509
509
509
509
509
508
508
508
508
508
508
508
508
508
508
508
508
508
508
508
508
508
508
508
508
508
508
509
508
508
508
508
508
508
508
508
425
425
430
434
437
438
442
445
448
448
448
449
450
451
452
454
454
454
454
454
455
455
455
455
455
455
456
456
456
456
456
456
456
456
457
457
456
456
456
457
457
457
457
457
457
458
458
457
457
457
457
457
457
458
458
459
459
458
457
457
457
457
457
457
549
549
545
538
534
531
529
526
525
523
521
519
518
516
515
514
514
513
513
512
511
511
511
511
510
510
510
509
509
509
509
509
509
509
508
508
508
508
508
508
508
508
508
508
508
508
508
508
508
508
508
508
508
508
508
508
508
508
508
508
508
508
508
508
423
423
429
437
437
441
441
443
445
446
447
448
451
451
454
454
454
454
454
454
455
455
455
455
455
455
455
455
455
456
456
456
456
456
456
456
456
456
456
457
457
457
457
457
457
457
457
457
457
457
457
457
457
457
457
457
457
457
457
457
457
457
457
457
