419
421
424
425
425
425
425
426
426
427
427
428
428
428
428
429
429
430
429
430
430
430
430
430
430
430
431
431
431
431
431
431
431
432
432
432
432
432
432
432
432
432
433
433
433
433
433
433
433
433
433
433
430
433
433
434
434
434
434
434
433
433
434
434
567
567
563
563
561
560
559
558
557
557
555
555
554
553
553
553
551
551
551
550
549
549
549
548
548
548
547
547
547
546
546
545
544
544
544
544
544
544
543
543
542
542
542
542
542
542
541
541
541
541
541
541
540
540
540
540
540
540
540
538
538
538
539
539
405
405
407
410
411
412
414
415
415
416
417
417
418
418
419
419
420
420
421
422
424
424
424
424
424
424
425
425
425
425
426
427
427
427
427
426
427
427
428
427
429
429
429
429
429
430
430
430
430
430
430
431
431
431
431
431
431
431
431
432
432
432
432
433
566
566
565
563
560
559
558
558
557
554
554
554
553
552
552
551
550
550
550
550
548
548
548
547
547
547
547
546
546
546
546
544
544
544
544
544
543
543
543
543
543
543
542
542
541
541
541
541
541
540
540
540
540
540
540
540
539
539
539
539
539
539
539
538
405
405
407
410
410
411
413
413
415
416
416
416
416
417
417
419
419
420
420
421
421
421
421
423
423
423
423
423
425
425
425
425
425
426
427
427
427
427
430
430
428
428
428
429
429
429
430
430
430
430
430
430
432
432
431
431
431
431
431
431
431
432
432
432
566
566
564
562
561
559
559
557
556
555
555
553
553
553
552
552
551
551
550
549
549
549
549
548
547
547
546
546
545
545
545
545
545
544
544
543
543
543
542
542
542
543
542
542
541
541
541
541
541
541
540
540
540
540
540
540
539
539
539
539
539
539
539
538
405
405
407
409
410
412
413
413
415
416
416
416
416
417
417
418
419
420
420
420
421
422
422
422
423
423
423
424
424
425
425
425
428
426
428
427
428
427
428
428
428
428
428
428
428
429
429
429
429
429
430
430
430
431
431
431
431
431
431
431
432
432
432
432
566
566
564
562
561
560
558
556
556
555
555
554
553
553
552
551
551
550
550
549
549
548
548
547
547
547
547
546
546
546
545
545
545
544
544
544
544
543
543
543
542
542
542
542
542
542
541
540
540
540
540
540
540
540
540
539
539
539
539
539
539
539
538
539
405
405
407
408
410
411
412
414
414
414
414
416
417
417
418
418
419
419
420
421
421
421
422
422
422
423
423
424
425
424
425
425
425
425
426
426
426
427
426
427
427
428
428
428
428
429
429
429
429
430
430
430
430
430
431
431
431
431
431
431
432
432
432
432
564
565
564
562
560
559
558
557
557
557
555
554
553
552
553
552
551
551
550
550
549
549
549
548
547
547
546
546
546
545
545
545
545
545
544
543
543
543
543
543
543
542
542
542
542
541
541
541
541
541
540
540
540
540
540
540
540
539
539
539
539
539
539
538
405
405
406
408
411
411
411
412
414
415
415
415
417
417
417
419
419
419
419
420
421
421
422
421
422
422
423
423
424
424
425
425
425
425
426
426
426
427
427
427
428
428
428
428
428
429
429
429
429
430
430
430
430
430
430
430
430
430
431
431
431
432
432
432
552
552
548
545
544
543
542
539
537
537
536
535
535
535
534
533
533
533
532
532
532
532
532
531
531
531
531
530
530
530
530
529
529
529
529
529
529
529
528
528
528
528
528
528
528
528
527
527
527
527
527
527
527
527
527
527
527
527
526
526
526
526
526
526
408
408
410
413
416
417
418
422
422
422
423
425
426
426
427
428
429
430
430
430
429
431
433
433
433
434
434
435
435
435
435
436
436
436
437
437
437
437
438
438
439
439
439
439
439
439
439
439
440
440
440
441
441
441
441
441
443
443
442
442
442
442
442
442
562
562
559
557
554
553
551
550
549
549
547
546
546
545
544
543
543
541
541
540
540
539
538
538
537
537
536
536
535
535
535
533
533
531
533
533
533
532
532
532
532
531
531
531
531
530
530
530
529
529
529
528
528
528
528
528
528
528
528
528
527
528
527
527
408
408
411
415
415
417
418
420
420
421
423
424
425
426
427
427
427
428
430
430
430
431
432
432
433
433
433
433
434
435
436
436
436
436
437
437
438
438
438
438
439
439
439
441
441
441
441
441
441
441
441
441
441
442
442
442
442
442
442
443
443
444
443
443
563
563
561
559
555
555
555
552
550
549
548
548
546
543
544
544
544
542
542
541
541
540
539
539
538
538
537
536
536
536
535
535
534
534
533
533
533
532
532
531
531
531
531
531
531
531
530
530
530
530
529
529
529
529
529
528
528
528
528
528
527
527
527
527
413
411
411
416
416
417
419
420
421
422
423
423
425
425
426
427
428
429
429
430
430
431
432
432
432
433
433
434
434
435
435
436
436
437
437
437
437
438
438
438
439
439
439
440
440
440
440
441
441
441
441
442
442
442
442
443
443
443
443
443
443
444
444
444
563
563
559
558
555
554
552
551
550
549
548
547
546
545
545
544
543
542
541
541
541
542
542
538
537
537
537
536
536
535
535
535
534
534
533
533
533
532
532
532
531
531
531
530
530
530
530
530
529
529
529
529
529
528
528
528
528
528
528
527
527
527
527
527
408
408
412
414
416
417
420
421
422
422
422
424
425
426
427
427
428
428
429
430
430
431
431
432
433
433
434
434
435
435
436
436
436
437
439
437
438
438
438
439
439
439
440
440
440
440
441
442
442
442
442
442
442
442
442
443
443
443
443
443
443
444
444
444
563
563
559
557
555
553
552
551
550
549
548
547
546
544
544
544
543
542
542
541
540
539
538
538
538
538
538
537
536
535
535
534
534
534
533
533
533
532
532
532
532
531
531
530
530
530
530
529
528
529
528
528
528
528
528
528
527
527
527
527
527
527
527
526
409
409
412
412
414
418
420
420
421
422
423
424
426
426
426
427
428
429
429
430
431
431
432
432
433
434
434
434
435
435
436
436
436
437
436
437
438
438
439
439
439
440
440
440
440
441
441
441
442
442
442
442
442
443
443
443
443
443
443
444
444
444
445
445
551
551
547
544
541
538
536
534
533
532
530
529
527
527
527
526
526
526
525
524
524
524
524
523
523
523
523
523
523
522
522
522
522
522
522
522
522
521
521
521
521
521
521
523
522
522
521
521
521
521
521
520
521
521
521
520
520
520
520
520
520
520
520
520
415
415
419
420
423
425
427
429
430
432
433
434
436
436
437
438
438
439
440
440
441
441
442
442
443
443
443
444
444
445
445
445
445
446
446
447
447
447
447
447
447
448
448
448
448
448
448
449
449
449
449
449
449
449
449
449
450
450
450
450
450
450
450
450
558
558
554
550
547
546
545
543
541
539
538
536
535
534
533
532
531
530
530
529
527
527
527
527
527
526
525
525
524
524
524
524
523
523
529
529
522
522
521
521
521
521
521
521
521
521
521
520
520
520
520
520
520
520
519
519
519
519
519
519
518
517
518
519
413
413
416
419
422
424
426
428
430
432
434
434
434
436
437
438
439
439
440
440
441
442
442
443
443
444
446
445
445
445
445
445
446
445
446
447
447
449
448
448
448
448
449
449
449
449
449
449
450
452
450
450
450
450
450
451
451
451
451
451
451
451
451
452
559
559
555
552
549
547
545
543
541
540
538
535
535
534
533
533
532
530
529
529
529
528
527
527
526
526
525
525
524
524
524
523
523
522
522
522
521
521
521
521
521
520
520
520
520
520
520
519
519
519
519
519
519
519
519
519
519
518
518
518
518
518
518
518
412
412
415
419
422
424
425
428
430
431
433
433
435
436
437
438
438
441
441
441
441
442
442
443
443
443
444
444
444
445
445
446
446
447
447
447
448
448
448
449
449
449
449
449
449
450
450
450
450
450
450
450
450
451
451
451
451
451
451
451
451
451
451
451
560
560
556
553
550
547
546
546
543
539
538
537
535
534
533
532
531
530
529
528
528
528
527
526
526
525
524
524
523
523
523
521
522
522
522
521
521
521
520
520
520
520
520
520
519
519
519
519
518
518
518
518
518
518
518
518
518
517
517
517
517
517
517
517
413
413
416
419
421
424
426
428
429
429
433
434
435
436
437
437
438
439
440
441
441
443
443
443
444
444
445
445
445
446
446
446
447
447
448
448
448
448
448
449
449
449
449
449
449
450
450
450
450
450
450
450
451
451
451
451
451
451
451
451
451
452
452
452
561
561
558
553
550
546
544
544
542
542
538
537
537
533
532
532
531
530
529
528
527
526
526
526
525
525
524
524
523
523
522
522
521
521
521
521
520
520
520
520
519
519
519
519
519
518
518
518
518
518
518
518
518
517
517
517
517
517
517
517
516
516
517
517
411
411
415
418
423
424
424
427
430
431
433
434
436
437
437
438
438
440
440
441
441
442
443
444
444
444
445
445
446
446
446
447
447
447
447
448
448
448
448
449
449
449
449
449
450
450
450
450
450
450
450
450
451
451
451
451
451
451
451
451
451
452
452
452
544
544
538
532
528
523
521
521
520
518
518
518
517
517
516
516
515
515
515
515
515
515
515
515
515
515
514
514
514
514
514
514
514
514
514
514
513
514
513
513
513
513
513
513
513
513
513
513
513
513
513
513
513
513
513
513
513
513
513
513
512
513
512
513
419
419
427
429
432
435
437
438
439
441
441
442
443
445
445
445
446
446
447
447
448
448
448
449
450
450
450
450
450
450
451
452
452
452
452
452
452
452
452
452
452
452
452
452
453
452
452
452
452
452
452
452
452
452
452
455
452
453
453
453
453
452
452
453
553
553
544
542
538
535
533
531
528
527
526
524
524
523
522
522
521
521
520
520
519
518
518
518
518
517
516
516
516
516
515
518
514
514
514
514
514
514
514
514
513
513
513
513
513
513
513
513
513
513
512
512
512
512
513
512
512
512
512
512
512
512
512
512
417
417
424
428
433
436
437
437
439
440
441
442
444
444
444
444
445
446
447
447
447
448
448
448
449
449
449
450
450
450
450
451
451
451
452
452
452
452
452
452
452
451
452
452
452
452
452
453
453
453
453
453
453
453
453
453
453
453
453
453
453
453
453
453
556
556
549
545
539
537
534
532
531
530
530
528
526
525
525
524
523
522
522
521
521
519
519
519
518
518
518
518
517
517
517
517
516
515
515
515
514
514
514
514
514
514
514
513
513
513
513
513
513
513
513
513
512
512
512
512
512
512
512
512
512
512
512
512
416
416
419
428
431
433
436
438
438
439
439
441
441
442
442
444
445
445
445
446
446
447
447
447
448
448
449
449
449
449
449
448
448
451
451
451
451
451
451
452
452
452
452
452
452
452
452
452
452
453
453
453
453
453
453
453
453
453
453
453
454
454
454
454
557
557
550
545
538
537
536
536
534
531
530
529
528
527
525
525
524
523
523
523
522
521
521
520
520
519
519
518
517
517
517
517
516
516
518
518
515
515
515
515
515
514
514
514
513
513
513
513
513
513
513
513
513
513
513
513
512
512
512
512
512
511
511
511
426
426
431
435
438
440
442
444
444
446
446
447
447
449
450
450
451
451
451
451
452
452
452
452
452
452
452
453
453
453
453
453
453
453
453
453
453
453
453
453
453
453
453
453
453
454
453
454
454
454
454
454
454
454
454
454
455
455
455
455
455
455
455
456
554
554
547
542
538
536
534
532
530
529
527
526
525
523
522
521
520
519
518
517
517
517
516
515
514
514
513
513
513
512
512
512
512
511
511
511
511
511
511
510
510
510
510
510
510
510
510
510
510
510
510
510
510
510
510
510
510
509
509
510
510
510
510
510
421
421
427
432
434
437
439
441
442
443
444
446
446
446
447
448
448
449
449
449
450
450
450
451
451
451
451
451
451
451
451
452
452
454
452
452
452
452
452
452
452
452
453
453
453
453
453
453
453
453
454
454
454
454
454
454
455
455
455
455
455
455
455
455
