467
485
482
482
481
481
481
481
480
481
480
480
480
480
480
481
480
479
479
480
481
480
480
480
480
481
481
481
480
480
480
481
481
481
481
481
480
480
480
482
482
482
481
481
481
481
481
482
481
482
480
481
481
481
480
480
480
480
481
480
481
480
480
480
515
515
514
512
512
512
512
512
512
512
512
512
513
512
512
511
511
511
511
511
511
511
511
511
511
511
511
511
511
511
510
510
509
510
510
510
511
510
511
511
511
511
510
510
510
510
510
511
510
511
510
509
509
509
510
509
509
509
508
509
510
510
509
507
461
461
461
464
465
468
470
468
470
470
470
470
469
470
470
472
472
472
472
473
473
473
474
474
474
472
472
472
474
474
474
474
474
474
474
475
475
475
474
474
474
475
475
475
475
475
475
475
475
474
474
474
474
474
475
475
475
475
475
475
475
476
476
476
525
525
525
524
522
522
522
522
520
520
520
519
518
517
517
518
518
516
516
516
516
516
516
515
515
515
515
515
512
513
513
514
514
514
514
514
514
513
513
513
513
513
512
512
514
514
512
512
512
512
512
512
512
512
511
512
510
512
513
513
512
512
512
511
460
460
460
462
465
466
467
467
467
469
468
468
468
470
470
470
471
471
471
471
472
472
472
471
471
473
473
473
473
473
473
473
473
473
473
473
474
474
474
474
474
475
478
475
475
474
474
474
475
475
475
475
476
476
475
475
475
475
476
476
476
474
474
475
511
525
525
525
524
522
521
519
519
519
519
518
518
518
517
517
516
516
516
516
516
515
514
514
514
514
514
514
514
514
514
513
513
512
513
512
512
512
513
513
507
507
511
511
511
511
511
510
510
511
511
510
510
511
512
512
511
511
510
510
510
510
510
510
464
464
466
466
467
467
467
468
468
469
470
470
470
470
470
470
470
472
472
472
472
472
473
473
473
473
473
474
474
474
474
474
474
474
474
474
473
474
474
474
475
475
475
475
475
475
475
475
474
474
475
475
475
475
475
475
475
475
475
475
475
475
475
475
527
529
527
537
528
528
522
521
521
521
520
520
519
519
519
517
517
521
521
522
516
516
515
515
515
515
515
515
515
515
514
514
514
514
514
514
514
514
514
513
513
512
512
512
512
512
513
513
512
511
512
511
512
511
511
511
512
512
511
511
511
511
511
511
459
459
462
464
465
465
465
467
471
471
469
469
468
469
469
469
470
469
470
470
471
471
471
471
471
471
472
472
472
473
473
473
473
473
473
473
473
473
473
474
474
474
474
474
474
474
474
474
474
474
474
474
474
474
474
474
474
475
475
475
474
474
474
475
528
528
526
524
524
523
522
522
522
520
520
519
519
519
518
519
518
518
518
518
519
519
516
516
515
521
515
515
515
515
515
515
514
514
513
513
513
513
513
513
514
513
520
512
512
512
512
512
511
511
511
511
511
511
511
511
511
510
510
511
511
511
510
510
461
461
463
464
464
465
467
467
467
468
468
468
471
471
471
471
471
471
472
472
472
473
477
473
474
474
474
474
474
474
474
474
477
477
474
474
474
474
474
474
475
475
475
475
475
475
475
475
474
475
475
475
475
475
475
475
475
474
474
474
475
475
475
475
518
518
516
514
513
512
511
511
511
511
511
511
511
511
509
508
508
509
510
509
509
508
508
508
508
508
508
508
508
508
508
508
508
508
509
509
509
509
509
508
508
508
508
508
509
509
509
509
509
508
508
508
509
508
512
508
508
508
508
508
506
506
506
507
461
461
467
468
468
470
470
470
470
470
470
472
472
473
473
473
474
473
474
472
474
474
474
474
474
475
475
475
475
476
476
476
476
475
476
476
476
476
477
477
477
477
475
476
475
476
476
476
476
476
476
475
477
475
477
475
477
476
479
477
477
477
477
477
525
525
522
521
520
519
518
518
517
517
515
516
515
516
515
514
514
513
513
513
513
512
511
511
511
511
510
511
509
510
509
509
509
509
509
509
508
507
508
506
508
508
508
508
508
509
509
509
508
509
508
508
508
508
508
508
508
508
508
508
508
508
508
508
463
463
467
469
468
469
469
471
470
472
470
472
473
473
474
474
474
474
474
473
473
473
473
474
474
475
475
475
475
475
475
476
476
476
476
476
476
476
477
477
477
477
476
477
476
477
475
475
475
477
478
478
478
478
478
477
477
476
477
476
477
477
477
477
525
526
525
522
522
520
519
518
518
518
517
514
512
512
513
513
512
512
512
511
511
511
511
511
511
510
509
509
509
508
508
509
509
509
509
508
508
507
507
507
508
507
507
507
507
507
508
507
507
507
506
506
506
506
507
507
508
508
508
507
508
507
507
507
464
464
465
465
468
468
461
461
470
471
470
472
472
473
473
474
474
474
475
473
475
473
475
475
475
475
475
476
475
476
475
474
474
475
476
475
475
475
476
476
476
476
476
477
477
477
476
476
477
477
477
478
478
478
478
477
478
477
478
478
479
479
479
479
524
524
523
521
523
520
519
518
518
517
516
516
516
516
513
514
512
512
512
512
512
511
511
511
511
510
509
509
509
508
508
508
508
508
508
508
508
508
508
510
510
508
508
507
508
507
507
507
507
507
508
508
507
507
507
507
507
507
507
507
507
507
507
506
464
461
464
464
464
464
470
470
470
469
469
470
472
472
473
473
474
474
474
473
473
473
473
475
475
476
475
476
476
477
476
475
475
476
476
477
477
477
478
479
479
479
477
477
477
477
476
476
477
477
477
477
477
477
477
477
478
478
478
478
478
478
478
480
523
524
523
521
519
517
517
517
517
517
515
515
514
514
513
514
512
513
512
512
512
512
511
511
511
511
510
509
509
509
509
508
508
508
508
508
508
508
508
506
507
506
507
506
507
506
507
506
507
507
507
506
506
506
506
507
506
506
506
506
507
506
507
505
463
463
465
467
467
470
470
471
471
471
471
472
473
473
473
474
474
474
474
473
473
475
475
475
475
476
476
476
476
476
476
476
477
477
477
477
476
476
476
477
477
479
479
479
478
478
478
478
478
480
480
479
478
477
477
477
478
477
478
476
478
478
479
479
521
521
516
512
511
511
509
509
508
507
507
506
506
506
506
507
507
506
506
506
506
506
506
504
506
506
506
507
507
507
507
507
507
507
507
507
506
506
502
507
506
506
506
507
508
508
507
506
507
507
507
507
507
507
507
507
507
507
507
507
508
508
509
508
464
464
466
467
467
470
472
472
472
474
474
474
475
475
476
476
476
476
477
477
477
477
478
477
478
478
478
477
477
479
479
479
479
479
479
479
479
479
480
480
479
479
479
480
480
479
479
479
480
480
480
480
480
480
480
481
479
481
480
481
481
481
481
481
524
524
520
519
517
517
517
515
513
511
511
512
512
511
509
509
508
508
508
507
507
507
507
506
506
506
506
506
505
505
505
506
506
506
506
506
506
506
506
506
506
506
505
505
506
507
507
506
506
506
506
506
506
506
506
506
505
506
506
506
506
506
506
506
461
461
465
469
469
470
471
472
472
472
473
474
474
475
475
475
476
476
476
476
476
478
478
478
478
478
477
478
478
478
479
479
479
479
480
481
480
479
479
480
480
480
478
478
481
481
481
481
481
480
481
480
481
481
481
481
481
481
481
481
481
481
481
482
521
521
518
518
525
525
515
514
514
512
510
510
510
510
511
507
508
508
508
499
499
506
506
506
506
506
505
505
506
506
505
505
505
505
505
504
504
505
505
505
505
505
505
505
505
504
504
505
505
505
505
505
505
505
505
505
506
506
504
504
504
505
524
524
473
464
464
467
470
470
471
472
472
474
474
474
475
476
476
475
474
475
476
478
478
478
478
478
478
478
478
478
478
479
479
479
480
480
480
479
479
480
480
480
480
480
481
481
481
481
481
481
479
479
480
482
482
481
481
481
482
482
481
481
482
482
482
482
520
520
519
517
516
517
516
514
512
512
512
512
511
509
509
509
509
507
506
507
507
507
507
505
505
506
506
505
505
504
505
505
508
510
508
505
504
504
504
505
504
504
504
504
504
504
504
504
504
504
504
504
504
505
505
504
504
505
505
504
504
504
505
505
468
468
468
468
468
471
471
472
472
472
474
475
475
475
475
476
477
477
477
477
478
478
478
478
479
479
479
479
480
481
492
481
479
479
480
481
481
480
480
481
481
481
481
482
482
482
481
482
482
482
485
483
483
482
482
482
482
483
483
483
483
483
483
483
520
520
517
516
513
513
513
513
512
512
510
509
509
508
509
507
507
507
506
506
505
505
505
505
503
503
503
503
503
503
504
504
504
504
504
503
503
503
503
503
503
504
504
504
503
503
503
503
502
502
504
504
504
504
505
504
504
504
504
504
504
504
504
504
465
452
465
468
469
469
471
474
474
474
474
475
476
476
476
476
477
478
478
478
478
478
479
479
478
478
480
480
480
479
479
481
481
481
481
481
481
481
479
479
480
481
481
481
481
482
482
481
481
481
481
482
481
482
482
483
483
483
482
482
483
483
482
482
512
512
510
509
506
505
504
504
504
504
504
504
503
503
503
503
504
504
504
503
502
502
505
505
505
505
505
505
505
505
505
505
505
505
503
503
505
505
505
505
504
503
503
505
505
505
505
505
505
505
505
505
505
504
504
504
505
505
504
504
504
504
504
504
465
465
467
472
472
474
474
476
478
478
478
481
481
481
482
482
482
482
482
483
483
483
483
483
483
484
484
484
483
484
483
484
484
484
484
483
483
484
484
485
485
485
484
483
484
485
485
485
485
484
482
482
484
484
485
484
485
484
485
485
485
484
484
484
511
513
511
511
509
509
508
507
506
504
503
503
503
503
503
503
501
501
502
502
502
501
501
501
501
501
501
501
501
501
501
501
502
502
502
500
500
500
502
502
503
503
501
501
501
502
502
502
501
501
501
501
501
502
502
502
501
502
502
502
502
502
502
502
466
466
470
473
474
475
477
478
479
483
483
482
482
482
483
483
483
484
484
483
483
483
485
485
485
485
485
484
486
485
485
484
484
485
485
485
486
485
485
485
485
485
486
486
485
484
484
484
485
485
486
485
484
484
485
486
486
486
486
485
485
485
485
485
513
513
511
509
508
506
504
503
503
502
502
501
501
501
501
501
501
501
500
501
500
501
500
500
500
499
501
500
500
500
500
500
499
499
499
501
501
500
500
499
499
501
501
500
500
500
500
501
501
500
500
492
500
500
500
501
501
501
500
499
499
499
501
501
467
467
474
475
476
478
478
480
480
480
482
482
482
484
484
484
484
485
486
485
485
485
485
485
485
486
486
485
485
486
487
486
486
486
486
485
485
486
486
486
486
486
486
486
487
487
485
485
485
486
486
486
486
486
486
486
486
486
486
486
486
486
486
486
512
512
509
508
507
504
504
504
504
502
502
502
502
502
500
500
500
501
501
501
499
501
501
502
502
502
501
501
501
501
501
501
501
501
501
501
501
501
501
501
501
501
502
501
501
501
501
501
501
501
501
501
501
500
500
502
502
501
501
502
502
502
502
502
471
469
470
470
473
476
477
479
480
480
481
481
482
483
483
483
483
483
484
485
485
485
483
483
489
489
485
485
484
484
485
485
486
486
486
486
485
485
486
486
486
486
485
485
485
486
486
486
486
484
484
486
486
486
486
485
485
485
485
485
484
484
485
485
513
513
513
511
508
507
507
505
503
503
503
503
503
502
502
500
500
501
501
501
501
500
500
500
501
501
501
500
500
500
500
501
501
493
493
499
500
500
501
501
501
500
500
501
501
501
500
499
500
501
501
504
501
501
501
501
501
502
501
502
501
501
500
500
469
469
470
470
473
475
475
477
480
480
480
483
483
484
484
484
484
483
483
485
485
485
485
485
486
486
486
486
485
486
485
486
486
487
487
485
485
485
486
487
487
487
485
485
486
486
486
486
486
486
486
486
486
486
486
486
485
486
486
487
487
487
486
486
