262
262
271
276
280
292
292
292
295
297
298
301
301
304
307
312
312
312
314
316
318
318
318
320
319
320
320
323
325
326
327
328
328
328
330
331
331
331
333
333
333
335
336
336
336
336
337
338
338
338
338
338
338
340
340
340
340
340
340
341
341
341
341
341
495
541
589
619
648
674
696
706
714
726
730
730
718
715
715
712
709
705
702
701
700
692
692
690
688
686
684
681
681
681
678
677
675
674
672
672
671
670
668
668
667
665
665
663
662
662
662
659
659
659
659
656
646
656
655
656
655
654
654
654
654
653
652
652
166
166
180
193
203
212
222
234
235
247
249
254
257
263
267
271
275
280
282
283
287
289
291
296
299
303
305
305
308
308
313
314
314
316
317
317
319
319
322
323
324
326
326
326
327
329
329
330
332
333
333
333
335
335
339
339
336
336
337
338
338
338
339
340
498
554
600
634
658
682
704
714
718
726
728
728
718
716
714
709
709
705
702
699
696
696
688
686
686
683
679
676
675
674
673
672
669
667
666
666
665
664
664
662
660
659
658
657
657
657
657
655
654
654
654
652
652
647
647
644
650
649
649
649
649
648
648
648
163
163
175
177
200
208
217
225
232
239
245
250
255
259
264
268
275
278
278
284
288
292
293
292
293
295
296
303
304
305
308
310
313
314
315
316
318
319
320
320
320
320
320
325
326
327
328
332
332
331
331
332
333
333
334
334
335
335
336
337
337
337
338
339
510
567
612
645
646
661
677
693
716
729
730
730
722
721
721
712
709
705
701
698
694
692
689
684
684
681
679
676
676
675
671
669
668
667
665
664
662
661
659
658
658
657
656
655
655
654
653
653
651
651
651
650
649
649
649
648
648
647
647
647
646
646
645
645
162
162
176
189
198
205
207
223
230
238
242
247
252
262
262
267
270
273
276
280
284
286
287
291
292
291
298
302
303
306
307
311
311
313
314
316
321
321
321
321
321
322
323
325
325
326
329
329
329
329
331
331
332
333
334
334
334
336
336
336
337
337
338
338
513
572
598
617
637
656
669
688
700
704
730
730
725
725
718
712
712
708
699
698
695
691
688
686
683
681
681
677
672
670
672
670
667
665
665
661
661
662
662
658
657
655
654
654
653
653
652
651
651
649
648
648
648
648
648
646
646
647
647
646
636
646
646
646
160
160
178
188
198
211
213
222
227
237
241
247
253
259
262
263
266
273
276
283
285
285
288
291
295
298
300
301
303
307
307
307
308
308
314
315
318
318
318
320
322
323
323
325
326
327
328
328
329
330
331
331
332
333
333
333
334
334
335
336
336
337
339
339
494
545
585
618
642
664
680
691
701
701
707
721
725
725
714
713
704
702
699
697
695
691
688
685
684
683
679
678
674
671
670
666
666
663
662
662
660
658
658
657
656
655
654
653
653
652
651
651
650
650
648
648
648
648
647
646
646
645
645
645
644
644
644
644
184
175
184
187
195
207
207
221
229
236
242
247
252
257
260
265
270
273
276
279
283
286
292
293
294
297
299
301
305
308
308
309
310
312
316
317
318
318
319
320
321
323
323
325
325
325
327
329
330
330
331
331
332
333
334
334
335
335
336
337
338
337
338
338
692
692
684
665
660
646
646
643
641
640
639
639
638
636
636
636
637
636
636
635
635
635
635
635
635
634
634
634
634
634
634
634
634
633
633
633
633
633
633
633
633
632
632
632
632
627
627
631
631
631
631
631
631
632
632
631
631
630
630
630
626
626
626
629
219
219
241
255
272
278
284
293
297
298
306
309
314
316
316
319
321
323
325
326
328
329
330
332
333
334
336
338
336
337
337
341
344
344
344
346
346
346
347
347
348
348
349
350
351
352
352
353
353
353
353
354
355
356
356
356
356
358
358
358
358
358
360
360
693
735
735
721
708
700
690
688
683
672
668
664
659
658
654
651
649
647
646
644
640
640
640
639
638
635
634
634
634
634
633
631
631
631
630
629
629
629
629
629
629
627
627
627
626
626
627
627
627
628
628
628
625
625
625
625
625
625
623
623
623
622
624
624
226
226
243
258
271
280
289
294
299
303
308
311
312
316
318
320
322
324
325
326
329
330
332
332
333
335
335
338
338
339
340
342
343
343
345
346
347
348
350
350
350
350
351
351
352
353
354
354
354
355
356
357
357
357
357
357
358
359
360
360
360
360
360
360
702
721
722
721
712
700
692
686
684
675
670
665
661
658
658
655
649
645
642
642
640
639
637
636
634
633
633
632
631
630
629
629
629
628
624
628
623
626
625
625
625
625
625
624
619
619
623
624
623
623
623
619
619
623
623
622
622
623
623
622
622
622
621
621
221
221
243
258
271
282
290
295
301
304
311
312
315
319
320
322
322
325
326
328
331
332
332
340
340
337
337
339
339
339
341
343
344
345
346
346
346
347
349
350
351
351
352
352
354
354
354
354
355
356
356
357
358
358
358
358
359
359
360
360
360
360
361
362
714
728
728
723
709
692
690
686
681
676
672
666
661
657
656
651
648
645
643
641
639
635
635
635
633
632
632
631
630
630
630
628
627
627
627
625
625
625
625
624
624
623
623
622
623
623
623
621
621
621
620
620
620
620
620
620
620
620
620
620
620
620
620
620
220
220
244
260
283
286
289
299
299
302
310
313
316
316
318
322
322
324
327
328
331
334
335
335
335
338
340
340
345
349
349
344
344
346
348
348
348
349
353
353
352
352
353
354
354
355
356
357
357
357
358
359
358
359
360
360
360
361
361
362
362
362
362
363
759
759
740
720
707
699
691
685
679
671
669
664
659
655
652
648
646
643
641
639
637
634
634
634
631
631
630
629
628
627
626
626
625
625
624
623
622
621
621
621
621
621
621
621
620
619
619
619
619
619
619
619
619
619
619
618
618
618
618
616
616
616
617
617
222
222
254
259
273
281
290
297
301
306
308
314
316
319
319
321
327
327
329
330
332
332
335
338
339
339
340
341
342
342
343
345
345
345
349
349
350
351
351
352
354
354
354
355
356
356
357
358
358
366
366
360
360
360
360
360
359
360
362
363
363
363
361
363
684
684
666
649
639
633
628
625
623
621
620
619
618
618
617
617
617
617
617
617
617
616
616
616
616
616
617
617
617
617
617
617
617
617
617
617
617
617
617
617
617
617
617
617
618
617
617
617
618
618
618
617
617
617
617
617
617
617
617
618
618
617
617
617
264
264
277
288
295
301
307
312
315
319
322
325
329
330
332
334
334
337
339
339
340
340
342
345
346
347
347
350
350
350
352
353
354
355
356
358
359
368
361
364
363
363
363
364
365
370
370
367
367
368
369
369
370
370
370
370
370
371
372
373
373
373
373
373
716
716
703
696
688
683
671
667
663
654
646
640
636
632
632
629
627
626
624
624
622
621
621
619
619
619
619
618
617
617
616
616
614
614
614
615
614
614
613
613
613
613
612
612
612
612
612
612
612
612
612
612
612
612
612
612
612
612
612
612
611
611
611
611
265
265
280
287
297
301
306
311
316
320
325
328
327
328
331
331
335
337
338
338
341
342
344
346
346
346
346
351
351
351
352
357
357
357
358
360
360
362
362
363
364
365
366
366
368
369
369
369
369
369
371
371
371
372
372
374
374
374
374
375
375
375
375
375
718
718
707
699
693
684
682
676
669
661
652
645
640
634
633
631
626
626
626
624
622
622
622
620
620
619
618
617
617
616
615
615
615
615
614
614
613
613
611
612
611
611
609
611
611
611
611
611
611
611
611
611
611
610
610
610
610
609
610
610
610
610
610
610
264
264
280
287
296
301
304
310
315
319
321
325
327
330
331
333
335
336
337
340
340
341
343
343
345
347
348
349
352
353
355
355
356
356
359
360
362
362
362
363
364
365
367
367
369
369
369
369
371
371
372
372
373
373
374
374
375
375
375
375
376
377
381
377
721
721
708
701
694
688
683
678
670
663
653
648
642
638
634
629
628
628
628
628
623
622
621
620
619
619
617
617
616
615
615
615
615
614
613
613
612
612
612
611
611
611
610
610
610
610
610
610
610
610
609
609
609
609
609
608
608
608
608
609
609
609
609
609
263
263
279
292
295
301
306
311
316
319
322
325
328
330
333
334
336
337
339
339
341
341
342
343
345
346
348
349
355
355
354
352
354
358
360
360
360
363
364
364
366
367
368
368
370
370
371
372
372
373
373
374
376
375
376
375
376
375
377
377
378
378
378
378
719
719
701
694
694
683
680
676
669
662
656
648
642
637
633
631
628
626
625
624
621
620
620
619
618
617
616
615
615
614
613
613
611
611
611
610
610
610
609
609
609
609
609
608
608
608
608
607
607
607
607
607
607
607
607
607
606
606
606
608
608
607
606
605
268
268
281
290
297
302
308
313
318
321
323
326
329
333
335
335
336
338
339
341
342
343
344
346
348
349
350
351
353
354
355
357
358
359
359
359
363
366
367
368
369
370
372
373
373
374
375
375
376
376
376
378
378
378
379
380
380
380
381
381
381
381
382
382
673
673
644
627
620
616
608
607
607
605
603
603
601
601
601
602
602
602
602
601
602
601
600
600
600
601
601
601
601
602
602
602
602
603
604
603
604
604
604
601
601
603
603
603
605
605
605
605
606
606
607
607
607
608
608
608
609
609
609
609
610
610
610
610
270
270
282
294
296
304
309
314
321
326
328
330
331
335
335
340
341
344
345
347
349
351
355
357
359
360
361
364
367
369
369
371
372
375
375
375
375
376
376
377
381
381
380
380
380
380
380
381
381
381
381
382
383
383
383
383
383
384
384
384
388
388
384
384
716
716
704
694
687
677
670
667
651
639
631
626
622
619
617
615
613
612
611
610
606
606
608
608
608
608
608
607
607
607
606
606
606
605
605
605
605
605
605
605
606
605
606
606
606
606
607
607
607
607
607
608
608
608
609
609
609
609
610
610
610
610
611
610
266
266
276
283
283
289
302
307
312
316
319
321
323
324
330
332
333
336
337
338
342
346
348
350
351
354
357
359
361
364
366
368
370
371
372
373
375
375
376
377
378
379
379
379
379
380
380
380
380
381
381
381
381
381
382
382
385
385
384
383
383
383
383
383
728
728
718
706
705
689
681
672
662
652
643
636
631
627
623
622
619
617
616
615
615
614
612
612
612
611
610
609
608
608
607
607
606
605
605
606
606
605
605
605
606
606
606
606
607
607
607
607
607
607
607
608
608
608
608
608
608
609
609
609
609
610
610
610
259
259
273
279
285
291
298
303
310
311
312
316
318
321
325
327
328
332
335
339
344
346
346
349
350
353
356
358
361
364
366
368
371
372
372
374
375
376
376
377
378
378
378
379
382
383
382
381
381
381
381
382
382
382
382
382
382
382
382
382
383
383
382
382
726
726
723
710
694
692
684
673
665
649
647
641
636
634
627
625
623
621
620
619
618
617
616
616
614
613
612
612
611
610
610
610
609
608
607
607
607
604
604
604
604
604
604
604
604
604
604
604
604
604
605
605
605
605
605
606
606
607
607
607
607
607
606
607
264
264
273
280
285
293
299
303
311
312
315
318
322
325
327
331
337
337
337
341
344
346
348
350
354
357
359
362
366
367
371
372
374
376
377
377
377
379
380
381
381
382
382
382
382
382
382
383
383
383
383
383
383
384
385
385
385
385
385
385
385
385
385
384
727
727
712
709
699
691
682
674
668
658
651
646
638
633
630
627
625
624
622
621
619
618
618
621
621
614
613
613
612
611
610
610
609
609
609
608
609
608
609
608
608
608
608
609
608
608
608
608
608
608
608
608
608
608
608
607
607
608
608
608
608
608
609
609
259
259
271
278
279
293
298
303
305
308
312
315
318
323
327
327
327
332
336
339
344
346
348
350
352
355
359
359
362
365
371
372
372
374
374
376
377
379
380
380
381
381
381
381
383
383
383
384
384
385
385
385
386
386
386
386
386
386
386
386
386
387
387
387
