480
480
480
480
480
480
480
480
480
480
480
480
480
480
480
480
480
480
482
482
480
480
480
480
480
480
480
481
480
480
480
480
480
480
480
480
473
480
480
480
482
481
481
480
479
480
480
480
480
480
480
480
480
480
480
480
480
480
480
480
480
481
481
480
506
506
505
504
504
504
504
504
503
503
503
504
504
504
504
504
503
503
503
503
503
503
503
504
504
503
503
503
503
503
503
503
503
503
503
503
503
503
503
503
503
503
503
503
503
503
503
503
503
503
503
503
503
502
502
502
502
503
503
503
503
503
503
503
465
465
467
468
469
470
471
472
474
474
474
474
475
475
475
475
476
477
477
477
477
477
478
478
478
479
479
479
479
479
479
479
479
479
479
480
481
481
481
484
480
480
480
480
480
480
480
480
480
480
480
480
480
480
480
480
480
480
480
480
480
480
480
480
520
520
516
516
515
515
512
511
510
510
509
509
509
508
508
508
508
508
507
507
507
507
507
507
507
506
506
506
505
505
505
505
505
505
505
505
505
504
504
505
505
505
504
504
504
504
504
504
504
504
504
504
503
503
503
503
503
503
503
503
503
503
503
503
466
466
468
469
469
470
472
474
474
474
473
473
475
475
475
476
477
477
477
477
477
477
477
478
477
478
478
478
479
479
479
477
477
479
479
479
479
479
479
480
480
480
480
480
480
480
480
480
481
481
485
485
480
480
480
480
480
481
480
481
480
481
481
481
518
518
515
514
514
512
512
511
510
510
510
510
509
509
509
509
509
509
508
508
508
508
508
507
508
507
507
507
506
506
506
506
506
506
506
506
506
505
505
505
505
505
505
505
505
505
505
505
505
504
504
489
489
504
505
504
503
503
504
504
504
504
504
504
465
465
467
468
469
469
469
471
472
472
472
473
473
475
475
475
475
475
475
475
473
476
476
476
476
476
477
477
477
478
478
478
478
478
479
478
479
479
479
479
479
479
478
478
479
479
479
479
480
480
480
477
477
479
480
480
480
480
480
480
480
480
480
480
515
516
516
516
518
514
513
513
512
511
511
511
510
510
510
509
509
509
509
509
509
509
510
507
507
507
507
506
506
505
498
498
506
506
506
505
506
505
505
505
505
505
505
505
504
504
504
505
504
504
504
504
504
504
504
504
504
504
504
504
503
503
503
503
467
467
468
468
469
474
474
479
472
473
473
473
473
474
475
481
475
476
476
476
480
480
477
477
477
477
477
478
478
478
479
479
478
478
467
479
479
479
480
479
479
479
479
479
480
480
480
480
480
480
480
480
480
480
480
480
480
481
481
480
480
479
480
480
518
518
516
515
514
513
512
511
511
510
510
510
510
510
509
509
509
509
509
508
508
508
508
508
508
508
507
507
505
505
506
507
507
507
507
506
508
506
505
505
505
505
505
505
505
504
504
504
504
504
504
504
504
505
504
504
504
504
504
489
503
503
503
504
465
465
465
466
469
469
470
470
472
472
472
473
473
473
474
474
475
475
475
475
476
476
476
475
476
475
476
477
477
477
478
478
478
478
478
478
478
478
478
479
479
479
479
479
479
479
479
479
479
479
479
479
480
479
479
479
479
480
480
480
480
480
480
480
509
509
508
507
505
504
504
504
504
503
502
502
503
503
502
502
502
502
501
501
502
516
517
517
519
502
502
502
502
502
502
501
502
502
502
502
502
502
502
502
502
502
502
502
502
502
502
502
502
502
502
503
502
503
502
503
502
502
502
502
502
502
502
502
468
468
470
472
473
474
475
475
475
475
475
475
475
479
479
479
480
480
480
480
480
480
480
480
480
481
493
493
480
480
480
480
480
480
480
480
480
480
480
480
480
480
481
481
481
481
481
481
481
481
481
481
481
481
481
481
481
481
480
480
480
481
481
499
515
515
514
513
512
511
510
510
510
508
508
508
507
507
507
506
506
506
506
505
505
504
504
504
505
505
505
504
504
504
504
504
504
504
504
504
504
504
504
504
504
503
502
503
504
504
503
503
503
503
503
503
502
502
520
520
519
503
503
503
503
503
503
503
467
467
469
470
472
472
473
474
475
476
476
476
477
477
478
478
482
482
482
479
479
479
479
480
480
480
480
480
480
480
479
480
479
480
480
480
480
479
480
480
480
480
480
480
480
480
480
481
481
481
481
481
481
481
481
481
481
481
481
481
481
481
480
480
516
517
517
517
513
512
512
511
510
510
510
509
507
507
507
507
507
507
507
506
505
505
505
505
505
504
504
505
505
504
504
504
504
504
504
504
504
504
504
504
504
504
504
504
504
504
503
503
503
503
503
503
502
500
500
500
502
503
503
503
503
503
503
502
467
467
469
469
470
473
474
473
474
474
475
476
475
476
472
477
477
478
478
479
479
479
479
479
479
479
479
479
479
479
479
480
480
480
480
480
479
480
480
480
480
480
480
480
480
480
480
480
481
481
481
481
481
480
480
480
483
483
481
480
480
481
481
481
516
520
516
514
513
512
512
511
510
510
509
509
507
508
507
507
507
507
507
507
506
506
506
506
505
505
505
505
504
504
504
504
503
503
504
504
504
503
504
504
507
507
503
503
503
503
503
503
503
503
503
503
502
503
503
503
503
503
502
503
502
508
502
502
467
467
467
469
471
471
472
473
473
474
475
475
475
476
476
477
477
477
477
477
477
479
479
479
479
479
479
479
478
479
479
479
479
479
479
479
479
479
480
480
480
479
480
479
479
479
479
480
480
480
480
480
480
480
480
480
480
480
480
481
480
480
480
480
517
517
516
515
514
512
512
512
511
510
510
510
509
509
509
508
508
508
507
507
507
507
507
506
506
506
505
505
505
505
503
504
504
504
505
505
504
504
504
504
504
505
503
497
497
504
504
503
503
503
503
503
503
503
503
503
503
503
503
503
502
502
502
502
467
467
468
469
470
471
472
473
473
473
474
474
475
475
476
476
477
477
477
477
477
477
478
478
478
478
479
479
478
478
479
479
479
479
479
479
479
479
480
480
480
480
480
480
480
479
479
479
479
480
480
480
480
480
480
480
480
480
480
480
480
480
480
480
511
511
509
508
507
506
506
505
505
504
501
501
501
502
503
503
505
506
506
506
505
505
505
505
505
506
505
505
505
505
506
509
509
507
500
505
493
505
493
505
505
505
507
507
507
506
505
506
506
506
507
506
506
506
506
506
506
506
507
507
506
506
506
506
463
463
465
467
469
471
472
474
474
474
474
474
478
478
479
479
479
477
477
477
477
479
479
479
479
478
477
477
479
479
479
480
479
479
479
479
478
478
479
479
478
478
479
479
478
478
478
479
479
479
479
478
478
479
479
479
479
479
479
479
478
478
478
479
494
518
514
517
514
514
513
513
511
510
509
509
508
508
508
507
507
506
506
506
506
506
506
506
505
505
505
505
505
505
505
505
505
505
505
505
505
504
504
504
501
491
501
503
504
505
505
505
505
505
505
505
505
505
505
505
505
505
505
505
505
506
505
505
466
466
466
468
469
470
471
472
472
472
474
476
477
477
477
477
477
477
477
477
477
478
478
478
478
478
477
477
478
478
478
479
479
480
479
478
478
475
475
478
478
474
474
479
479
479
482
482
480
479
479
479
479
479
479
479
479
480
480
480
480
480
480
480
519
519
518
516
516
516
514
513
512
511
510
510
510
509
509
508
508
508
507
507
507
507
506
506
506
505
505
505
505
506
506
506
505
505
505
505
505
505
504
504
504
505
504
504
504
504
505
505
505
505
504
504
504
505
505
505
505
505
504
504
504
504
504
505
464
464
466
468
469
469
469
471
473
474
474
474
474
474
474
476
476
477
478
478
477
477
477
477
477
478
478
478
478
478
478
478
478
481
478
478
478
478
478
480
478
479
478
479
478
479
478
479
479
479
478
478
478
478
478
478
479
479
479
479
479
478
478
479
522
522
519
518
518
516
513
512
512
511
511
511
510
509
509
509
508
508
507
508
523
523
507
507
506
506
506
505
505
507
507
506
506
505
505
505
505
505
503
505
503
505
505
505
505
505
505
505
505
505
505
505
505
505
505
505
505
506
506
506
506
505
505
505
461
461
464
465
467
468
469
471
472
472
473
474
474
475
475
485
485
476
476
477
477
477
477
477
477
477
476
476
477
478
478
479
479
477
477
478
478
478
478
478
478
478
478
478
478
478
479
479
478
478
478
479
479
478
478
478
478
479
479
479
479
479
479
479
521
521
521
520
518
517
516
514
513
513
512
511
511
510
510
510
510
509
508
508
508
507
507
507
507
506
506
506
506
506
506
506
506
506
503
503
505
505
505
505
505
505
505
505
505
505
505
505
505
505
505
505
505
504
504
504
505
505
505
504
504
504
504
505
466
463
464
464
466
466
465
465
470
470
471
471
473
478
478
478
478
478
476
476
476
476
477
477
477
476
477
476
477
477
477
477
477
477
477
477
477
477
477
477
477
477
477
478
478
478
478
478
478
478
479
479
479
479
478
478
479
479
479
479
479
479
480
480
516
516
513
510
510
509
507
507
507
507
506
506
506
510
510
505
505
505
505
506
497
506
506
506
506
506
506
507
506
507
507
507
507
507
507
507
507
507
507
507
507
507
507
508
508
508
507
507
507
507
508
508
508
507
508
508
508
508
508
508
508
508
508
508
456
456
459
462
465
466
466
466
473
474
474
475
476
476
476
476
477
477
477
478
478
478
478
478
478
478
479
479
479
479
480
480
479
479
480
480
480
480
479
483
483
483
479
479
479
479
479
479
479
479
479
479
479
479
480
479
477
477
479
479
479
479
479
479
527
529
527
525
519
516
514
512
511
510
510
509
509
508
508
508
508
508
507
507
507
507
507
507
507
508
507
508
508
508
508
508
507
508
508
508
508
508
508
507
507
507
507
507
508
508
508
508
507
507
508
508
508
508
508
508
508
514
514
508
508
508
508
508
451
451
453
457
460
464
467
467
470
472
472
472
472
473
474
473
474
475
475
475
476
476
476
476
476
475
477
477
477
477
478
478
478
478
478
478
478
478
479
479
479
479
482
482
483
479
479
479
479
479
479
479
479
479
479
479
479
479
479
479
478
479
479
479
518
530
518
526
522
523
522
515
515
512
512
512
510
510
509
509
509
509
508
508
508
507
507
507
507
507
508
508
508
508
507
508
508
508
508
506
505
506
507
507
507
507
508
508
508
508
508
507
510
510
510
508
508
508
507
507
507
508
508
508
508
508
508
508
457
457
459
461
464
466
468
471
472
473
473
474
472
474
475
476
476
474
474
476
476
476
477
477
477
477
477
477
477
477
477
478
478
478
478
478
479
479
479
478
478
479
479
479
479
479
479
479
480
480
479
479
479
479
479
479
480
480
479
479
480
480
480
480
527
527
526
523
519
517
517
514
513
513
511
510
510
510
509
509
509
508
508
508
507
507
507
507
507
507
507
507
506
506
506
506
506
506
506
506
506
505
505
505
505
505
505
505
505
505
505
505
504
504
504
505
505
506
504
505
505
505
505
505
505
505
506
506
452
451
452
457
457
460
465
469
471
471
471
472
473
473
473
474
475
475
475
475
475
476
476
479
479
477
477
477
477
477
477
477
478
478
478
478
478
478
478
478
481
481
481
479
479
478
479
479
479
479
479
479
479
479
479
479
479
479
479
479
479
479
479
479
532
532
532
529
526
524
521
519
516
514
514
512
510
509
509
509
509
508
508
508
509
508
508
507
506
506
507
507
507
507
506
506
506
506
506
506
506
506
506
505
505
505
506
506
506
505
505
505
505
505
505
505
505
505
505
505
505
505
506
506
506
505
505
505
451
451
453
458
458
461
464
466
469
469
470
471
472
472
473
474
475
475
475
476
476
476
476
480
477
477
477
477
477
477
478
478
478
478
478
478
479
478
478
478
483
483
478
478
477
478
479
479
479
479
479
481
481
481
479
479
479
479
479
479
479
479
479
479
