479
482
487
487
481
481
481
481
481
480
482
480
480
480
479
482
481
481
481
481
481
481
481
481
481
480
481
480
480
480
480
480
481
481
481
482
479
482
480
480
480
481
481
481
481
482
482
482
482
481
481
481
480
481
480
481
480
480
479
479
479
479
480
480
515
515
513
513
512
512
512
511
511
511
512
512
511
511
512
512
512
512
512
512
511
511
511
510
511
511
511
511
511
511
510
510
510
512
512
512
513
511
511
511
510
510
510
520
520
511
510
510
509
510
510
510
510
511
511
512
513
512
511
510
510
508
508
510
462
462
462
464
466
467
468
468
470
470
470
471
471
470
470
472
472
472
472
473
473
473
472
472
474
474
474
474
474
474
474
474
479
475
475
475
475
475
475
475
475
475
475
475
475
475
475
475
474
474
479
479
491
477
477
476
476
476
476
476
476
480
476
477
523
523
522
520
520
520
519
519
518
518
515
515
498
516
516
516
515
515
515
516
515
515
513
513
514
514
514
514
514
513
513
513
513
513
512
512
512
513
513
513
513
513
512
512
512
511
511
512
514
514
512
512
512
513
511
511
511
511
511
498
498
511
511
518
464
464
465
466
467
468
470
470
470
471
471
471
472
472
472
472
473
473
473
474
474
474
473
467
467
475
475
473
459
473
472
475
475
475
476
475
476
476
476
477
476
475
475
476
476
476
476
476
475
476
476
476
476
476
475
475
474
476
476
476
476
476
477
477
522
522
522
522
521
519
519
518
517
517
517
517
517
516
516
516
516
515
515
515
515
514
514
514
514
514
514
514
514
514
512
512
513
513
513
512
513
513
513
513
512
512
512
512
512
512
512
512
512
512
512
512
511
511
511
512
512
509
509
510
511
511
512
512
464
461
464
466
466
468
470
470
470
470
471
471
472
472
472
473
473
473
474
474
474
473
473
473
473
474
474
474
475
475
475
475
475
475
475
475
475
475
475
476
476
476
476
476
475
475
475
476
475
476
473
476
476
476
476
475
475
475
475
475
475
475
476
476
523
523
521
521
519
519
520
520
519
518
517
517
517
517
516
516
515
516
515
516
516
516
519
515
514
513
513
513
514
514
514
513
507
507
507
512
512
512
512
512
512
512
512
512
511
511
511
514
512
512
512
512
512
512
511
511
511
511
511
511
511
511
511
511
466
466
466
467
469
469
474
474
471
471
472
472
473
473
473
474
474
474
474
474
475
475
475
475
475
475
475
476
476
476
476
476
476
476
476
476
476
477
477
476
476
476
476
476
477
477
476
476
475
477
476
476
476
476
477
477
477
477
477
477
477
476
477
476
523
523
521
521
520
519
518
518
518
517
517
517
516
516
516
516
515
515
515
514
514
514
514
514
514
514
514
514
514
512
511
511
512
513
512
513
513
514
517
517
513
512
512
512
512
511
511
512
512
513
512
512
512
511
511
511
511
511
511
511
511
511
511
516
462
462
466
466
467
468
470
470
470
470
471
471
472
472
473
472
472
472
474
474
474
474
475
475
475
475
475
475
475
475
475
475
475
475
475
475
475
475
476
476
476
476
476
476
476
476
476
476
476
476
476
476
476
476
476
476
476
476
476
476
476
477
477
477
515
515
513
513
511
510
510
510
507
508
508
508
507
507
507
506
507
506
507
506
507
506
506
506
507
507
507
504
504
506
506
506
506
505
505
505
505
504
504
504
504
504
503
503
501
503
503
503
503
503
504
504
504
501
504
504
504
504
503
503
503
504
504
504
474
474
474
477
477
477
477
469
478
478
479
478
479
479
479
479
478
478
479
480
479
480
479
480
478
479
479
479
479
478
479
478
478
478
478
478
477
478
478
478
477
477
478
478
478
477
478
476
482
476
478
477
478
478
478
478
478
478
476
477
476
477
476
476
519
520
519
518
518
518
515
515
515
514
514
514
514
513
514
512
514
512
511
511
511
514
511
510
510
510
510
510
510
508
510
508
508
508
509
509
509
509
509
507
507
507
508
508
508
508
508
508
507
507
508
509
508
513
507
507
507
507
507
506
506
507
509
509
466
466
470
471
472
474
474
475
475
475
475
473
475
475
478
478
475
475
475
476
476
476
475
475
476
476
476
476
476
476
476
476
475
476
474
476
474
476
476
476
477
477
477
476
476
474
476
474
476
476
476
475
475
477
478
477
476
476
475
475
475
475
475
475
521
521
520
519
520
518
518
517
517
516
514
514
513
513
512
512
512
512
511
510
510
510
508
508
508
508
506
506
507
507
506
506
506
506
506
506
507
507
507
507
506
506
505
505
505
505
506
504
504
504
504
503
503
502
504
504
504
504
504
503
503
503
503
503
473
473
474
476
477
477
477
478
478
478
479
479
479
479
479
479
479
479
476
476
476
479
479
479
479
479
479
479
478
479
477
477
476
477
477
477
477
477
478
478
478
477
477
477
477
477
476
476
477
477
480
477
478
477
478
477
478
477
477
477
477
477
477
477
519
519
519
518
518
517
517
516
515
515
515
514
514
513
512
512
512
512
512
512
511
511
511
509
509
509
509
508
507
508
508
509
510
510
508
507
508
508
509
508
508
507
507
507
507
507
507
507
507
507
507
507
507
507
507
507
507
507
506
505
506
506
506
506
468
468
470
471
471
472
473
474
474
475
475
478
478
475
475
475
475
475
476
476
476
475
475
476
476
476
476
476
476
476
476
475
475
474
475
475
475
475
474
475
474
476
475
475
475
474
474
474
474
474
474
474
475
474
474
474
474
475
475
475
474
474
474
475
523
523
522
521
521
521
520
519
519
518
518
517
517
515
515
514
515
514
514
513
513
513
513
513
513
512
512
512
512
512
511
511
511
511
510
510
511
511
510
510
510
510
508
508
508
509
509
509
509
506
508
508
508
508
509
508
508
508
508
508
508
508
508
508
464
464
467
468
470
470
470
469
469
472
472
473
473
473
473
473
473
474
474
474
473
473
474
474
475
474
475
475
475
475
474
474
475
475
475
475
474
474
474
474
474
474
474
475
474
476
475
475
475
474
474
474
474
475
473
475
475
475
475
475
476
476
475
475
519
521
519
515
514
512
511
511
509
509
509
508
508
508
507
507
507
507
507
507
507
507
506
506
506
506
505
505
507
507
507
506
506
507
507
505
505
507
507
507
507
498
505
504
505
506
507
507
507
507
506
507
507
507
507
508
508
507
507
508
508
507
505
505
464
464
467
469
469
470
471
471
472
472
472
473
474
474
474
474
475
475
474
474
474
475
475
475
475
476
476
475
475
473
475
475
475
475
475
475
475
475
475
475
475
475
475
475
475
475
475
476
476
475
475
475
475
475
474
474
476
476
475
475
475
476
476
476
502
524
523
523
521
521
520
519
518
518
518
514
514
514
514
514
514
513
513
512
512
511
508
508
510
510
510
510
510
509
509
508
509
509
509
508
507
508
507
508
508
508
509
509
509
510
508
508
507
507
508
509
509
513
508
509
508
508
508
508
508
508
508
508
476
466
468
468
468
469
469
471
471
471
471
472
472
472
472
472
472
466
466
473
473
473
473
473
474
474
474
474
475
475
475
474
474
474
474
474
474
474
475
478
478
475
474
474
474
474
475
475
475
474
474
476
476
475
475
475
476
476
477
475
477
476
476
476
525
525
523
521
521
521
521
519
517
517
517
517
515
514
514
514
511
512
512
512
511
511
511
511
511
509
509
510
510
509
509
509
509
509
509
508
509
509
509
508
508
508
508
508
505
508
507
507
507
507
508
507
507
507
509
509
508
505
505
508
508
507
507
508
461
461
464
464
465
465
468
470
470
470
470
471
471
472
472
472
472
472
472
472
473
473
473
473
473
473
471
473
473
473
473
472
472
474
474
474
473
473
474
474
474
474
474
474
473
473
474
474
474
474
474
474
474
474
474
475
475
475
475
475
476
476
474
474
526
526
526
524
524
523
522
519
519
519
519
518
516
516
515
515
514
514
514
514
514
513
515
512
512
511
511
511
510
510
510
510
510
510
509
509
509
509
508
508
509
509
508
508
508
508
508
507
507
508
508
508
507
507
508
508
507
507
509
509
508
507
507
508
460
460
463
463
465
467
467
467
467
467
469
471
471
469
469
471
471
470
470
472
472
472
471
472
471
471
464
471
473
473
472
472
472
473
471
473
473
473
473
473
472
472
473
473
474
475
475
474
474
473
473
475
475
474
474
474
474
474
474
474
475
476
476
476
513
524
524
525
526
525
524
522
522
521
521
518
518
518
518
516
516
515
515
514
513
513
513
513
512
512
512
512
512
510
510
510
511
511
511
511
510
503
503
507
509
509
508
508
508
508
508
508
508
508
508
507
507
509
509
507
507
507
508
508
505
505
507
508
460
460
460
461
461
466
468
466
468
468
469
468
467
467
467
466
466
470
470
471
471
470
470
472
472
472
471
471
471
471
470
470
473
473
473
472
473
473
473
472
472
473
473
473
473
473
474
474
473
473
474
474
474
473
473
474
474
475
478
478
475
475
475
475
523
523
520
515
513
513
513
513
511
504
504
507
507
507
506
505
505
508
508
516
516
508
508
508
508
509
509
509
509
509
509
507
509
509
509
509
509
507
504
507
507
507
507
509
509
509
510
509
509
509
510
510
510
510
510
510
510
509
509
510
510
510
509
510
464
463
463
463
464
467
467
467
468
469
471
471
471
470
470
471
472
473
474
475
475
475
475
475
476
475
475
475
476
476
477
476
476
476
476
477
477
478
478
478
478
477
477
477
477
477
477
478
478
478
477
477
477
477
477
477
477
477
477
476
477
476
477
477
517
533
517
523
520
520
519
517
516
516
516
514
512
511
511
509
509
511
511
511
510
510
510
510
509
508
509
508
509
509
509
509
508
508
508
506
506
509
509
509
509
508
508
508
508
508
508
509
509
508
508
508
508
508
508
509
509
509
508
508
508
508
508
508
456
456
460
462
465
467
467
466
466
468
469
469
470
470
470
470
471
470
471
472
472
472
472
472
473
474
476
476
474
474
476
477
477
477
477
477
477
477
477
477
477
478
478
478
477
477
477
477
477
478
478
478
478
478
477
476
477
477
477
477
478
478
478
477
530
530
528
523
521
521
519
518
515
513
514
514
514
514
513
511
511
511
511
509
510
510
511
511
509
509
509
509
508
509
509
509
509
509
509
508
508
508
507
507
505
505
507
507
507
507
507
507
508
509
509
509
510
510
510
509
510
508
509
509
509
509
509
509
458
458
459
462
466
467
466
467
466
468
468
469
470
470
470
465
465
471
471
471
471
471
471
472
472
472
473
477
477
473
473
474
475
475
475
475
475
476
475
473
473
475
476
477
477
476
476
476
476
475
476
476
477
477
477
476
477
477
477
476
476
476
476
476
533
533
529
528
524
524
524
523
521
517
516
514
514
512
513
512
512
512
511
511
511
510
513
517
517
511
509
509
509
509
509
509
508
508
508
508
508
507
507
507
507
507
512
512
508
508
507
507
506
506
506
506
506
507
507
508
508
507
507
506
508
505
508
505
453
453
456
459
462
462
464
465
466
469
470
470
473
473
470
470
471
471
472
473
473
473
472
472
472
474
474
474
476
476
476
476
475
475
475
486
486
482
478
478
478
477
477
476
477
477
477
477
477
477
477
476
476
476
476
476
477
466
477
477
477
476
476
476
534
534
531
530
526
522
521
521
519
518
517
516
514
514
515
515
512
510
510
510
515
509
510
509
508
508
508
508
508
508
508
507
507
507
506
506
506
507
507
506
505
505
505
505
505
504
505
505
505
505
505
505
505
505
509
509
509
506
506
506
506
505
505
505
452
452
456
460
463
463
463
463
465
465
465
467
469
471
471
471
470
471
469
471
472
472
473
474
474
474
473
475
475
476
476
476
477
478
478
478
477
477
477
477
477
477
478
479
479
479
478
477
476
477
477
477
477
477
477
477
477
476
476
476
477
477
477
477
