424
426
427
428
429
429
430
430
430
431
431
431
432
432
432
432
432
433
433
433
433
433
433
433
433
434
433
434
434
434
434
434
434
434
434
434
435
435
435
435
435
435
435
435
435
435
434
435
435
436
436
436
436
436
436
436
436
436
436
436
436
435
435
437
557
557
556
554
554
553
553
552
551
550
550
548
548
547
547
547
547
547
546
544
544
545
545
544
544
544
543
543
543
543
542
542
541
541
541
540
540
540
540
540
540
539
539
537
537
539
539
538
538
538
538
538
538
538
538
537
537
537
537
537
535
535
537
537
411
411
416
417
419
419
419
420
421
421
422
422
423
424
424
426
426
425
425
425
426
426
427
427
427
428
428
428
429
429
429
430
430
431
431
431
431
431
431
431
431
432
432
432
432
433
433
433
433
433
433
434
434
434
434
434
434
434
434
434
435
436
435
436
558
558
557
556
556
552
552
551
551
550
549
549
548
548
547
547
546
546
546
546
545
544
544
544
543
544
543
543
542
542
542
542
541
541
541
540
540
540
540
540
540
540
539
539
539
539
538
538
538
538
538
537
537
537
537
537
538
537
537
536
536
536
537
536
413
413
415
416
417
418
419
419
420
421
421
421
422
423
423
423
424
424
425
425
425
425
426
427
427
427
427
427
427
428
429
429
429
428
429
431
431
431
431
431
431
431
431
431
431
431
432
433
433
433
433
433
433
434
434
434
434
436
436
435
434
435
435
435
558
558
556
555
554
553
552
551
551
550
549
549
549
548
548
547
547
546
544
544
545
545
544
544
544
544
543
543
543
543
543
542
542
541
541
541
541
541
540
540
540
542
542
539
539
539
538
538
538
538
538
538
538
537
537
537
537
537
537
537
536
536
536
536
412
412
416
416
416
418
418
418
420
420
420
420
421
422
422
423
423
424
425
424
425
425
425
426
427
426
426
426
428
428
428
428
428
429
429
429
430
430
430
430
430
431
431
431
431
431
432
432
432
433
433
433
433
432
433
433
433
433
433
433
434
434
435
435
559
559
559
556
553
553
553
552
552
552
549
549
548
548
548
547
547
546
546
546
545
545
545
544
544
544
544
543
543
542
542
542
542
542
541
541
541
540
540
540
540
540
538
538
539
539
539
539
538
537
537
538
538
538
538
537
537
537
537
537
537
537
536
536
412
412
414
415
417
418
418
419
420
420
420
421
421
422
422
422
423
423
423
424
425
425
425
425
426
425
426
427
427
427
427
428
428
429
430
430
430
429
430
430
430
431
431
431
432
432
432
432
432
433
433
432
432
433
433
433
433
432
434
434
434
434
434
434
559
562
559
555
554
553
552
551
551
551
549
549
548
548
548
547
547
547
546
546
545
545
544
544
544
544
544
543
543
543
543
543
542
542
540
541
541
541
541
541
540
540
540
540
540
539
539
539
539
539
538
538
538
538
538
538
537
537
537
537
537
537
537
537
411
411
415
417
417
419
419
419
419
420
421
421
421
421
422
423
423
423
424
424
424
425
425
425
425
426
427
427
427
427
428
428
429
429
429
429
430
430
430
430
430
430
431
431
431
432
432
432
432
432
432
433
433
433
433
432
433
434
434
434
434
434
434
434
546
546
545
543
540
538
537
536
536
536
536
534
534
534
533
533
533
532
532
532
532
532
531
531
531
531
531
531
531
531
530
530
530
530
530
530
530
530
530
530
529
529
529
529
529
529
529
529
527
528
528
529
529
528
528
528
528
528
528
528
528
528
528
528
412
412
416
416
419
420
421
422
423
424
425
426
426
428
428
430
430
430
431
431
432
433
433
433
433
434
435
436
436
436
436
437
437
437
437
438
437
439
439
440
440
444
442
442
442
442
444
444
442
442
442
442
442
442
443
443
443
443
444
444
444
444
444
444
557
557
552
552
552
550
547
547
546
545
544
543
542
542
542
542
540
539
538
538
537
537
536
535
535
535
534
534
533
533
533
532
532
532
532
531
531
531
530
530
530
530
530
529
529
529
529
529
529
529
529
528
528
528
528
528
529
529
529
528
528
528
528
527
415
415
418
419
420
421
422
423
424
425
426
427
428
428
428
429
430
431
434
432
433
433
433
433
435
435
436
436
436
436
437
438
438
438
439
439
439
440
440
440
440
441
441
441
441
441
441
442
443
443
443
443
443
444
444
444
445
444
444
444
445
445
445
445
558
558
554
553
552
552
549
548
547
546
545
545
544
543
542
542
542
541
540
539
539
538
538
538
537
537
536
535
535
537
537
535
534
533
533
533
533
532
532
532
531
531
531
529
530
530
530
530
530
530
530
529
529
529
529
529
528
528
528
528
528
528
528
528
413
413
415
417
419
420
422
422
422
423
424
425
425
426
427
427
428
428
430
431
432
432
432
432
433
434
435
435
435
436
437
437
437
438
438
439
439
439
440
440
443
441
441
441
442
442
442
442
442
443
443
444
444
444
444
444
444
445
445
445
445
445
445
445
560
560
556
554
552
551
550
550
548
547
546
545
544
544
543
543
542
541
540
540
539
539
538
538
537
537
536
536
536
535
534
534
534
534
533
533
533
533
532
532
530
531
531
531
531
534
534
531
530
530
530
529
529
529
529
529
529
528
528
528
528
528
528
528
410
410
415
416
417
418
420
420
421
422
423
424
424
424
426
427
428
429
429
430
430
430
431
431
433
434
434
434
435
435
435
436
437
437
437
438
438
439
439
439
439
440
441
441
441
444
444
442
442
443
443
443
443
444
445
445
445
444
444
445
445
445
445
445
561
561
557
555
553
551
551
549
548
548
547
546
544
544
543
542
542
542
541
540
540
539
538
538
537
537
536
536
536
535
534
534
534
533
533
533
533
533
532
530
532
530
531
530
531
531
531
531
530
530
530
529
529
529
528
529
528
528
528
528
528
528
528
528
412
412
413
414
416
418
419
420
421
421
422
423
424
425
425
426
427
428
428
429
430
430
431
432
432
433
434
434
435
435
435
437
437
438
439
439
439
439
439
439
440
440
441
440
441
441
442
442
442
443
443
443
443
444
444
444
444
444
444
445
445
445
445
445
550
550
546
543
541
538
536
534
534
532
531
530
529
529
528
528
527
527
527
527
526
526
526
526
526
525
525
525
525
525
524
525
528
528
525
524
524
524
524
524
524
524
525
524
524
524
524
524
524
524
524
523
524
524
533
525
525
524
524
524
524
524
524
524
414
414
417
422
422
425
425
425
427
429
431
432
433
435
435
436
436
437
438
439
440
440
441
441
442
443
443
443
444
444
444
445
445
446
446
446
446
438
447
447
448
448
448
449
449
449
449
449
449
452
450
450
450
450
450
453
450
450
450
450
451
451
451
451
557
557
554
551
548
546
544
542
541
539
537
536
535
534
533
532
531
530
530
530
528
528
528
527
527
526
526
526
526
525
525
524
524
524
524
524
524
524
524
523
523
522
522
522
522
522
522
522
522
522
521
521
521
521
521
521
521
521
521
520
520
520
521
521
420
420
422
425
425
427
432
432
431
431
434
437
437
437
437
438
439
440
441
441
442
442
442
444
444
445
445
446
447
447
448
448
448
448
449
449
449
450
450
450
450
450
451
451
451
451
452
452
452
453
453
453
453
453
453
453
453
453
453
453
453
453
453
454
554
554
550
545
545
543
540
538
538
536
534
534
533
532
531
530
529
529
528
527
527
526
526
526
525
525
524
524
524
524
523
523
522
522
522
522
522
522
521
521
521
521
521
521
521
520
521
520
520
520
520
520
520
520
520
520
520
520
520
520
520
520
519
519
417
417
419
422
423
426
428
429
431
432
434
435
435
436
436
436
439
439
440
441
442
442
443
444
444
445
445
446
446
447
447
448
448
448
449
449
449
450
450
450
451
451
451
451
451
452
452
452
453
453
453
453
453
453
453
453
454
454
454
453
453
453
454
454
552
552
549
546
543
540
540
538
536
535
535
534
532
531
530
529
528
528
527
526
526
526
525
524
524
523
522
522
523
523
522
522
522
521
521
521
521
521
520
520
520
520
520
520
520
520
520
520
519
519
519
519
519
519
520
520
520
519
519
519
519
519
519
519
417
417
420
423
425
426
430
430
433
434
434
435
436
437
438
439
439
440
441
442
443
443
444
444
445
446
446
446
445
447
448
448
448
449
453
453
453
450
450
450
450
451
451
451
453
452
453
452
452
452
453
453
453
453
453
453
453
453
453
453
453
454
454
454
555
555
552
551
545
543
542
540
537
536
535
534
533
532
530
529
529
528
527
526
526
525
524
524
524
524
523
523
523
522
522
521
521
521
521
520
520
520
520
520
520
520
520
520
519
519
519
519
519
519
519
519
519
518
519
518
518
518
518
520
520
518
518
518
417
417
421
423
424
425
430
431
431
433
434
435
436
437
438
439
439
440
440
441
443
444
445
445
445
446
446
447
447
447
448
448
449
449
450
451
450
452
451
452
452
452
452
452
453
453
453
454
454
454
454
454
454
454
454
454
454
454
455
454
455
455
455
455
539
539
532
529
526
521
514
520
520
520
518
518
518
518
517
517
517
517
517
517
517
517
517
517
517
517
517
517
518
518
518
518
518
518
518
518
518
518
518
518
518
518
519
519
519
519
519
519
519
519
519
519
519
519
519
519
519
518
518
518
518
518
518
519
421
421
427
429
431
433
439
439
442
440
442
442
443
444
445
446
447
447
449
449
449
450
450
450
451
451
451
451
451
452
452
452
452
452
452
453
453
453
453
453
453
453
453
454
453
454
454
454
454
455
455
455
455
455
455
455
455
455
455
455
455
455
456
456
551
551
545
541
537
534
532
532
529
528
526
526
525
525
524
523
522
521
521
521
520
520
520
520
520
520
520
520
519
520
519
519
519
519
519
519
519
519
519
518
518
518
518
517
517
518
518
518
518
518
518
518
518
518
518
519
518
518
518
519
519
519
519
519
419
419
427
428
430
432
434
437
438
438
440
441
442
443
444
444
445
446
446
447
448
448
449
450
450
450
451
451
452
452
452
453
453
453
454
454
454
454
454
454
454
455
455
455
455
455
456
456
456
456
456
456
456
456
456
456
456
457
457
459
457
457
457
457
551
551
545
542
537
534
533
531
529
528
524
524
524
523
522
521
521
520
520
519
518
518
518
517
517
517
517
516
516
516
516
516
516
516
516
516
516
515
515
515
515
515
515
515
515
515
515
515
515
515
515
515
515
515
515
515
515
515
515
515
515
515
515
516
421
421
427
432
433
436
438
440
440
442
443
444
445
446
447
447
448
449
450
451
451
452
453
453
453
453
453
454
455
455
455
455
455
456
456
456
456
456
456
456
457
457
457
457
457
458
458
458
458
458
458
459
459
459
459
458
458
458
458
458
459
458
459
459
547
547
543
538
535
533
530
529
527
526
525
524
522
522
520
519
518
518
517
517
515
515
515
515
515
514
514
514
513
513
513
512
512
512
512
512
511
511
511
511
511
511
510
510
510
510
510
510
510
510
510
510
510
509
510
510
510
510
510
510
510
510
509
509
426
426
432
439
439
439
443
444
446
446
448
449
449
450
451
452
453
453
454
454
455
455
455
456
456
456
456
456
456
457
457
457
457
457
457
457
458
458
458
458
458
458
461
461
459
459
459
459
462
459
459
458
459
459
459
459
459
459
459
459
459
459
459
459
545
545
542
537
534
531
529
527
526
524
522
521
520
519
517
516
516
515
513
513
513
512
512
511
511
511
510
510
509
509
509
509
509
508
508
508
508
508
508
508
508
508
507
507
507
507
507
507
507
507
507
507
507
507
507
507
507
507
507
507
507
507
507
507
425
425
431
434
437
441
442
444
445
446
447
448
449
451
451
452
453
454
455
455
455
456
456
456
457
457
457
457
457
458
458
458
458
458
459
459
459
459
459
459
459
460
460
460
460
460
462
462
460
460
460
460
460
460
460
460
460
459
460
460
460
460
460
460
