481
481
480
480
480
480
480
482
481
481
481
480
480
480
480
478
481
477
481
480
480
480
480
481
480
480
480
480
480
480
480
480
480
480
480
480
481
480
481
480
481
480
480
480
480
480
480
481
480
480
480
480
481
480
480
480
481
481
480
470
476
476
483
483
552
552
549
548
548
548
547
547
547
547
546
547
547
547
545
545
545
545
545
545
545
545
545
544
544
544
544
544
544
544
544
544
544
544
544
543
544
544
544
543
543
544
547
547
543
543
543
543
543
543
543
543
543
543
543
543
543
543
543
542
542
542
542
542
408
408
413
413
416
424
425
426
426
427
430
431
432
432
432
434
435
435
435
436
436
437
437
438
438
438
438
439
439
439
440
440
441
441
441
441
441
442
442
442
442
443
443
442
442
443
443
443
443
443
443
443
443
442
442
442
443
442
443
443
443
444
444
444
579
579
575
572
570
568
567
565
564
564
562
560
559
558
558
557
556
556
555
554
553
553
553
558
558
558
551
551
550
550
550
549
549
549
548
548
548
548
547
547
547
546
546
546
546
545
545
545
545
545
545
545
545
545
545
544
544
544
544
544
544
544
547
543
409
409
412
417
426
426
426
426
427
428
429
430
431
431
432
433
433
434
435
435
436
436
437
427
437
431
437
439
439
439
440
440
440
440
440
440
440
450
441
442
442
442
442
442
442
442
442
442
442
442
442
442
443
443
443
443
443
443
443
443
443
443
443
444
580
580
580
577
573
569
569
568
565
565
562
561
561
559
559
559
558
556
556
557
557
555
554
554
554
553
553
552
552
551
551
550
550
550
549
549
549
549
549
548
548
549
549
548
547
547
547
546
546
546
546
546
546
545
545
545
545
545
550
545
545
544
544
544
408
408
413
416
420
421
423
425
425
426
431
431
431
431
431
432
433
433
433
435
435
435
435
436
437
437
437
438
438
438
438
439
438
439
439
440
440
440
440
441
441
441
441
441
442
442
442
442
442
442
442
442
442
443
443
443
443
443
443
443
443
444
443
444
579
579
576
573
571
569
566
566
565
565
563
563
563
561
559
559
559
561
561
556
556
554
554
554
554
553
553
552
552
551
551
551
550
550
550
549
549
549
548
548
548
548
547
547
547
546
546
546
546
546
545
545
545
545
544
545
544
544
544
544
544
546
546
544
412
412
414
416
419
422
423
425
426
427
428
429
430
431
431
432
432
433
433
434
435
435
436
436
436
437
438
437
438
437
438
439
439
439
439
444
444
441
439
439
440
441
441
441
441
441
442
442
442
442
442
442
442
443
443
443
443
443
443
443
443
443
443
443
576
576
576
573
573
572
568
567
565
564
563
562
562
561
560
559
558
556
558
557
559
557
555
554
554
554
553
553
552
552
552
552
551
551
550
550
549
549
549
548
548
548
548
548
547
547
547
547
547
546
546
546
546
546
545
545
545
545
545
545
545
545
547
544
409
409
416
416
418
421
423
424
425
427
427
428
429
429
430
431
432
433
433
433
433
434
435
435
435
436
436
436
436
437
438
438
438
439
440
440
440
440
442
442
441
441
441
439
439
442
443
443
443
444
442
443
443
443
443
443
443
443
444
443
444
444
444
444
559
559
554
551
549
546
546
545
533
533
541
541
541
540
540
540
540
538
538
539
539
539
539
538
538
538
538
538
538
537
537
537
536
536
536
536
536
536
536
536
536
536
536
536
536
536
535
535
535
535
539
535
539
535
536
536
536
536
536
536
535
536
536
536
418
418
420
422
422
424
426
428
429
429
431
433
433
433
435
436
436
436
436
438
438
439
439
439
441
441
441
442
442
443
443
443
444
444
445
445
445
445
445
446
446
446
446
446
446
447
447
447
447
447
447
447
447
447
447
447
448
448
448
448
448
448
449
449
572
572
570
569
566
565
564
563
562
560
560
558
558
557
556
555
554
553
553
553
552
551
550
550
549
548
548
547
547
546
545
542
543
543
543
543
542
542
542
542
541
545
540
540
539
538
538
538
539
539
537
537
537
538
538
537
537
537
537
537
537
537
536
536
437
422
422
421
420
421
422
424
426
427
427
429
431
432
432
432
433
433
433
434
432
433
433
435
436
436
437
438
439
440
440
441
442
442
442
443
443
444
445
445
445
446
446
447
447
447
447
447
447
447
447
447
446
446
446
447
447
447
447
447
448
448
448
448
575
575
572
572
570
567
567
565
561
559
559
558
557
557
556
556
555
555
555
555
554
554
553
553
552
552
552
550
548
539
547
547
550
550
545
544
543
543
542
541
540
540
540
540
540
539
539
539
538
538
530
539
538
538
538
538
538
538
537
537
537
537
537
536
413
413
416
417
419
422
424
424
425
426
427
428
429
429
430
430
431
432
432
433
433
434
435
435
435
435
436
436
438
438
438
438
439
440
440
440
442
442
442
442
444
444
445
445
445
445
445
446
446
446
446
446
446
447
446
447
447
447
448
448
448
447
448
448
576
576
574
572
570
566
566
566
566
561
561
560
555
555
557
557
556
556
555
555
554
554
553
553
552
552
551
550
550
550
549
548
547
547
547
548
544
544
544
543
542
542
541
541
540
540
539
539
539
539
538
538
538
537
537
537
538
538
536
536
535
536
536
536
412
412
414
416
417
419
419
423
423
425
426
426
434
434
429
429
430
431
431
432
432
433
433
434
434
434
435
435
436
436
436
436
437
438
438
438
440
440
440
441
443
443
444
444
444
445
446
446
446
446
446
446
447
447
446
446
447
447
447
447
448
448
448
448
577
577
574
573
571
570
568
567
565
564
561
558
561
553
557
557
557
556
555
554
554
554
553
553
552
552
552
551
551
550
547
548
548
548
547
546
545
545
544
544
543
543
542
541
541
540
539
539
539
538
538
538
538
538
537
538
537
537
537
536
536
536
535
535
410
410
413
415
415
417
419
420
424
424
424
425
426
428
429
430
430
431
431
431
431
432
433
433
434
434
434
435
435
435
436
437
437
437
438
438
439
440
439
440
442
442
443
444
444
445
445
445
445
445
446
446
446
447
447
446
446
447
447
448
448
448
449
449
567
567
563
555
554
554
554
549
545
545
544
540
538
537
537
536
534
533
532
531
531
531
531
531
531
530
529
529
529
529
529
530
530
529
529
529
529
529
530
530
530
529
528
529
529
529
529
529
529
529
529
528
528
528
528
528
528
528
528
528
528
528
528
528
412
412
416
420
422
426
427
427
428
431
432
432
435
437
438
439
440
442
444
446
447
448
448
449
450
452
453
455
464
455
459
456
456
455
455
458
458
458
458
458
458
458
458
458
458
458
458
458
457
457
458
458
458
459
459
458
458
458
458
458
458
458
458
458
576
576
571
568
568
564
561
559
557
553
553
552
549
548
546
545
541
540
540
539
537
537
537
535
534
532
532
532
532
532
532
531
530
529
529
527
527
527
529
532
532
528
527
526
526
526
527
527
526
526
526
526
525
526
526
526
526
526
525
526
526
532
532
527
412
412
415
417
419
421
423
424
426
431
432
432
433
433
434
437
439
440
442
445
447
446
447
447
448
450
451
451
452
453
454
455
454
455
457
457
457
457
457
457
457
458
458
458
458
458
458
458
458
458
459
459
459
459
458
458
458
458
458
458
459
459
458
457
577
579
577
570
567
565
564
561
557
555
555
552
552
550
548
546
544
544
542
542
541
539
539
538
536
536
533
533
533
533
532
532
532
531
531
530
529
529
529
529
532
532
528
517
517
527
527
527
526
526
527
527
527
527
526
526
526
526
526
527
527
527
527
527
404
404
408
412
414
417
419
422
424
426
428
428
428
431
431
432
436
437
438
439
440
442
443
444
445
446
447
448
449
450
451
452
453
453
454
455
455
455
455
456
456
456
456
456
456
456
456
456
456
457
457
457
457
456
456
456
456
456
456
457
457
458
458
458
588
588
579
575
572
570
567
565
563
561
559
557
555
553
551
550
550
549
546
544
543
543
543
540
539
538
536
535
535
534
534
533
533
533
531
530
530
530
530
530
530
530
527
527
527
528
528
526
526
526
526
526
526
526
526
522
526
526
526
525
525
525
525
527
408
408
408
411
416
418
419
420
422
425
426
426
430
430
431
434
434
439
439
439
440
441
442
442
444
445
448
449
449
449
450
449
450
452
454
454
454
455
457
459
459
456
456
457
457
456
455
455
456
457
457
457
457
457
456
456
456
457
457
457
457
457
456
456
580
580
576
573
570
568
566
563
563
563
561
556
555
555
552
550
550
548
547
545
545
544
542
542
541
541
539
536
536
536
536
535
535
532
532
531
531
531
531
531
531
530
528
528
528
528
528
527
527
527
527
526
526
527
527
527
527
526
525
525
525
526
526
526
403
403
410
414
419
414
409
409
424
425
426
426
428
429
430
431
433
435
436
436
439
440
441
443
443
444
446
447
448
448
450
450
451
451
455
455
455
455
455
455
455
456
456
456
457
455
455
455
456
457
457
457
457
457
457
457
457
457
457
458
458
457
457
457
572
572
557
552
544
542
537
535
530
527
527
527
526
525
525
525
525
525
525
525
526
525
525
523
523
526
526
526
526
526
527
527
527
525
514
514
527
528
528
528
528
528
528
528
529
529
529
528
528
528
529
529
529
530
530
530
530
530
530
531
531
531
531
531
402
402
411
417
424
432
436
440
444
447
451
453
456
458
459
460
461
461
460
460
460
460
460
460
460
460
460
460
460
459
461
459
459
459
459
459
459
459
460
459
459
458
458
458
458
458
458
458
458
458
469
469
457
457
457
457
457
457
457
457
456
456
456
456
577
577
570
564
558
553
548
544
540
536
531
531
530
534
513
524
524
524
524
524
525
525
525
524
524
525
525
525
525
525
525
525
525
525
526
526
526
526
526
526
526
526
526
528
528
527
527
527
527
527
527
527
528
528
528
528
528
528
528
528
528
528
528
528
403
403
405
416
422
424
427
424
437
444
447
450
454
457
458
458
458
459
459
460
459
460
459
459
459
459
459
459
459
459
459
459
460
459
459
459
459
459
456
456
458
458
458
458
458
458
458
458
457
463
458
458
457
457
457
457
456
456
456
456
456
456
456
456
579
579
578
572
567
561
549
545
544
537
534
531
528
526
525
524
524
528
528
524
523
523
523
523
523
523
523
524
524
524
524
524
525
524
524
524
527
527
525
525
525
525
523
526
526
526
526
526
526
526
526
526
526
511
511
525
526
525
526
528
528
528
528
528
404
404
410
415
420
424
430
435
438
441
442
447
451
453
455
457
457
458
458
459
459
459
459
459
459
459
459
459
459
459
459
459
459
459
459
459
458
458
458
458
458
458
458
458
458
458
458
458
458
457
457
457
457
457
457
455
455
457
457
457
457
457
457
457
580
580
576
570
564
563
553
549
545
541
537
534
531
529
527
524
524
524
524
524
535
535
523
523
523
523
524
524
524
524
524
524
529
524
524
524
524
524
524
523
525
523
523
516
523
525
525
526
526
525
525
526
526
526
526
526
526
527
527
527
527
527
527
526
402
397
402
414
418
423
428
432
436
440
443
447
450
452
455
455
457
457
457
458
458
458
458
459
459
459
458
458
458
460
458
458
458
458
460
458
458
458
458
458
458
458
457
457
457
457
457
457
457
457
457
457
457
457
457
457
457
456
457
457
457
456
456
456
584
584
581
574
572
563
557
547
542
545
542
542
541
532
530
528
526
525
525
525
525
524
524
524
524
524
526
526
527
525
527
525
525
525
525
525
525
525
525
525
525
525
526
526
526
526
526
526
526
526
526
526
526
527
527
527
527
527
527
528
528
528
528
528
402
402
402
404
415
420
424
429
433
436
439
443
449
450
452
454
456
459
456
457
457
457
457
457
457
458
457
457
457
457
465
457
457
457
457
457
457
458
458
462
457
457
457
457
457
457
457
457
457
457
456
456
457
457
457
457
457
457
457
456
456
456
456
456
