251
251
264
276
281
282
289
290
291
295
296
301
302
303
305
307
308
309
311
312
316
316
316
318
319
320
322
324
323
324
324
325
326
328
328
329
329
329
329
331
331
332
332
332
333
334
334
335
335
336
336
337
337
337
338
338
339
340
340
341
341
341
341
340
476
546
584
616
638
654
669
677
681
685
693
714
714
706
706
702
698
696
693
689
688
688
685
680
677
675
673
671
670
668
666
664
663
662
661
658
657
656
655
653
652
651
650
649
648
648
647
645
645
644
643
643
642
641
640
640
639
639
638
638
638
636
636
636
174
174
188
198
208
214
229
230
229
231
247
256
258
256
264
268
275
276
276
283
285
285
288
291
294
298
298
299
303
305
307
309
311
312
314
316
318
319
320
320
321
322
326
326
326
327
329
330
330
331
332
332
332
332
334
334
336
336
337
337
338
339
339
339
493
540
578
609
633
649
661
669
679
711
714
714
712
707
706
703
699
696
693
687
686
684
681
679
673
672
671
670
666
665
664
662
662
658
657
655
654
653
651
651
650
646
645
645
645
643
642
642
642
641
640
639
638
638
638
637
636
636
636
636
635
635
633
633
171
171
188
198
206
213
220
226
233
239
245
249
254
258
262
266
269
275
276
279
282
283
287
291
292
295
300
303
303
303
307
310
311
311
313
316
318
319
321
321
322
324
324
325
327
327
328
330
330
331
334
333
334
334
335
335
336
336
338
338
338
339
339
340
484
525
561
618
642
658
674
683
693
700
700
695
695
701
701
700
700
695
694
690
688
685
682
680
676
674
672
670
670
668
663
659
659
658
657
657
652
652
651
649
647
647
645
645
643
642
641
642
641
639
638
638
638
637
636
636
636
636
635
635
634
633
632
632
173
173
186
198
204
212
218
225
232
241
244
249
253
257
262
264
265
272
275
279
282
284
287
288
293
298
301
301
302
305
310
311
311
313
316
313
316
319
321
322
323
324
325
326
331
331
330
330
331
331
332
337
337
336
336
336
336
336
337
337
338
339
339
339
486
531
565
595
642
659
674
683
692
701
701
697
697
701
701
705
709
709
695
691
687
684
682
679
676
675
671
671
667
666
663
659
658
657
655
653
652
651
650
648
647
646
645
643
642
642
641
640
640
639
638
638
637
637
636
635
635
634
634
633
633
633
633
632
169
169
185
195
204
212
219
225
231
238
243
248
253
258
261
265
269
272
279
281
279
281
288
290
292
295
299
299
303
305
308
310
312
312
317
318
318
319
320
323
324
324
325
326
327
328
328
329
331
332
332
333
335
335
335
335
335
337
337
337
339
339
339
340
492
538
576
609
629
641
656
693
702
707
712
712
707
702
702
697
701
695
695
688
687
685
683
679
676
676
668
666
666
664
662
662
660
658
655
653
650
650
649
648
646
646
646
644
642
642
641
640
639
639
637
636
636
636
635
635
634
633
632
632
632
631
631
631
168
168
184
195
199
211
217
225
231
237
243
249
254
257
265
265
269
274
278
278
285
285
288
290
293
295
299
299
300
305
308
310
312
314
319
318
319
320
320
321
323
326
327
327
328
328
330
330
330
332
333
333
334
335
335
336
339
337
338
338
338
341
341
341
669
679
679
660
648
639
634
630
627
626
624
623
622
621
620
620
618
617
616
615
615
615
614
614
612
612
612
612
612
612
612
611
611
610
610
610
610
609
609
609
609
608
608
608
608
608
608
607
607
607
607
607
606
606
606
606
606
605
605
605
605
605
604
604
220
220
242
258
270
281
282
288
300
304
308
312
316
319
319
325
327
327
329
332
334
335
338
338
339
341
341
342
343
344
344
346
346
347
347
347
348
350
351
352
352
352
353
354
354
354
355
356
356
357
357
357
359
359
359
360
360
361
361
361
362
362
362
363
670
722
722
692
685
685
677
668
662
656
653
651
646
642
639
637
635
633
632
632
630
628
626
626
625
624
623
622
622
622
621
620
619
619
618
618
618
617
617
617
616
615
615
614
614
614
613
613
613
612
612
610
610
610
610
610
609
609
609
608
608
608
608
608
224
224
243
256
270
281
288
295
302
305
309
315
316
319
324
324
327
329
331
332
334
336
337
338
339
340
341
341
343
343
344
346
348
349
349
358
358
352
352
353
354
354
354
354
352
354
357
358
363
363
361
360
360
361
361
361
362
362
363
363
364
364
364
364
695
722
722
720
701
689
680
672
666
661
658
652
647
645
642
640
638
636
634
632
630
626
628
627
627
625
625
624
623
623
622
622
621
621
620
620
619
618
618
617
617
616
616
615
615
615
615
614
613
613
613
613
612
610
610
610
610
610
609
609
609
609
609
608
221
221
242
258
268
280
289
295
300
304
309
312
316
319
322
325
326
329
330
332
334
334
335
338
339
340
340
340
343
343
344
345
346
346
348
349
350
351
352
352
353
354
355
356
357
357
359
359
359
359
359
361
361
361
361
362
362
363
363
363
364
364
364
365
677
701
702
701
696
690
681
674
667
662
658
654
651
649
646
640
640
638
636
634
632
630
630
628
627
627
626
626
626
624
623
623
623
621
621
620
620
620
619
619
618
618
617
617
617
616
615
615
615
614
614
613
612
612
612
611
611
610
610
610
610
610
609
609
220
220
242
262
270
280
289
295
301
305
309
313
316
320
323
325
327
329
331
332
334
336
337
338
339
341
346
343
343
343
344
346
346
347
347
349
350
350
351
352
353
353
354
355
355
356
357
358
358
360
361
360
361
361
361
363
363
363
364
364
364
364
364
364
690
713
713
703
691
691
682
675
668
663
659
655
655
648
646
641
640
640
637
635
633
632
628
628
628
626
626
626
621
621
624
624
623
622
622
621
621
620
619
619
619
618
618
617
617
617
616
616
615
614
614
614
613
612
612
612
612
611
610
610
610
610
609
609
220
220
241
256
271
279
288
295
300
305
307
313
316
318
320
324
326
328
330
331
334
334
336
337
338
338
340
342
343
344
344
345
346
347
348
348
349
350
351
352
352
353
354
355
356
356
357
358
358
359
360
360
361
360
361
362
363
363
363
364
364
365
365
365
674
674
657
642
642
627
625
622
621
618
617
614
613
612
609
608
608
606
606
606
604
604
603
603
603
603
603
600
600
600
602
602
601
601
602
602
601
601
601
601
601
601
600
600
601
601
600
600
600
600
600
601
601
601
600
600
600
600
600
599
598
598
598
598
266
266
279
296
297
304
309
315
318
326
330
336
336
336
339
341
343
345
345
347
349
351
353
353
355
355
356
358
360
362
363
364
365
366
366
368
368
371
373
373
372
372
372
372
373
374
380
375
375
375
376
376
377
377
377
378
378
378
378
378
379
379
379
379
707
707
692
681
673
665
659
654
647
642
634
634
632
629
628
626
624
623
622
620
618
617
617
616
614
611
608
610
609
609
608
607
606
604
604
604
604
603
602
602
601
601
601
601
600
601
600
600
600
599
599
599
599
599
598
598
598
598
598
598
598
598
598
598
266
266
281
289
295
303
307
312
317
322
327
330
332
334
336
337
339
341
343
344
346
348
351
351
353
355
357
358
359
362
363
364
366
367
368
369
369
375
375
372
372
378
378
375
375
374
375
377
377
377
378
378
378
379
379
379
379
379
379
380
380
380
381
381
710
710
692
683
673
667
658
653
648
644
639
635
634
631
630
627
625
624
623
623
622
621
619
617
614
614
613
613
612
609
609
608
605
605
605
603
603
603
603
602
601
601
600
600
600
600
599
599
599
598
598
598
598
598
598
598
598
598
599
599
597
597
597
597
256
256
263
288
294
305
305
312
316
321
324
328
329
332
335
336
336
338
341
343
345
347
348
349
352
352
355
356
356
358
363
364
364
365
366
368
370
370
371
372
373
373
374
374
375
376
377
377
377
377
377
378
378
378
378
379
379
379
379
379
379
379
379
380
710
710
694
684
675
668
667
652
651
648
643
641
637
633
633
632
631
629
627
626
625
625
624
622
622
620
619
618
615
614
614
614
613
612
610
609
608
608
606
606
604
604
604
604
604
604
603
602
602
603
603
601
601
601
601
601
601
601
601
601
601
600
601
601
260
260
277
283
285
297
302
306
312
315
322
324
327
331
331
333
335
336
337
338
340
342
343
346
347
352
352
352
354
356
357
358
359
360
363
365
366
367
368
368
369
370
370
372
372
373
373
374
374
374
374
375
375
376
376
376
377
377
377
377
377
378
378
378
712
712
709
686
678
671
664
658
654
649
646
643
640
639
635
633
633
632
630
630
628
627
626
625
624
622
621
620
620
618
615
614
614
613
612
611
610
610
608
607
607
606
605
605
605
605
604
603
603
603
603
602
602
602
602
602
601
601
600
601
600
600
600
601
266
266
278
285
286
286
302
307
313
313
321
324
327
329
330
332
334
336
337
338
342
344
344
346
347
351
353
353
354
356
357
359
360
363
364
365
366
366
368
370
370
371
372
371
373
373
374
375
375
375
376
376
376
376
377
377
377
377
377
377
378
378
379
379
659
659
643
635
629
624
619
614
608
606
601
601
600
600
598
597
596
596
595
595
595
594
594
593
593
593
594
594
595
595
595
595
595
595
595
594
594
594
594
593
593
593
593
593
593
593
594
594
594
594
592
593
593
594
594
594
594
594
594
595
595
595
595
597
286
286
288
303
307
317
323
330
335
337
342
342
347
355
355
355
359
361
363
367
367
370
370
370
374
374
373
372
373
373
373
373
374
374
374
374
374
375
375
376
376
376
376
376
377
377
378
378
379
379
379
379
379
380
380
380
382
381
382
381
381
381
381
381
689
689
687
674
661
654
645
639
635
633
628
627
622
620
619
618
616
612
612
610
609
607
606
605
603
601
599
598
598
598
598
598
598
597
597
597
597
597
597
597
597
596
596
594
594
594
595
593
595
596
596
597
596
595
595
597
597
597
597
597
597
597
597
597
274
274
283
291
300
310
314
319
322
325
328
329
334
337
340
345
349
352
355
358
362
363
364
366
366
367
368
370
370
371
372
372
372
373
374
374
374
374
374
374
375
375
375
376
376
376
377
377
377
378
378
379
380
380
380
384
384
382
380
379
379
379
379
379
707
707
693
680
667
661
653
647
639
639
636
633
631
630
627
624
623
621
620
620
619
615
614
612
611
610
609
608
607
607
607
606
605
605
605
605
604
604
604
603
603
603
602
600
600
602
602
603
603
603
603
602
602
602
602
603
602
603
603
603
603
601
601
601
267
267
280
286
302
305
308
316
320
323
326
327
331
335
339
341
347
351
356
356
358
360
363
365
365
365
367
369
370
370
373
377
377
373
372
373
373
374
375
375
376
376
376
377
377
376
376
377
378
378
379
380
380
380
380
380
380
380
380
380
380
380
380
380
712
712
697
683
673
662
656
651
645
642
638
636
633
630
626
626
625
622
622
620
616
614
613
609
608
607
605
605
604
602
602
602
602
601
600
600
601
601
600
600
600
601
600
600
600
599
599
599
599
599
599
600
600
600
599
600
600
600
600
599
599
599
598
598
272
272
284
292
300
306
309
315
318
322
326
327
333
338
338
342
352
355
358
359
361
363
365
365
366
369
370
370
372
372
373
374
374
374
374
375
376
376
376
377
377
377
377
377
379
380
380
380
381
381
381
382
382
383
383
383
383
383
384
384
384
384
384
384
705
705
692
682
670
665
654
648
643
640
636
632
629
625
623
620
618
614
613
611
610
608
607
604
604
602
602
602
600
600
599
599
599
599
598
597
596
597
598
598
598
598
598
598
598
598
598
598
598
598
598
597
599
597
596
596
596
597
597
598
598
599
598
598
268
268
275
288
298
304
311
318
319
322
325
328
331
334
334
338
348
351
354
364
364
364
365
366
368
369
370
373
373
374
374
375
375
376
377
376
376
376
377
378
378
378
378
378
378
380
381
381
381
381
381
382
382
382
383
383
383
383
383
383
384
384
384
384
