295
307
313
318
321
325
329
329
331
332
335
336
338
340
340
341
343
345
346
347
348
348
348
351
352
352
353
354
356
356
356
357
357
359
359
359
359
360
360
362
363
363
363
363
363
365
365
366
366
366
366
367
367
368
368
368
368
368
369
369
370
370
371
371
751
751
738
729
723
716
711
703
702
697
694
689
686
683
678
677
674
672
669
666
665
664
659
658
658
656
654
653
653
652
651
649
647
646
646
643
643
643
641
640
640
639
638
637
636
636
635
634
633
633
631
631
631
631
631
631
629
628
628
627
627
627
626
625
224
224
235
243
251
258
264
270
275
280
283
287
293
296
303
304
303
305
312
314
315
317
321
322
327
329
327
329
332
336
337
338
340
342
344
346
346
346
348
349
350
351
352
353
354
354
354
357
359
359
359
360
360
361
362
364
364
364
364
365
363
366
366
367
755
755
742
733
728
719
712
709
705
702
696
696
688
688
685
680
677
676
671
670
667
665
662
660
658
656
655
652
649
648
648
647
646
643
642
640
639
638
637
636
634
634
634
632
631
631
630
629
628
627
627
627
626
624
624
624
624
624
623
623
622
621
621
621
220
220
233
240
249
254
261
267
271
276
279
284
288
292
299
300
301
304
306
309
312
321
321
321
321
323
325
325
330
333
335
335
336
338
340
341
342
345
345
345
348
350
351
351
352
352
353
355
356
357
358
358
359
360
361
361
362
362
363
363
364
366
369
369
755
755
742
734
726
720
719
712
702
697
697
693
689
688
681
680
677
672
671
670
667
663
662
660
658
657
654
653
652
650
647
646
644
643
642
641
638
637
636
635
634
631
629
630
630
630
628
627
628
627
626
625
625
623
623
622
622
622
620
620
620
620
619
619
218
218
229
240
250
253
259
265
269
273
279
283
286
293
293
298
300
302
302
308
310
312
315
320
321
321
324
326
328
330
330
332
332
337
338
341
342
343
345
346
348
348
348
351
351
352
353
354
355
356
357
361
363
361
360
360
362
362
363
364
365
368
366
366
755
755
742
733
726
720
715
707
705
700
698
693
689
686
682
681
676
674
672
669
666
665
663
660
658
656
654
652
652
648
646
646
645
642
640
639
638
637
637
634
633
631
630
630
629
628
628
626
625
624
624
624
623
623
622
622
620
616
619
619
619
619
617
617
216
216
230
239
246
252
258
264
269
277
278
282
285
289
292
295
299
302
304
307
310
312
315
317
319
322
326
328
328
330
331
333
335
336
339
342
348
348
344
344
346
346
348
350
350
351
353
354
354
355
355
356
359
360
360
360
361
362
363
363
363
364
365
366
755
755
744
735
727
721
715
710
706
701
697
690
689
686
683
681
677
671
669
669
669
665
662
660
658
656
654
652
650
647
645
645
643
641
639
639
638
635
635
634
632
631
631
629
629
629
627
625
625
624
624
624
623
622
621
620
620
620
619
618
618
618
619
617
216
216
221
238
246
252
259
263
269
271
275
281
283
288
292
295
299
301
304
304
309
314
314
315
319
321
321
323
327
327
331
333
335
335
337
339
341
341
343
343
345
347
348
350
352
353
353
353
355
355
356
358
358
359
359
359
360
362
362
364
364
364
365
365
680
680
660
646
634
626
620
614
613
612
608
610
608
607
607
605
605
603
604
603
603
603
603
603
602
601
601
602
602
601
601
600
598
598
598
600
591
600
599
599
599
598
598
598
598
598
598
598
598
597
597
596
596
596
596
596
596
595
595
595
595
594
593
594
247
247
266
274
292
299
307
314
319
326
332
333
337
340
343
345
347
350
352
353
355
357
359
361
362
363
365
366
367
369
370
372
373
373
374
376
378
378
378
378
378
378
380
380
381
382
382
382
383
383
384
384
384
384
386
389
389
386
385
386
386
386
388
388
696
696
694
693
684
675
666
658
652
648
643
640
636
633
631
629
627
623
622
622
620
618
615
614
613
611
609
609
608
607
607
606
605
604
603
603
603
602
600
600
600
599
599
598
598
597
597
596
595
595
595
595
595
594
594
594
594
593
593
592
592
592
591
591
248
248
265
277
287
295
306
312
319
324
327
332
335
339
341
344
346
348
350
352
354
356
358
359
362
363
365
367
367
370
370
371
373
374
374
375
377
378
378
379
380
380
381
382
382
383
383
383
384
387
389
389
385
385
386
387
387
387
388
388
388
388
388
388
687
689
697
689
685
676
668
660
654
648
644
640
638
635
632
632
630
626
625
623
621
620
619
617
616
615
615
612
611
608
608
608
608
607
607
604
601
601
600
599
599
599
598
598
598
597
596
595
595
594
594
594
593
593
593
592
592
592
591
591
592
592
592
591
249
249
275
281
287
297
307
317
320
324
330
333
336
339
342
344
346
350
352
352
354
356
358
360
360
362
364
367
368
370
372
373
373
375
375
376
376
377
379
379
380
381
384
384
384
384
384
385
385
385
386
386
386
387
387
387
388
388
388
388
388
389
389
390
698
706
706
697
687
677
665
660
653
648
643
640
637
632
625
627
626
627
626
622
621
619
618
618
615
615
612
612
611
609
607
607
605
605
605
603
601
601
600
599
599
598
598
597
596
596
595
595
594
594
593
592
592
592
591
591
590
591
590
590
589
589
589
588
250
250
263
278
288
298
307
314
320
323
323
334
336
339
340
344
346
348
350
352
354
356
358
360
361
364
365
367
368
370
371
372
373
374
376
376
377
377
379
380
381
381
382
383
383
383
383
383
386
386
386
386
387
387
387
388
388
388
389
389
389
390
390
390
685
685
697
686
686
675
667
660
650
647
645
639
639
631
629
629
627
625
624
622
620
619
615
615
615
614
613
611
610
609
607
607
606
604
603
602
601
601
601
598
597
597
597
597
596
594
594
594
594
593
592
591
591
591
591
590
590
590
590
590
589
589
590
590
246
246
259
277
287
296
306
317
319
324
328
332
338
339
340
344
347
347
349
351
351
354
358
360
360
361
361
365
366
367
370
371
373
373
373
376
377
377
378
379
380
381
381
381
382
383
383
384
385
385
385
386
386
387
387
387
387
388
389
389
389
389
389
389
659
659
639
630
623
613
613
610
603
600
597
595
593
591
590
589
588
587
587
587
587
584
584
584
584
583
583
583
583
583
582
582
582
582
582
582
582
581
579
581
581
581
581
581
581
581
581
581
581
581
580
579
580
581
581
581
580
580
580
581
581
581
581
581
281
281
307
312
319
330
333
341
342
344
346
349
351
351
354
356
358
360
361
363
365
367
369
372
372
374
374
377
378
379
380
382
383
384
385
385
385
385
387
388
387
388
388
388
389
389
389
390
390
390
391
391
391
392
392
392
393
393
393
393
394
394
394
394
685
685
676
664
656
649
646
639
637
636
630
628
627
626
624
618
616
616
615
613
610
609
607
606
604
602
600
599
597
597
595
594
593
592
591
590
590
589
589
588
587
582
586
585
585
585
585
585
584
582
583
583
583
583
583
583
586
580
578
578
582
582
582
582
275
275
293
307
316
325
327
331
336
337
341
343
344
346
350
353
353
359
362
361
362
366
368
372
373
373
374
377
378
380
381
382
383
384
385
386
386
388
388
389
391
391
390
390
391
391
392
392
392
392
393
393
393
394
393
394
394
394
394
394
394
395
395
395
696
696
675
664
656
650
645
642
637
634
632
629
627
626
623
621
619
617
615
614
611
608
606
604
605
605
605
599
597
596
595
594
593
591
591
589
588
588
588
587
585
584
584
584
584
584
583
583
583
582
583
582
583
582
582
582
581
582
582
582
582
582
582
582
283
283
291
307
315
321
325
328
333
335
338
341
343
343
348
349
352
354
356
358
361
363
365
367
369
371
373
375
376
378
381
381
381
383
386
386
386
388
389
389
390
390
391
392
392
392
393
393
394
394
394
394
394
395
395
395
396
397
397
397
396
396
396
397
695
695
674
662
654
650
643
640
636
634
628
628
626
622
620
620
617
614
613
613
610
607
605
604
601
601
598
597
595
594
593
592
591
590
590
589
587
587
586
586
585
585
584
584
584
584
583
583
583
583
583
583
581
581
581
581
581
581
581
581
581
581
581
581
277
277
295
306
315
320
326
331
334
340
343
343
346
347
348
352
353
354
358
359
363
365
367
367
371
374
374
375
379
380
382
383
384
385
387
388
389
390
390
391
391
392
393
393
393
393
394
394
395
395
395
396
397
397
396
396
397
397
397
397
397
397
397
397
697
697
677
664
656
649
643
640
637
635
632
629
627
626
625
621
618
617
616
616
614
612
608
607
605
603
600
599
597
596
594
594
591
591
589
588
587
586
586
585
585
584
584
584
582
582
582
582
582
582
582
581
581
581
581
581
581
581
581
580
581
581
581
580
278
278
296
308
319
321
326
330
334
336
339
342
344
346
349
351
353
355
357
360
363
364
364
367
372
375
377
377
378
380
382
383
383
383
387
388
388
389
371
391
392
393
394
394
394
395
393
395
396
396
396
396
396
397
397
397
397
397
397
398
398
398
398
398
640
640
630
622
615
607
600
595
590
586
584
582
581
580
579
580
579
579
579
579
578
578
579
579
579
579
579
579
579
579
579
580
580
579
579
579
579
579
579
579
579
579
579
578
578
578
579
579
580
580
579
579
580
580
580
581
581
580
580
580
581
581
581
580
305
305
319
333
342
342
344
347
348
352
355
356
360
362
365
371
374
375
377
380
381
384
385
386
388
388
388
390
391
392
392
392
392
393
393
393
394
394
394
395
394
394
394
394
395
395
398
398
395
394
394
394
394
394
394
394
394
394
394
395
395
395
395
395
668
668
653
637
632
632
629
628
623
620
617
611
607
607
605
602
600
598
596
592
590
590
590
589
587
586
586
586
585
585
584
584
582
582
583
583
583
583
583
583
583
583
582
582
582
582
582
581
579
579
582
582
582
582
582
582
582
582
582
582
581
581
582
582
298
298
308
319
332
332
334
339
339
341
344
345
349
349
352
359
362
369
372
372
375
377
380
381
383
384
386
387
388
388
389
389
390
390
391
392
393
395
395
393
393
393
393
394
394
394
394
394
394
394
394
394
394
394
394
394
394
394
395
395
394
394
394
394
673
673
673
651
646
642
634
633
632
630
628
624
622
619
616
612
609
607
604
603
599
597
596
594
593
593
590
589
589
588
587
586
587
586
586
585
585
585
585
585
585
584
584
584
584
583
582
583
583
583
583
584
584
584
584
584
584
584
584
584
584
584
584
585
291
291
302
311
317
322
325
328
331
334
334
336
336
339
345
349
352
352
356
364
367
370
373
377
379
379
380
382
384
386
386
386
388
389
389
389
390
390
391
391
392
392
392
394
392
393
393
393
393
393
393
394
394
394
393
393
393
393
393
393
394
394
393
393
674
674
664
657
652
647
644
641
637
635
630
626
626
624
621
619
615
610
608
606
601
598
596
592
592
591
589
589
587
586
586
584
584
582
581
580
580
580
580
580
580
580
580
580
580
580
580
580
580
581
581
581
582
582
582
583
583
581
580
580
582
582
582
583
294
294
308
312
320
325
329
339
339
339
341
341
344
349
352
352
356
359
366
368
370
374
377
380
380
382
384
384
386
387
389
389
390
391
392
392
392
393
393
393
393
394
394
395
395
395
395
395
395
396
395
395
395
395
395
395
395
395
395
395
396
396
395
395
674
674
662
660
655
644
641
637
634
632
630
628
622
616
613
616
613
608
601
600
599
596
594
592
590
589
588
587
586
585
585
585
583
583
583
583
583
583
583
582
582
582
577
577
582
582
582
582
582
582
582
582
583
583
583
583
583
583
583
584
583
583
583
583
290
290
300
308
315
319
323
326
329
330
332
335
338
340
344
347
349
354
358
361
365
368
371
376
378
378
380
384
384
384
386
386
387
388
389
390
390
390
390
391
391
392
392
392
392
391
391
392
394
393
394
393
394
394
394
393
393
394
394
393
389
393
393
393
