428
431
433
433
434
434
434
435
436
436
436
436
436
437
437
437
437
438
438
438
436
436
438
438
438
439
440
440
439
439
439
439
440
440
440
440
440
440
440
441
440
440
440
440
440
440
441
441
441
441
441
441
441
441
441
444
444
444
441
440
440
442
443
443
555
555
548
548
548
551
548
551
547
546
545
544
544
543
542
542
541
541
540
540
539
539
538
538
537
537
536
536
536
535
535
534
534
534
533
534
533
533
532
532
532
532
531
531
531
531
531
531
531
530
530
530
530
530
530
530
530
529
529
529
529
529
529
529
416
416
417
419
420
422
423
424
426
426
426
426
428
428
429
429
431
431
431
431
432
432
435
435
436
433
434
434
434
435
435
435
436
438
438
438
438
439
438
440
437
439
438
438
438
438
438
438
439
439
439
439
439
439
439
439
439
439
439
440
440
440
440
440
557
557
555
552
552
549
548
548
547
548
545
544
543
542
542
542
541
540
540
539
539
538
537
537
537
536
536
536
535
535
534
534
534
534
533
532
533
532
532
532
532
532
531
531
531
531
531
531
531
530
530
530
530
530
530
529
529
529
529
529
529
528
527
528
415
415
417
418
420
421
422
423
424
425
426
426
427
427
427
428
429
429
430
430
431
431
432
437
437
433
433
433
434
434
434
434
434
435
435
435
435
436
436
437
437
437
437
437
437
438
438
438
438
438
439
439
439
439
439
439
439
439
439
439
440
440
440
440
555
555
553
551
550
548
547
546
546
544
544
544
543
542
541
541
540
540
539
539
539
538
538
538
537
536
536
536
535
534
534
534
534
534
534
533
533
533
532
532
532
532
531
531
531
531
531
531
530
530
530
530
530
529
529
529
529
529
529
529
529
529
529
529
415
415
417
418
420
421
422
423
424
425
426
426
426
426
428
428
429
432
432
430
430
431
432
432
432
432
432
433
432
433
433
434
434
435
435
435
435
436
436
435
435
436
437
437
437
439
436
436
436
438
438
438
439
439
440
440
439
439
439
439
439
439
441
441
555
555
553
551
549
548
548
547
546
544
537
544
543
543
541
540
540
540
539
539
539
538
538
538
538
537
536
536
535
535
535
535
534
534
534
533
533
533
533
532
532
531
531
532
532
532
531
530
530
530
530
530
528
530
529
529
529
529
529
529
529
529
529
529
415
415
416
419
420
421
422
422
423
424
425
425
426
427
428
428
428
428
429
430
430
431
431
433
433
432
432
432
433
433
434
434
434
434
434
434
435
435
435
436
436
436
436
436
437
437
437
437
437
438
438
438
438
438
438
438
439
439
439
439
439
439
439
439
554
554
553
552
550
549
549
547
546
545
544
544
543
543
542
542
541
540
540
540
539
538
538
538
537
537
537
536
535
535
535
535
535
535
534
533
533
533
533
533
532
532
532
532
531
531
531
531
531
530
530
530
530
530
530
530
530
530
530
529
529
529
529
529
414
414
416
416
418
420
422
423
424
425
426
428
428
427
427
428
429
429
429
429
430
430
430
431
431
431
433
433
433
432
432
434
434
434
434
434
434
435
435
435
436
438
436
437
437
437
439
438
438
438
438
438
438
438
439
439
439
439
439
439
439
441
439
440
542
542
537
535
533
531
529
529
528
528
527
526
526
526
526
525
525
525
525
525
524
524
524
524
523
523
523
523
523
523
523
522
522
522
522
522
522
521
521
521
521
521
521
521
521
521
521
520
520
520
520
520
520
520
520
520
520
520
520
520
519
519
519
519
416
416
420
423
425
427
429
429
430
431
431
431
433
434
436
437
437
438
438
439
440
440
440
440
432
432
441
442
442
442
443
443
443
444
444
444
444
444
444
445
445
445
445
445
446
446
446
446
446
446
446
446
447
447
447
447
447
447
447
448
448
448
448
448
551
551
548
546
544
542
541
540
540
547
547
536
536
535
534
533
533
533
532
532
531
531
531
529
529
529
528
528
528
527
527
527
527
526
526
526
526
525
525
525
525
524
524
524
524
524
523
523
523
523
523
523
523
522
522
522
522
522
522
522
521
521
521
521
417
417
420
422
427
427
428
429
430
430
431
432
433
434
434
437
437
437
437
437
438
440
439
439
439
439
440
441
441
442
442
442
442
443
443
443
444
444
444
444
444
445
445
445
445
446
446
446
446
446
446
447
447
447
447
447
447
447
448
448
448
448
448
448
553
553
550
548
546
544
542
542
540
539
539
538
538
536
536
536
535
534
534
532
532
532
531
530
530
530
529
529
529
528
528
528
527
527
527
527
526
526
526
525
525
525
525
524
524
524
524
524
524
523
523
523
523
523
523
522
522
522
522
522
522
521
521
521
416
416
420
421
423
425
427
429
429
430
431
432
433
433
433
434
435
435
436
437
437
438
438
438
439
439
440
440
441
441
441
442
444
444
444
443
443
443
444
444
446
445
445
445
445
445
445
445
446
447
447
447
447
447
447
447
447
447
447
448
448
448
447
447
554
554
551
548
546
545
544
544
542
540
540
539
538
538
537
536
535
535
534
533
533
532
532
531
531
530
530
529
529
529
528
528
527
527
527
527
526
526
526
525
525
525
525
524
524
524
524
523
524
523
523
523
523
523
522
522
522
521
521
521
521
521
521
521
416
416
419
421
423
425
427
428
430
431
431
432
432
432
433
434
435
435
435
435
436
438
438
438
438
437
438
440
440
441
441
442
442
442
443
443
444
444
444
444
444
445
445
445
446
446
446
446
446
446
447
447
447
447
447
447
448
448
448
448
448
448
448
449
552
552
550
547
545
544
542
542
540
540
539
543
537
535
535
534
534
533
532
532
532
531
530
530
530
529
529
529
528
528
527
527
527
526
526
526
525
525
525
525
524
524
524
523
523
523
523
523
522
522
522
522
522
522
522
522
522
521
521
521
521
521
520
520
423
423
424
427
428
430
432
433
433
433
434
435
435
436
437
437
438
439
439
440
440
440
441
442
442
443
443
443
443
444
444
444
445
445
446
446
446
446
446
447
447
447
447
447
448
448
448
448
448
448
448
449
449
449
449
449
449
449
449
449
450
450
450
450
538
538
534
531
529
527
526
524
524
523
522
521
520
520
520
519
519
519
518
518
517
517
517
517
517
517
516
516
516
516
516
516
516
516
516
516
515
515
515
515
515
515
515
515
515
516
516
516
516
516
516
515
508
508
516
516
516
516
515
515
515
515
515
515
425
425
428
431
433
436
439
439
439
439
441
444
445
445
446
447
447
448
448
448
449
450
450
450
450
450
451
451
452
452
452
452
452
452
452
452
453
453
453
453
453
453
454
454
454
454
454
454
454
454
454
454
454
454
454
454
454
455
455
455
455
455
455
455
548
548
544
541
539
536
534
533
532
530
529
527
526
526
524
522
495
522
522
522
521
521
520
520
520
519
519
519
518
518
517
517
517
516
516
516
516
515
515
515
515
515
515
515
515
514
514
514
515
515
514
514
514
514
514
514
514
513
515
514
514
514
513
513
420
420
423
427
430
432
433
434
437
438
439
440
441
442
444
445
445
446
446
446
447
448
448
448
449
449
449
451
450
451
451
451
451
451
452
452
452
452
452
452
453
453
453
453
453
454
454
454
454
454
454
454
454
454
455
455
455
455
455
455
455
455
455
455
552
552
548
545
542
540
538
535
534
533
532
530
529
528
526
526
525
524
523
524
523
522
522
521
521
520
519
519
518
518
518
518
518
517
517
517
516
516
516
516
516
516
515
515
515
514
515
514
515
515
515
514
514
513
513
514
514
514
514
514
514
513
513
513
417
417
422
425
428
429
433
433
433
434
438
438
440
441
442
443
444
444
444
446
446
446
447
448
448
448
449
449
450
450
451
451
451
451
452
452
452
452
453
453
453
453
454
456
454
454
454
454
454
454
453
454
455
455
455
455
455
458
458
455
455
455
455
455
560
560
549
548
543
541
539
539
537
534
532
531
530
529
528
527
526
525
524
524
523
522
521
521
520
520
520
519
518
518
518
518
518
517
517
517
516
516
516
516
516
516
515
515
515
515
515
515
515
515
514
514
514
514
514
514
514
514
514
514
514
513
513
513
417
417
421
425
428
430
432
433
435
436
438
439
440
441
442
442
442
443
445
445
446
447
447
448
448
449
449
449
449
450
450
451
451
452
452
452
452
453
453
453
453
453
453
454
454
454
454
454
454
454
454
455
455
455
456
455
455
455
455
455
455
455
455
455
549
549
545
542
539
538
535
533
532
530
529
527
526
526
525
524
523
523
522
522
521
521
520
519
519
519
518
518
517
517
517
517
517
517
516
516
516
515
515
515
515
515
515
514
514
514
514
514
514
514
514
513
513
514
514
513
513
513
513
513
513
513
513
513
420
420
424
428
430
433
435
436
438
439
440
442
443
444
445
446
447
447
448
448
449
449
450
450
450
450
451
451
452
452
452
453
453
453
453
453
454
454
454
454
455
455
455
455
455
455
455
455
455
455
455
456
456
456
456
456
456
456
456
456
456
457
457
457
532
532
528
524
522
518
516
516
515
515
514
514
512
512
513
513
512
512
511
511
511
511
511
511
511
512
512
512
512
512
512
512
512
512
512
512
512
512
512
512
512
512
512
512
512
512
512
511
511
511
511
511
511
511
511
511
511
511
511
511
511
511
511
511
425
425
431
435
439
441
443
445
446
448
448
449
450
451
452
453
453
453
454
454
455
455
455
455
455
455
456
456
456
456
456
455
456
456
456
456
456
456
456
456
456
456
456
456
456
456
456
456
456
456
456
456
456
456
456
456
456
456
456
456
456
456
456
456
548
548
543
538
534
532
529
527
526
524
521
521
521
520
519
518
517
517
517
515
515
514
514
514
514
513
513
514
514
512
512
512
512
512
512
512
512
511
511
511
511
511
511
511
511
511
511
511
511
511
511
511
511
511
511
511
511
510
510
510
510
510
510
510
424
424
428
432
436
440
442
443
445
446
447
447
447
449
450
451
451
452
453
453
453
453
453
454
455
455
455
455
455
455
455
456
456
456
456
456
456
456
456
456
457
457
457
457
457
457
457
457
457
457
457
457
457
457
457
457
457
457
457
457
458
458
458
458
547
547
541
536
533
529
528
526
524
522
522
520
519
517
517
516
516
516
514
514
514
514
513
513
512
512
512
512
511
511
511
511
511
511
511
511
510
510
510
510
510
508
508
510
510
510
510
510
509
509
509
509
509
509
510
509
509
509
509
509
510
510
509
509
424
424
430
433
438
441
443
445
446
447
449
449
449
451
451
452
453
454
454
454
455
455
455
455
456
456
456
456
456
456
456
456
456
456
456
456
456
456
457
457
457
457
457
457
458
457
457
457
457
458
458
458
458
458
457
457
458
458
458
458
458
459
459
459
546
546
541
536
536
533
528
526
524
522
521
520
519
518
517
516
515
515
514
513
513
513
513
512
512
512
511
511
511
511
511
511
511
510
510
510
510
510
510
510
510
510
510
510
510
510
510
515
515
509
509
509
509
509
509
509
509
509
509
509
509
509
509
509
422
422
422
429
437
440
441
443
445
446
447
448
450
450
451
452
452
453
454
455
455
455
455
455
456
456
456
456
457
457
456
456
456
457
457
457
457
457
457
457
457
457
457
457
457
457
457
458
458
458
458
458
458
458
458
458
458
459
458
459
448
459
459
459
547
547
541
537
533
528
526
526
524
522
521
520
519
519
517
516
515
515
514
513
513
512
512
512
512
511
511
511
511
510
510
510
510
510
510
510
510
510
510
510
510
509
509
509
510
509
509
509
509
509
509
509
509
509
509
509
509
509
509
509
509
508
508
509
424
424
429
433
437
440
442
443
444
447
448
448
449
450
451
452
452
453
454
453
454
455
455
455
455
461
461
456
456
456
456
456
456
456
456
456
456
456
456
456
457
457
457
457
457
457
457
457
457
457
457
457
457
457
457
457
458
458
458
458
458
458
459
459
