425
428
428
428
428
430
431
431
432
432
432
433
433
433
433
434
434
434
434
434
434
434
435
435
435
435
434
435
432
435
436
436
436
438
438
438
436
436
436
437
437
437
437
437
437
437
437
437
437
437
437
437
437
437
438
438
438
438
438
438
438
439
439
438
558
558
557
555
554
552
552
550
550
549
548
548
547
547
546
546
545
544
544
544
544
543
543
542
542
542
541
541
541
540
540
540
539
539
539
539
540
540
538
538
537
537
537
537
537
537
536
536
536
536
535
535
535
535
535
535
535
534
534
534
534
534
534
534
414
414
416
417
418
421
421
422
422
423
424
424
424
425
426
426
426
426
427
427
428
429
429
429
429
430
431
431
431
430
430
430
432
432
432
433
433
433
433
434
434
434
434
434
434
435
435
435
435
435
435
436
436
436
436
436
436
436
437
437
437
437
437
437
545
556
556
555
553
553
552
551
549
549
548
548
547
546
546
545
545
544
544
543
543
542
542
542
541
541
541
540
540
540
540
539
539
539
538
538
538
538
538
537
537
536
536
536
536
536
535
535
535
536
536
536
535
535
535
535
535
535
534
534
534
534
534
534
413
413
415
415
417
417
420
420
422
422
422
423
424
425
425
425
425
427
427
427
428
428
428
429
429
429
430
430
430
431
431
431
432
432
432
432
432
433
433
433
433
433
433
434
434
434
434
434
434
435
435
435
435
435
435
436
436
436
436
436
436
436
436
436
558
558
556
555
553
552
551
550
549
548
548
548
547
546
545
545
545
544
544
544
543
543
542
542
541
541
541
541
540
540
540
539
539
538
538
538
538
538
538
537
537
537
537
537
537
536
536
536
536
536
535
535
535
535
535
535
535
535
534
534
534
533
533
533
413
413
415
417
417
418
420
421
421
421
423
424
426
426
426
426
427
427
427
427
428
428
429
429
429
430
430
431
431
431
431
431
431
432
432
432
433
433
433
433
434
434
434
434
434
435
435
435
435
435
435
435
435
436
436
436
436
436
437
437
437
437
437
437
557
557
555
553
552
551
550
549
549
548
547
547
546
545
544
544
544
543
543
543
542
542
542
541
541
540
540
540
539
539
539
538
538
538
538
538
537
537
537
536
536
536
536
536
536
536
535
535
535
534
534
534
534
534
534
534
534
533
533
533
533
533
533
533
414
414
416
419
420
423
423
422
422
423
423
423
424
425
427
427
427
427
428
429
428
429
429
429
429
430
430
431
432
432
432
432
432
434
434
434
433
433
433
434
433
434
434
434
434
435
435
435
435
436
436
436
436
436
436
436
436
437
437
437
437
437
437
437
553
555
553
553
551
550
549
549
548
547
547
547
545
545
545
544
544
544
544
542
542
541
541
541
541
540
540
540
539
539
539
538
538
538
537
538
537
539
537
536
536
535
536
535
535
535
535
535
535
535
535
535
534
534
534
534
534
534
534
533
533
533
533
533
413
413
417
417
418
419
420
420
422
423
423
424
425
425
425
425
426
427
427
427
428
428
428
429
431
429
430
430
431
431
431
432
432
432
432
432
433
432
431
431
432
433
433
434
434
435
435
435
435
435
435
436
436
436
436
436
436
436
437
437
437
437
437
437
544
544
541
539
537
536
534
534
534
534
531
531
530
530
530
530
529
529
529
529
528
528
528
528
528
528
527
527
527
527
526
526
526
526
526
526
526
526
526
525
525
525
525
525
525
525
525
525
524
524
524
524
524
524
524
524
524
524
524
523
523
523
523
523
417
417
420
422
423
425
427
427
427
429
429
431
431
432
433
433
434
434
435
435
435
436
437
438
438
438
438
439
439
439
439
440
440
441
442
442
442
442
442
443
443
443
443
444
444
444
444
444
444
445
445
445
445
445
447
446
446
446
446
446
446
446
446
446
554
554
550
548
547
545
544
543
542
541
541
540
539
538
538
538
538
537
536
535
534
533
533
533
533
533
533
532
531
531
530
530
530
530
529
529
529
529
528
528
528
528
528
528
527
527
527
527
527
526
526
526
526
526
526
526
525
525
525
525
525
525
525
524
416
416
419
421
423
425
426
427
427
428
429
430
431
431
431
433
433
434
434
435
435
436
436
437
437
438
438
438
439
440
440
440
441
441
441
442
442
442
443
443
443
444
443
444
444
445
445
445
444
445
445
446
446
446
446
446
447
447
447
447
447
447
447
448
552
552
549
547
545
543
542
541
541
540
539
539
538
536
536
535
535
535
534
534
533
533
532
532
531
531
530
530
530
529
529
529
528
528
528
528
527
527
527
527
527
527
527
526
526
526
526
526
526
525
525
525
525
524
524
524
524
524
524
523
523
523
523
523
422
422
424
424
426
428
428
430
431
432
433
434
434
434
436
436
437
437
437
438
439
440
440
441
441
441
442
442
443
443
443
444
444
444
444
445
445
446
446
446
446
447
447
447
448
447
447
447
448
448
448
448
448
449
449
449
448
448
448
449
449
449
449
449
549
549
546
544
543
540
539
539
538
537
536
536
535
535
534
533
533
532
532
532
530
530
530
529
529
529
528
528
528
527
527
527
526
526
526
526
526
526
525
525
525
525
525
524
524
524
524
524
524
523
523
523
523
523
522
522
522
522
522
522
522
522
521
521
423
423
425
428
431
428
431
432
433
434
434
435
436
437
437
437
438
438
439
440
440
441
441
441
442
443
443
443
444
444
444
446
446
445
445
445
446
446
446
446
446
447
447
448
448
448
448
448
448
448
448
448
448
449
449
449
449
449
450
450
450
450
450
450
550
550
547
545
543
540
540
540
538
537
536
535
535
535
534
533
533
532
532
532
531
530
530
530
529
528
528
528
528
528
527
527
527
526
526
526
525
525
525
525
525
524
524
524
524
524
523
523
523
523
523
523
523
523
522
522
522
522
522
522
522
521
521
521
422
422
427
429
429
430
431
432
433
434
435
435
435
435
437
438
438
439
439
439
440
440
441
441
441
442
442
442
443
443
443
444
444
444
445
445
445
446
446
446
447
447
447
447
447
447
447
448
448
448
448
448
448
448
451
451
449
449
450
450
450
450
450
450
540
540
537
534
532
530
528
527
525
525
524
523
522
521
522
521
521
521
520
520
520
520
520
520
519
519
519
519
523
519
518
518
518
518
518
518
518
518
518
517
517
517
517
517
517
517
518
517
518
517
517
517
517
517
517
517
517
517
516
516
516
516
516
516
425
425
428
431
433
435
436
438
439
440
441
442
442
443
444
445
445
446
447
447
448
448
448
449
449
449
450
450
450
450
451
451
451
451
452
452
452
452
452
453
453
453
452
452
453
453
453
454
454
454
454
454
454
454
454
454
454
454
454
454
454
454
454
455
548
548
542
539
536
535
534
532
531
530
529
528
527
526
526
524
524
524
523
523
521
521
521
521
520
520
520
520
519
519
519
519
518
518
518
517
517
517
517
517
516
512
516
516
516
516
516
516
516
516
515
515
515
515
515
515
515
515
515
515
515
515
514
515
421
421
425
428
431
433
435
437
438
440
441
442
443
443
445
445
446
447
447
448
448
448
449
449
449
450
450
450
451
451
451
452
452
452
452
452
453
453
453
454
454
454
454
454
454
455
455
455
455
455
455
455
455
455
455
456
455
455
455
455
456
456
456
455
548
548
544
541
539
537
535
534
534
529
529
529
527
526
525
524
524
523
522
522
521
521
520
519
519
519
519
519
518
518
518
518
517
517
517
516
516
516
516
516
516
516
515
515
515
515
515
515
515
514
514
514
514
514
514
514
514
514
513
513
513
514
513
514
425
425
429
431
432
435
437
439
440
442
442
444
444
445
445
446
447
448
448
449
449
450
450
450
451
451
451
452
452
452
452
453
453
453
453
453
453
454
454
454
454
455
455
455
455
455
456
456
455
455
456
457
456
456
456
456
456
457
457
457
457
456
456
456
547
547
543
540
538
535
533
532
530
529
528
526
525
525
525
523
522
521
521
520
520
520
519
519
519
518
518
518
517
517
517
517
516
516
516
516
516
516
516
515
516
515
515
515
515
515
515
515
514
514
514
514
514
515
514
514
514
514
514
514
513
513
513
513
427
427
430
432
434
436
439
439
440
442
443
444
445
446
447
448
448
448
449
449
449
450
451
451
451
452
452
452
453
453
453
453
454
454
454
454
454
455
455
455
456
456
456
458
457
457
457
457
457
457
457
457
457
457
457
457
457
457
457
457
458
458
458
458
548
548
544
544
541
535
534
533
532
530
528
527
526
525
524
522
521
521
521
520
520
519
519
519
519
517
517
517
516
516
516
516
516
516
516
516
515
515
515
515
515
514
514
514
514
514
513
513
513
513
513
513
513
513
513
512
512
512
512
512
512
513
513
513
427
427
430
433
434
436
438
440
442
444
445
445
447
447
448
448
449
450
450
451
451
451
451
452
452
453
453
453
454
454
454
454
454
455
455
455
455
455
456
455
456
456
456
456
456
456
457
457
457
457
457
457
459
457
457
457
457
457
457
457
457
457
458
458
531
531
526
521
519
517
516
514
514
513
512
512
512
512
512
512
511
511
511
511
511
511
511
511
511
511
511
511
511
510
510
510
510
510
510
510
510
510
510
510
510
510
510
510
510
510
510
510
510
510
510
510
510
510
510
510
510
510
510
510
510
510
510
510
427
427
432
436
439
442
443
445
446
447
448
450
451
451
452
454
454
454
454
455
456
456
456
456
456
457
457
457
457
458
458
458
458
458
458
458
459
459
459
459
459
460
459
459
459
459
459
459
459
459
459
459
459
459
459
459
459
459
459
459
459
459
459
461
547
547
540
535
532
527
527
525
524
523
521
519
519
518
517
516
516
515
514
514
514
513
513
513
513
512
512
512
511
511
511
511
511
511
511
511
510
512
510
510
510
510
510
510
510
510
510
510
510
510
510
510
510
510
510
510
510
510
510
510
509
509
509
510
424
424
430
434
437
439
443
445
445
446
447
447
449
450
451
451
451
452
453
454
454
454
456
456
455
455
456
456
456
456
457
457
460
460
460
458
458
458
458
458
458
458
458
459
459
459
459
459
459
459
459
459
459
459
459
462
462
460
460
460
460
460
460
460
547
547
542
536
533
531
527
526
524
523
522
520
519
518
518
516
515
515
515
515
514
513
513
512
512
512
511
511
511
511
511
510
510
510
510
510
509
509
509
509
509
509
509
509
509
509
508
508
508
508
508
508
509
508
508
508
508
508
508
508
508
508
508
509
424
424
430
434
436
440
441
445
446
446
447
448
449
450
451
451
452
453
453
454
454
455
455
455
456
456
456
456
456
457
457
457
457
458
458
458
458
458
458
458
458
458
459
459
460
460
459
459
459
459
459
459
459
458
459
459
460
460
460
460
460
460
460
460
548
548
545
538
534
531
528
526
524
523
521
520
519
518
517
516
515
514
514
514
513
512
512
512
512
511
510
510
510
510
509
509
509
509
508
508
509
509
509
508
508
508
508
508
508
508
508
508
508
504
504
507
507
507
507
507
508
508
508
508
508
508
508
508
423
423
431
435
438
441
442
444
446
447
448
449
451
451
452
454
454
454
454
454
455
456
456
456
457
457
457
457
457
458
458
458
458
459
459
459
459
459
459
459
459
459
459
459
459
459
460
460
459
459
459
461
461
461
461
461
461
461
461
461
461
461
461
461
546
546
540
536
532
530
527
525
524
522
519
518
518
517
516
515
514
514
514
513
512
512
511
511
510
510
509
509
509
509
509
508
508
508
508
508
508
508
508
508
508
508
508
508
508
508
508
508
508
506
506
508
508
508
508
508
508
508
508
508
508
508
508
508
424
424
430
433
437
439
442
443
446
448
448
448
450
450
451
452
453
453
453
454
454
455
455
456
456
456
457
458
457
458
458
458
458
458
458
459
459
459
460
460
459
459
459
460
460
460
460
460
460
460
460
459
460
460
460
460
460
460
460
460
460
460
460
460
