481
481
481
481
481
481
481
481
481
481
481
481
481
481
481
481
481
481
481
480
480
481
482
482
483
481
481
480
480
480
481
481
480
480
481
481
481
481
481
480
480
481
481
481
480
481
481
481
481
480
480
481
481
481
481
481
480
481
481
481
481
481
480
481
532
532
532
532
531
530
530
530
530
530
530
530
530
529
529
529
530
530
529
529
529
529
529
529
529
529
528
528
528
528
529
528
530
528
528
528
529
529
528
528
528
528
528
528
528
528
528
528
528
528
528
528
528
525
525
526
527
527
528
544
528
528
528
528
443
443
447
448
448
451
452
452
453
453
454
455
456
456
456
456
457
458
458
458
458
458
459
459
460
460
460
460
460
460
460
461
461
461
466
466
461
461
461
461
462
461
461
461
461
461
461
461
460
462
462
462
462
462
462
462
462
462
462
462
462
463
463
462
549
549
547
546
545
544
542
541
540
540
539
538
538
538
537
537
536
536
536
535
535
535
534
534
533
533
533
533
532
532
532
532
531
531
531
531
531
531
531
531
531
530
530
530
530
530
530
530
530
530
529
529
518
529
529
529
529
529
529
529
529
529
528
528
442
442
445
447
449
449
449
451
453
454
455
455
456
456
456
457
457
458
458
458
458
459
459
459
459
459
460
460
460
460
460
461
460
461
461
461
461
461
461
461
461
461
462
462
461
461
461
462
462
462
462
462
462
462
463
462
462
462
462
462
462
462
463
463
548
548
547
546
544
543
542
541
540
540
539
539
538
538
538
537
536
536
536
535
535
534
534
534
534
534
533
532
532
532
532
532
531
531
531
531
531
531
531
531
531
530
531
530
530
530
530
530
529
529
529
530
530
530
529
529
529
529
529
529
528
528
528
529
442
442
445
447
448
450
451
452
453
454
455
455
455
456
456
456
457
458
458
458
459
459
459
459
459
459
459
460
460
460
460
460
460
461
460
461
461
461
461
461
461
461
461
461
462
462
462
462
462
462
462
462
462
462
462
462
462
462
462
462
462
462
462
462
549
549
547
545
545
546
546
543
541
541
539
538
538
541
541
537
536
536
536
540
540
535
535
534
534
534
534
533
533
533
532
532
532
532
532
532
532
531
531
531
531
531
531
530
530
530
530
530
530
530
530
530
530
529
529
529
529
529
535
529
529
529
529
529
442
442
445
447
448
449
450
452
452
453
454
456
456
456
456
457
457
458
458
458
458
458
459
459
459
460
460
464
460
460
460
460
460
460
461
461
461
461
461
461
461
461
461
453
453
456
461
461
461
461
462
462
462
462
462
462
462
462
462
462
462
462
462
462
546
547
547
546
543
543
543
542
541
540
539
539
538
537
537
537
537
536
536
536
536
535
535
534
534
534
533
533
533
533
533
533
532
532
532
531
531
531
531
531
531
530
530
530
530
530
530
530
530
530
529
529
529
529
530
529
530
528
529
529
529
529
529
528
439
439
444
444
447
451
451
450
450
453
454
454
455
456
456
457
457
459
458
459
459
459
459
459
459
460
460
460
460
460
460
460
460
460
460
461
461
461
461
461
461
461
460
460
461
461
462
461
462
462
462
462
462
462
462
462
462
462
462
462
462
461
461
462
537
537
535
534
530
530
529
529
529
529
527
527
527
527
527
526
526
526
526
526
526
526
526
525
525
525
525
525
525
524
524
524
524
524
524
524
516
524
524
525
524
525
524
526
524
524
524
524
524
524
524
523
523
524
524
524
524
524
524
524
523
524
523
524
449
449
452
454
455
456
457
458
458
458
459
460
460
460
460
460
460
460
460
460
460
460
461
461
461
461
461
461
461
461
461
462
461
461
461
461
461
461
462
462
462
462
462
462
462
462
462
462
465
462
462
462
462
462
462
457
462
462
462
462
462
462
462
462
547
547
545
544
543
542
542
541
540
539
539
537
536
536
535
535
534
534
534
533
532
532
532
531
531
530
530
530
529
529
529
529
528
528
528
527
527
528
528
527
527
526
526
526
526
526
525
526
525
526
525
525
525
525
525
525
525
525
525
525
525
525
525
525
447
447
450
452
453
455
455
455
457
457
461
461
458
458
458
459
459
459
459
459
459
459
459
460
460
460
460
460
460
460
460
460
460
460
460
460
459
460
460
461
461
461
461
461
461
461
461
461
461
461
461
461
461
461
461
461
461
461
462
461
462
461
461
461
549
549
547
546
545
545
543
542
540
540
539
538
538
537
537
536
536
536
534
534
534
533
533
532
531
532
531
534
530
530
530
529
529
529
529
529
528
528
528
528
527
527
527
527
527
527
527
526
526
526
526
526
526
525
525
525
525
525
525
523
523
525
525
525
446
444
446
449
449
452
454
455
455
457
457
457
457
457
457
458
458
458
458
458
458
459
459
462
459
459
459
459
459
459
459
460
460
460
460
460
460
460
460
460
460
461
461
460
460
460
460
460
461
460
460
460
461
461
461
461
461
461
461
460
453
453
461
461
550
550
547
546
546
545
544
543
542
542
540
540
540
540
538
537
537
535
535
535
533
533
533
532
532
532
532
532
531
531
530
530
530
529
529
529
529
528
528
528
528
528
528
528
527
527
527
526
527
527
527
527
526
526
526
526
526
526
526
526
526
526
525
525
447
447
447
449
452
453
453
453
454
454
454
455
456
456
456
457
457
457
457
458
458
458
458
458
458
458
458
458
461
458
459
459
459
459
459
459
459
459
459
459
460
460
460
460
460
460
460
459
459
460
461
461
461
461
461
460
450
450
460
461
461
461
461
461
550
550
549
548
546
546
544
543
543
542
542
542
541
539
539
538
538
537
536
536
535
535
535
537
534
532
532
532
532
531
531
530
530
529
529
529
529
529
529
528
528
532
532
533
529
527
527
527
526
526
526
526
526
526
526
526
527
527
526
525
525
526
526
526
438
438
445
448
449
452
454
453
453
453
454
454
455
455
456
456
456
456
457
457
457
457
457
457
458
457
458
458
458
458
459
459
459
459
459
459
459
459
459
459
459
459
460
460
460
460
460
460
460
460
460
460
460
460
460
460
460
460
461
461
461
461
461
461
545
545
541
538
536
534
532
531
528
528
528
527
527
526
525
525
525
523
523
525
525
525
525
525
525
525
525
525
525
525
525
525
525
525
525
525
525
525
526
526
526
526
526
525
526
525
525
525
525
533
533
526
526
525
525
525
525
525
525
525
524
524
525
525
440
440
443
445
448
450
451
451
454
455
455
455
456
457
457
458
459
459
459
459
459
459
459
459
461
461
461
461
461
451
462
462
462
462
462
462
463
463
463
463
462
463
464
464
457
457
464
465
465
464
464
465
465
465
465
465
465
466
466
466
466
466
466
466
550
550
549
547
545
544
542
540
540
538
537
537
536
535
533
532
532
531
531
530
529
529
528
527
527
527
530
530
525
525
525
530
530
524
524
524
524
523
523
523
523
523
523
523
523
523
523
522
522
522
523
522
523
523
523
522
522
522
523
523
523
523
523
522
438
438
441
443
445
447
450
451
451
452
453
453
454
455
455
456
457
457
457
457
458
459
462
459
459
459
459
459
460
460
460
460
460
461
461
461
463
464
464
461
461
462
462
462
463
463
463
463
463
463
463
463
463
464
464
464
464
465
465
466
466
466
466
466
552
552
548
548
548
545
542
542
541
540
538
530
535
534
534
533
532
532
532
530
530
529
529
527
527
526
526
526
525
525
524
524
524
523
529
523
528
523
522
522
522
507
522
522
522
522
522
522
522
522
522
521
521
521
521
521
521
521
521
521
521
521
521
521
432
432
442
442
442
445
447
447
448
450
451
451
451
453
454
455
456
456
456
457
457
457
458
458
459
460
459
459
459
460
460
460
460
460
461
461
461
461
462
462
462
462
462
462
463
463
463
463
463
464
478
478
464
464
465
465
465
465
465
465
465
466
466
466
544
551
551
548
547
547
544
544
542
540
539
538
536
535
534
533
532
531
530
529
529
528
527
526
527
526
525
525
525
524
524
523
523
523
522
522
522
522
522
521
521
521
520
520
520
520
520
520
520
520
520
520
519
519
519
519
519
519
519
519
519
519
519
519
435
435
438
440
442
444
448
448
448
449
449
450
452
453
454
454
454
454
454
456
457
457
458
458
458
456
459
458
459
459
460
459
457
457
461
461
461
461
461
461
462
466
462
463
462
463
463
463
463
463
464
464
464
464
465
465
465
465
465
466
466
466
466
466
555
555
551
548
546
544
544
543
541
540
540
537
537
539
539
532
531
530
530
530
529
529
528
527
526
526
526
524
524
523
523
522
522
522
521
521
521
521
521
521
520
520
520
519
519
519
519
519
519
519
519
520
519
519
518
518
518
518
518
519
519
518
518
518
435
435
438
438
440
443
445
446
447
449
450
451
452
453
453
454
455
455
457
457
457
458
458
458
458
458
459
459
459
460
460
460
461
461
461
461
462
462
462
462
462
463
463
463
463
464
464
464
464
464
464
464
464
465
465
465
466
466
466
466
466
466
467
467
542
542
537
532
530
525
524
522
520
519
519
518
518
518
517
517
517
517
516
517
517
517
517
517
517
516
516
517
517
517
517
516
516
516
517
517
516
516
516
516
516
515
515
515
515
515
515
513
513
515
515
515
515
515
515
515
514
514
514
514
514
514
515
514
443
443
444
447
447
451
457
460
459
460
460
462
463
464
465
465
466
467
467
468
468
468
468
469
469
469
469
469
470
470
470
470
470
471
471
471
467
467
470
471
471
471
471
471
471
471
471
471
471
471
471
471
471
471
471
471
471
465
465
472
472
471
471
471
541
541
538
533
530
530
530
526
525
523
523
521
523
519
517
517
517
516
515
514
514
514
513
513
513
513
513
513
513
512
513
512
512
512
512
512
512
512
512
512
512
512
512
512
511
511
511
511
511
511
512
511
511
511
511
511
511
511
512
512
511
511
509
511
444
444
447
450
454
457
457
459
459
460
463
463
464
465
466
466
466
467
468
469
469
469
469
470
471
471
471
471
471
471
471
472
472
475
475
472
472
472
472
472
473
473
473
477
477
473
473
473
473
473
473
473
473
473
473
473
473
473
473
473
473
473
474
474
539
539
536
532
531
528
528
527
523
520
518
516
516
516
515
514
513
512
512
512
511
511
511
511
510
510
510
510
510
510
510
510
509
510
509
510
509
509
509
509
509
509
508
508
508
509
509
509
509
509
509
509
509
509
509
509
509
509
509
509
509
509
509
509
448
448
451
454
454
456
460
462
463
464
465
466
467
468
468
469
469
470
470
470
471
471
471
472
472
472
473
473
473
473
474
474
474
474
474
474
474
474
474
474
474
474
475
475
475
475
475
475
475
475
475
475
475
475
475
475
475
475
475
475
475
475
475
475
525
534
534
531
531
526
525
523
522
520
518
517
515
513
513
513
512
512
512
511
511
511
510
509
509
509
509
509
509
509
509
508
508
508
508
508
503
509
508
508
508
508
508
508
508
508
508
508
508
507
507
507
507
507
507
507
507
507
507
507
508
508
508
508
450
450
452
455
457
459
460
463
463
465
466
467
468
468
468
469
470
471
471
471
472
473
473
473
474
474
474
474
474
474
474
474
474
475
475
475
475
475
475
475
475
475
475
476
476
476
476
476
476
476
476
476
476
476
468
476
468
474
474
476
476
476
475
475
537
537
535
531
530
527
525
525
524
518
518
517
515
515
514
514
512
511
511
510
510
510
510
509
509
509
509
509
508
508
508
508
508
508
508
508
508
507
507
507
507
508
507
507
507
507
508
508
508
507
507
507
507
507
507
507
507
507
507
507
507
507
507
507
450
450
456
458
458
461
462
462
462
464
467
467
468
468
468
469
471
471
471
471
471
472
472
473
473
473
474
474
474
474
474
475
475
475
480
480
476
475
475
475
476
476
476
475
475
475
476
476
477
477
476
476
476
476
476
476
476
476
476
476
476
476
476
476
