258
268
275
280
285
290
290
293
296
297
300
303
305
305
307
309
309
311
312
313
315
314
315
317
318
319
319
320
320
320
321
322
322
322
324
324
325
326
326
326
327
328
331
329
335
330
330
329
329
331
331
332
332
332
332
333
333
333
333
333
334
334
334
334
492
541
582
615
640
659
675
688
699
707
714
714
714
708
708
703
703
698
696
696
694
691
688
686
685
685
683
681
680
678
676
675
673
673
671
669
668
667
667
666
665
665
664
664
662
662
662
660
659
657
659
658
658
657
657
657
657
656
656
655
655
655
655
655
190
190
211
211
215
225
230
235
241
246
250
254
259
263
267
268
270
275
278
280
281
286
288
289
292
295
297
299
299
300
303
304
307
308
310
311
312
313
315
316
317
317
318
318
320
321
321
322
322
323
324
324
325
326
327
327
326
326
328
328
329
328
327
327
481
527
568
601
625
645
661
677
689
701
705
705
709
714
714
706
703
699
699
699
695
694
691
689
687
685
683
681
679
677
676
674
673
671
670
669
668
666
666
666
665
663
663
661
660
660
660
658
658
658
658
657
657
657
657
655
655
655
655
656
655
655
654
654
182
182
199
208
216
221
223
232
236
243
250
252
256
260
263
268
271
272
278
278
280
283
286
289
290
292
294
296
300
302
300
302
305
306
308
311
311
311
314
315
315
317
317
318
319
320
320
320
321
322
324
324
324
325
325
325
326
326
327
328
327
328
328
330
501
550
592
626
641
648
660
673
685
695
703
705
709
714
714
706
705
704
699
697
697
695
693
690
687
685
683
680
679
676
675
672
671
671
668
668
667
666
662
662
662
662
661
661
660
659
659
658
658
658
657
657
656
656
655
655
655
655
654
654
653
653
653
653
186
186
198
207
214
221
226
229
237
242
251
262
259
262
267
270
271
271
272
277
279
279
285
285
289
291
293
296
297
299
301
303
304
306
307
309
310
311
315
315
315
315
317
317
318
319
319
319
321
321
322
322
323
324
325
325
326
327
327
327
327
328
328
329
490
540
581
613
639
659
673
687
697
703
707
712
712
712
715
711
711
706
703
700
700
695
692
690
687
685
683
681
677
675
673
672
672
670
670
668
667
665
665
664
664
662
662
660
660
660
659
657
655
656
652
655
655
656
656
655
655
654
653
653
653
653
652
652
185
185
195
205
213
220
226
231
238
239
246
250
254
261
264
264
267
271
272
275
279
281
284
286
287
291
293
297
302
302
302
303
303
305
307
308
310
312
313
313
313
316
316
317
318
319
319
320
320
321
322
323
323
323
324
325
326
326
326
327
327
328
328
328
503
552
593
626
650
671
682
684
684
689
693
695
695
695
714
714
707
703
702
701
697
695
693
689
688
685
683
681
679
677
673
672
672
671
670
669
666
665
664
664
663
662
662
660
659
659
659
658
657
657
656
656
655
655
655
655
655
653
653
653
653
653
654
654
185
185
187
206
211
220
230
233
236
241
246
253
253
258
260
263
267
273
273
278
279
281
281
286
288
290
292
295
296
299
302
304
304
305
305
308
309
309
312
314
315
315
315
317
318
318
319
320
321
321
321
322
322
322
324
325
325
325
323
325
326
326
328
329
676
691
691
673
663
658
651
651
649
648
647
647
646
646
643
643
644
644
644
643
643
643
643
643
643
643
643
642
642
642
642
641
639
638
639
639
639
639
642
642
640
640
640
640
640
640
640
640
640
640
640
640
639
639
639
639
639
639
639
639
639
639
639
639
221
221
239
258
263
273
280
285
290
293
296
300
304
305
305
307
308
313
314
314
314
315
317
318
320
320
321
323
324
324
325
328
329
329
329
330
331
332
332
334
334
335
336
336
336
336
338
338
339
340
340
340
340
339
339
342
342
342
342
343
342
344
344
344
684
701
701
701
701
695
687
683
678
674
670
669
667
665
663
662
661
661
658
657
656
655
654
654
653
652
652
647
647
648
648
648
647
647
647
645
645
644
644
643
643
642
642
642
641
641
640
640
641
641
641
640
640
640
641
641
641
640
639
639
639
639
639
639
223
223
246
252
263
271
278
284
288
291
296
298
299
302
302
307
307
309
312
314
314
315
318
318
318
318
324
324
325
325
326
327
328
329
330
335
335
335
335
335
336
337
337
338
338
339
339
340
340
341
342
342
342
342
343
344
344
344
345
345
345
346
346
346
677
728
728
701
697
693
690
684
680
676
674
671
669
667
666
664
664
660
659
659
657
656
656
655
655
654
652
651
650
650
648
648
648
647
644
646
646
646
645
645
645
645
644
644
643
643
642
642
642
642
641
641
641
640
640
640
640
640
640
640
639
639
639
639
222
222
238
251
259
270
277
287
287
290
295
295
299
301
302
303
307
308
308
312
314
316
317
317
317
320
320
322
323
323
324
326
326
328
330
331
332
334
334
334
336
336
336
337
338
338
339
339
339
340
339
340
342
342
343
343
344
344
344
344
344
345
346
346
704
704
706
706
706
699
691
686
681
680
675
672
670
668
667
665
664
662
661
660
657
656
656
655
655
653
653
652
652
650
649
649
648
648
648
646
646
646
647
645
645
645
644
644
644
644
643
642
643
642
642
642
642
642
642
641
640
640
640
640
641
640
640
640
202
202
237
250
260
270
277
282
282
285
293
296
298
301
303
303
304
307
309
309
314
315
315
315
316
320
321
323
323
325
326
326
327
329
330
330
331
332
333
334
334
335
336
336
344
339
339
339
340
340
340
342
342
343
343
344
344
344
345
346
346
346
347
347
698
725
725
701
699
695
692
682
682
679
676
674
671
669
665
664
664
662
661
659
659
656
656
656
657
655
654
652
652
651
650
649
649
649
648
647
646
646
646
646
646
645
644
643
643
642
642
642
642
642
641
641
641
641
641
641
640
640
637
637
640
640
639
639
222
222
236
251
261
269
280
282
286
289
293
295
298
300
301
304
304
306
309
311
313
314
315
316
319
321
321
321
323
327
327
332
332
332
331
331
332
333
333
334
335
335
336
337
339
339
340
340
340
341
341
341
342
343
343
343
345
345
345
346
346
346
346
347
686
686
673
664
656
655
653
652
648
646
644
643
642
640
639
639
639
639
638
638
638
638
638
637
636
636
637
637
637
636
636
636
636
636
636
636
636
636
636
636
636
636
635
635
635
636
636
636
635
636
636
636
636
636
636
636
636
636
636
636
636
636
636
636
251
251
262
271
276
281
284
287
290
291
293
296
299
300
303
304
306
309
310
310
313
313
315
316
320
322
322
324
326
334
334
334
334
342
342
338
338
338
339
341
342
341
344
344
345
346
347
348
349
349
349
351
351
351
352
352
352
353
354
355
355
355
355
357
724
724
701
685
685
679
675
673
669
667
665
660
660
659
657
656
655
653
652
651
651
649
648
648
647
646
645
645
645
644
644
643
643
642
642
642
642
641
641
641
641
641
640
639
639
639
640
640
640
639
639
639
639
639
639
638
638
638
638
638
639
639
639
639
251
251
259
269
274
278
281
286
289
291
292
296
296
298
299
302
304
304
307
303
309
315
317
317
319
319
322
323
323
325
326
332
332
336
338
339
339
340
341
343
345
345
349
349
349
349
351
351
352
352
353
355
355
355
357
359
364
364
360
360
360
360
360
361
714
714
703
694
688
683
679
675
671
668
666
665
662
657
657
657
656
653
652
652
651
650
650
648
647
647
647
645
644
644
643
643
643
642
642
641
641
641
640
640
639
639
639
637
638
638
638
640
639
640
639
637
637
637
638
637
638
638
638
639
637
638
637
636
244
244
265
271
276
281
285
287
291
291
293
296
297
299
301
303
304
306
310
311
311
313
315
317
317
318
322
322
326
326
328
333
334
334
337
338
340
346
346
345
345
347
348
349
349
349
353
353
354
355
356
357
358
358
358
359
359
360
360
361
361
362
362
363
695
705
695
695
689
683
680
674
672
667
666
666
664
660
659
657
656
653
653
653
651
651
649
648
648
647
646
645
645
643
643
642
642
641
641
641
640
639
639
639
639
639
639
639
639
639
637
637
637
637
637
634
634
637
637
637
637
636
636
636
636
635
635
635
251
251
261
270
275
280
284
285
288
292
294
295
298
300
301
303
303
306
306
309
312
312
314
316
317
320
321
323
325
325
325
328
332
334
336
337
340
340
343
345
346
347
348
350
352
352
353
354
359
356
357
357
357
359
359
359
360
361
361
361
362
363
363
364
689
703
696
696
689
686
681
676
676
668
667
666
662
662
660
658
657
656
654
653
652
651
648
648
647
646
646
646
646
645
643
643
643
642
642
640
622
639
639
639
639
635
635
636
637
636
636
635
635
634
633
633
633
634
633
630
630
631
632
632
632
631
631
631
254
254
267
280
283
284
284
287
291
295
296
299
299
300
305
305
307
308
310
311
312
314
317
318
320
322
324
325
330
332
332
338
338
338
340
341
341
345
347
347
349
351
351
351
353
354
355
356
357
357
357
357
360
361
361
361
362
362
363
363
363
363
365
365
675
675
668
657
651
647
646
641
638
637
634
633
633
633
632
632
632
632
632
630
630
630
631
631
631
631
631
631
631
631
631
631
631
631
631
627
627
627
627
621
621
621
620
615
615
614
612
612
613
613
612
612
610
609
606
605
605
610
610
610
610
610
611
612
279
279
289
298
299
299
304
304
314
314
317
324
327
327
329
333
338
343
345
347
350
351
353
355
357
359
362
362
362
362
364
364
366
367
367
371
371
371
371
374
374
374
374
375
375
376
377
377
378
379
379
380
380
381
381
382
382
383
383
383
383
383
384
384
698
698
685
663
661
655
649
645
642
639
638
636
633
632
630
630
630
627
624
623
623
621
618
618
618
618
618
616
616
616
616
615
615
616
616
615
615
615
614
614
614
613
613
613
611
611
611
611
612
612
609
609
609
609
609
609
609
609
609
609
609
608
608
608
271
271
284
290
297
304
309
313
316
317
321
324
329
331
331
337
341
343
343
348
354
358
360
360
363
365
366
371
374
376
377
377
377
379
379
379
379
380
380
381
381
380
380
382
382
382
383
383
383
384
384
384
384
384
385
384
384
384
384
385
385
385
385
385
703
703
682
675
666
655
651
648
644
644
641
638
635
634
634
632
632
629
628
627
625
624
623
621
621
621
619
617
615
615
615
614
614
614
614
613
612
612
612
612
612
611
611
611
611
611
610
610
610
610
610
610
609
609
608
608
608
608
608
608
608
608
608
608
259
259
273
281
288
295
296
302
303
307
309
309
311
318
319
323
326
329
334
338
338
341
343
347
353
354
356
358
358
360
364
365
367
368
368
369
370
372
372
372
373
374
376
375
376
376
376
377
378
378
379
379
378
378
378
379
379
380
380
380
379
379
379
380
711
711
696
684
676
673
663
658
655
652
649
647
643
642
639
638
638
636
633
629
628
628
625
622
621
620
619
617
617
616
615
615
613
612
611
611
610
609
609
609
610
610
608
608
607
606
607
606
606
606
606
606
606
606
605
605
605
605
605
605
605
605
605
605
258
258
271
278
283
285
292
296
299
301
303
308
311
314
316
317
321
324
328
331
335
337
340
343
343
349
354
354
356
359
359
361
363
365
366
367
367
368
370
377
377
373
373
375
375
375
376
377
377
378
378
378
378
379
379
379
379
379
379
380
381
382
381
381
709
709
695
683
674
668
663
657
657
657
652
651
648
646
645
640
637
632
631
631
626
624
623
621
620
616
615
614
611
611
611
610
609
609
609
610
608
608
607
607
607
606
605
605
605
605
605
605
604
604
604
604
604
604
604
604
604
604
604
604
604
604
604
604
257
257
276
285
285
289
291
296
299
301
304
307
310
312
316
319
321
324
328
331
334
337
342
345
346
352
355
355
357
360
362
364
364
365
365
367
369
370
371
371
372
374
376
376
377
377
377
378
378
379
379
379
379
379
379
379
380
380
380
380
380
380
380
380
