267
282
292
295
295
299
304
304
309
311
311
312
315
320
320
320
320
320
322
323
323
326
326
326
326
328
329
329
330
331
331
331
332
332
332
333
334
335
336
336
336
336
337
337
337
337
338
339
339
339
337
339
340
340
340
341
341
342
342
342
342
343
343
343
774
774
761
752
746
742
735
731
727
723
720
716
712
708
701
700
698
695
694
691
687
685
685
681
679
679
679
678
678
674
672
672
669
669
669
669
665
665
665
664
662
662
661
660
659
659
659
659
658
658
657
658
656
660
656
655
655
654
654
653
654
653
651
651
201
201
211
224
230
235
241
248
253
257
262
267
271
272
280
284
284
286
289
293
294
296
298
300
303
306
307
308
310
312
312
313
317
318
319
320
321
321
323
325
325
326
326
329
330
330
331
331
332
333
333
333
333
335
335
335
336
336
337
337
339
339
339
341
777
777
768
750
744
743
738
735
729
720
719
717
713
710
704
702
701
698
695
693
690
688
686
684
684
684
680
676
674
672
674
672
670
668
667
665
665
663
663
663
660
660
660
659
659
660
660
660
658
656
655
655
655
655
655
653
653
652
652
652
651
651
651
651
199
199
211
220
227
231
239
245
249
254
254
259
267
269
271
277
279
282
285
287
291
295
296
295
296
301
303
310
310
315
315
313
313
317
317
317
321
322
325
325
325
328
324
328
327
328
329
330
331
331
332
333
333
334
334
335
335
336
337
337
337
337
338
339
774
774
756
748
744
743
739
734
729
725
721
717
714
712
710
704
698
698
697
696
688
682
684
682
682
678
676
676
674
674
673
672
670
667
666
664
663
663
661
661
660
659
659
657
657
657
655
655
655
655
654
653
653
653
652
651
651
651
651
651
651
649
649
649
197
197
209
222
226
234
238
243
249
254
257
260
265
266
271
273
281
281
285
289
289
289
294
295
299
303
305
305
307
311
311
311
311
317
318
318
318
321
321
322
325
325
323
323
326
327
329
329
331
331
331
333
333
334
334
335
335
336
337
337
337
343
343
341
777
777
765
756
749
747
739
733
730
726
721
717
714
710
707
704
699
696
696
690
689
688
686
684
682
680
678
673
673
673
671
671
668
667
665
664
663
661
660
660
659
658
658
657
657
655
655
655
654
654
653
653
652
652
652
650
651
650
650
650
650
648
649
648
195
195
219
219
225
231
236
241
248
252
256
261
271
279
279
279
279
280
283
286
288
291
293
296
298
299
302
304
305
307
310
311
313
316
316
316
318
319
320
323
323
323
323
325
326
327
327
329
330
330
331
332
333
333
333
334
334
335
336
336
336
337
338
341
773
773
766
756
749
744
739
734
730
728
719
717
713
712
707
704
702
700
699
694
691
689
689
686
682
675
675
675
673
672
672
670
668
667
665
665
663
663
664
664
659
657
655
656
655
655
655
654
653
653
653
652
652
652
651
650
649
649
649
649
648
648
648
648
195
195
203
216
226
229
230
246
248
248
255
261
264
267
270
274
275
280
283
285
287
288
292
295
297
300
304
305
305
308
311
311
313
313
316
317
318
318
318
319
320
330
330
326
326
327
327
328
328
328
330
332
332
332
334
335
341
336
336
336
337
337
337
340
704
704
684
664
660
655
649
642
641
641
642
642
642
642
640
640
640
640
640
639
639
639
639
640
640
639
639
638
638
638
638
638
638
638
638
638
638
638
638
639
639
637
637
637
637
637
637
637
637
637
637
637
636
637
636
635
635
635
636
636
636
636
636
636
241
241
248
260
269
278
290
291
295
299
302
307
310
312
312
317
317
319
321
321
324
326
328
329
329
333
334
334
335
336
336
338
339
341
343
343
343
343
344
345
345
345
346
347
348
349
349
349
350
350
351
351
352
352
352
353
353
353
354
354
354
361
361
356
696
701
720
701
699
690
682
677
673
669
666
663
662
659
657
655
655
654
652
651
649
649
648
647
647
645
643
643
643
643
642
641
640
640
640
640
639
638
638
638
637
637
637
636
637
636
635
635
635
635
633
632
633
632
632
632
633
634
633
633
633
633
633
633
232
232
247
258
269
277
284
291
295
298
301
305
311
313
314
314
317
321
322
322
324
326
329
330
330
332
332
333
335
336
337
337
339
342
342
342
343
344
344
347
348
349
349
349
349
349
351
353
353
353
354
354
354
355
356
355
357
357
357
358
358
358
358
359
684
711
711
702
700
690
683
678
675
671
667
664
663
659
657
657
656
654
653
652
651
649
648
648
648
646
644
643
643
643
642
641
640
640
640
639
638
638
637
637
636
636
636
636
636
634
634
634
634
633
632
633
632
632
632
632
630
630
631
631
631
631
631
631
231
231
246
258
272
281
284
287
294
295
304
309
309
312
312
316
320
321
321
321
324
325
326
330
331
331
332
334
334
336
338
339
339
340
342
342
342
344
345
346
348
348
349
350
351
351
352
352
353
353
354
355
355
356
356
357
357
358
358
358
358
358
359
359
702
715
715
706
701
691
685
678
673
670
668
665
663
661
659
657
656
653
651
651
651
650
649
647
647
646
644
644
644
643
642
641
641
640
639
639
638
638
637
636
636
634
634
634
634
633
633
633
633
632
632
631
632
632
632
632
632
631
633
630
631
630
630
630
227
227
246
259
270
275
281
283
294
302
302
305
307
309
312
316
319
319
319
320
322
325
326
327
328
331
331
332
335
336
337
338
339
340
341
342
344
344
345
346
347
347
349
350
350
351
352
353
353
353
355
355
356
356
356
358
358
356
356
359
359
360
360
360
703
718
718
715
701
691
683
678
673
670
668
661
660
660
658
656
654
654
654
651
650
648
648
647
646
645
644
643
643
643
641
640
639
637
637
637
637
637
636
636
635
635
634
634
634
633
633
632
632
631
631
631
631
631
630
630
630
629
630
630
630
629
629
629
231
231
250
256
269
277
283
290
291
300
303
305
309
310
313
315
318
320
321
322
325
325
328
329
330
331
332
333
334
337
338
338
341
342
342
343
343
343
347
347
347
349
349
350
352
352
351
351
352
352
356
355
356
355
356
358
359
359
359
360
361
361
361
361
680
680
663
656
645
641
639
639
639
634
633
631
630
630
629
628
627
627
627
627
626
626
626
626
626
626
626
626
626
626
626
626
626
626
626
626
626
626
626
626
626
626
625
625
626
626
626
626
626
626
627
628
629
628
627
627
627
627
627
627
627
627
627
627
259
259
271
280
285
290
295
298
301
304
307
308
311
312
312
316
317
320
322
324
326
327
330
332
333
335
337
341
342
342
344
346
348
350
351
353
354
355
355
357
358
360
360
361
362
362
363
364
364
365
366
366
366
367
367
365
365
367
368
369
369
369
369
370
704
704
687
680
671
665
661
658
656
654
652
650
648
648
646
646
643
641
640
640
640
638
638
638
635
635
634
633
633
632
632
631
630
630
630
629
628
628
628
627
627
627
627
626
626
626
626
626
625
626
625
625
625
625
625
624
624
624
625
625
625
625
624
624
261
261
273
282
286
290
294
296
304
304
307
309
311
312
315
317
319
321
323
323
328
331
332
334
334
335
342
342
343
346
349
350
352
354
356
358
359
359
359
361
362
363
364
364
366
366
367
368
367
368
369
369
369
370
370
371
371
371
371
372
372
373
372
372
708
708
690
679
673
668
663
660
657
655
653
653
652
648
646
645
643
642
640
639
638
637
637
636
636
634
633
632
631
631
631
630
629
628
628
627
627
627
626
626
625
625
625
624
624
624
624
624
624
624
623
623
623
623
623
623
623
623
623
623
622
619
619
619
265
265
274
280
287
290
292
299
302
303
308
309
311
311
312
319
324
323
323
323
327
329
331
333
333
338
339
339
344
346
348
350
352
354
355
356
359
360
361
363
364
364
365
367
367
367
368
368
368
368
371
371
371
371
371
372
373
373
373
373
374
374
374
375
713
713
691
680
667
665
664
662
660
656
653
651
650
647
650
647
644
643
642
641
640
637
638
637
636
635
633
632
631
631
630
629
622
627
627
627
627
626
626
625
625
625
624
624
624
624
624
623
623
623
623
623
623
622
622
622
622
622
621
621
621
622
622
621
260
260
273
283
285
291
298
300
301
304
306
311
311
311
313
316
316
321
321
324
327
327
329
333
335
338
339
339
340
346
351
353
353
353
357
359
359
361
362
363
365
365
366
367
368
368
368
367
371
372
372
372
374
374
375
374
375
375
376
376
376
377
377
378
705
705
679
679
672
667
662
659
654
653
652
651
648
647
645
643
641
639
638
637
636
633
633
633
632
631
629
629
629
628
627
627
626
626
626
626
625
624
624
623
623
622
622
622
622
622
621
621
620
620
620
620
620
620
619
619
619
620
619
619
619
619
619
619
261
261
279
283
287
292
296
300
303
305
309
311
311
311
311
321
322
322
323
323
323
336
336
333
333
338
340
342
344
346
350
350
350
354
354
355
361
362
362
365
366
366
367
367
367
370
370
370
372
372
372
373
374
374
374
375
376
376
376
376
377
377
377
378
660
660
651
645
640
638
633
629
627
625
624
623
622
621
620
619
616
616
617
617
617
617
618
618
618
617
617
617
619
619
620
620
620
620
620
620
620
620
620
620
620
620
620
620
620
619
619
619
619
619
619
619
619
618
617
617
617
617
616
616
616
616
616
615
265
265
271
283
289
294
296
300
303
303
307
310
311
315
317
319
319
323
332
332
332
336
343
347
350
352
354
354
362
362
362
364
366
367
369
369
370
371
372
373
374
375
375
375
376
378
378
379
380
380
380
381
382
382
382
383
383
383
384
385
385
385
384
385
694
694
681
671
665
660
656
654
652
650
648
648
646
644
642
642
642
642
642
640
637
636
634
634
632
632
631
628
627
626
624
624
624
623
621
621
621
620
619
618
618
618
617
613
615
613
614
613
612
612
612
611
610
610
610
609
609
609
609
608
607
607
606
606
260
260
271
278
286
287
291
293
295
298
301
305
306
307
310
314
315
320
325
325
332
337
342
346
350
353
355
356
360
363
364
367
367
368
369
372
372
373
374
374
375
376
376
377
379
379
379
380
381
382
382
382
382
382
382
383
384
384
383
383
383
385
385
385
698
698
691
681
675
666
666
664
660
658
657
654
653
651
638
647
646
646
644
644
641
640
637
634
632
632
628
625
623
623
619
619
619
618
617
616
615
614
613
613
612
612
611
609
609
609
607
607
607
607
606
605
605
604
604
604
604
604
603
603
603
602
602
602
265
265
269
275
281
283
288
290
292
295
298
299
300
303
307
312
313
317
321
328
332
332
336
338
349
355
359
359
363
365
365
366
368
369
369
371
372
372
373
375
376
376
377
377
377
379
380
380
380
380
381
382
382
383
383
383
383
383
383
384
384
384
385
385
714
714
695
686
675
673
671
667
666
664
662
659
658
656
654
652
651
648
647
645
643
639
635
634
631
628
627
624
622
620
619
618
617
615
614
613
612
611
611
610
609
608
608
607
607
606
606
605
604
604
604
604
603
603
602
602
602
601
601
601
601
601
601
601
256
256
263
272
279
282
284
288
289
293
295
297
299
302
307
310
310
315
319
328
333
333
337
342
347
350
354
356
361
362
363
365
366
368
369
370
370
372
373
374
376
378
379
380
380
381
381
383
383
383
385
385
385
385
385
385
385
386
386
386
386
386
386
386
703
703
696
692
676
675
672
670
665
662
660
656
655
655
653
651
649
647
645
644
639
638
636
631
626
624
621
620
619
616
615
613
612
611
610
609
609
607
606
606
606
605
606
605
605
604
604
603
602
602
601
601
601
601
601
601
601
601
601
602
601
600
600
601
256
256
264
273
278
282
286
290
294
294
294
297
300
302
305
308
312
319
321
326
330
335
340
345
349
353
356
359
362
363
367
367
369
370
371
371
373
374
375
376
376
377
377
377
378
379
379
379
381
381
382
382
383
382
382
382
383
384
384
384
383
383
384
384
