288
295
299
305
310
312
315
315
317
321
322
323
324
325
326
328
330
331
332
331
332
334
335
335
342
342
339
339
340
340
341
342
342
342
343
343
344
344
345
345
345
346
345
347
347
347
347
348
349
349
349
350
350
350
350
351
351
351
351
351
351
355
355
353
751
751
743
734
722
719
719
714
710
706
700
698
695
694
688
688
687
683
681
678
677
676
672
672
671
669
668
666
665
664
664
663
661
659
659
658
657
656
654
654
654
653
652
651
650
650
649
648
648
647
647
647
645
644
643
643
643
642
642
641
641
640
640
640
223
223
233
242
247
254
260
264
270
274
280
281
284
287
290
293
296
298
300
300
302
304
308
310
311
313
315
317
318
319
321
323
323
325
327
327
329
331
332
333
335
335
335
336
337
339
340
341
341
341
342
343
343
343
345
345
346
345
346
346
348
348
348
348
755
755
744
736
729
724
720
715
711
707
704
700
697
695
694
689
687
684
683
680
678
675
674
671
670
671
670
666
664
658
658
658
658
659
660
659
657
654
650
650
650
650
649
649
647
646
646
646
644
644
644
643
643
643
642
642
642
640
640
640
640
640
640
638
220
220
231
239
246
252
262
265
266
271
277
277
281
287
289
289
291
294
296
298
301
304
305
308
308
310
312
315
316
317
318
319
322
323
323
326
328
329
329
331
333
334
335
336
341
340
340
340
344
344
341
341
343
343
344
345
345
345
345
346
349
352
352
352
730
742
730
729
729
724
721
711
711
708
704
704
702
694
692
689
687
685
682
679
678
676
675
672
672
669
668
667
665
663
661
660
659
654
654
655
655
653
652
651
651
648
648
648
648
646
645
644
644
643
643
642
641
640
640
639
639
639
638
638
638
638
637
637
219
219
230
239
243
251
256
261
265
269
273
277
280
283
285
288
290
292
294
297
299
302
304
305
307
309
313
313
313
316
319
321
321
323
324
327
328
328
332
332
332
333
334
336
337
338
339
339
339
339
341
341
342
342
343
343
343
343
345
346
346
347
347
347
748
748
745
736
730
724
720
715
708
707
704
700
697
692
688
687
685
685
683
680
678
677
674
672
669
668
668
665
665
663
661
659
658
657
656
654
654
652
651
650
648
647
647
646
645
645
643
643
642
642
641
641
640
640
639
639
639
638
638
637
637
636
636
636
218
218
233
238
244
255
260
260
264
269
272
275
279
281
283
286
287
291
294
297
297
301
302
304
307
308
310
310
312
317
318
321
321
322
323
324
327
328
328
329
331
332
334
334
336
337
337
339
340
340
340
340
342
342
339
337
337
344
345
345
345
346
346
347
755
755
745
737
730
729
719
714
711
704
702
700
697
692
692
692
686
681
681
681
678
676
674
673
671
667
665
666
665
662
662
661
658
658
657
653
653
652
651
649
647
647
647
646
645
644
643
643
642
641
641
641
640
639
638
638
638
637
637
637
637
637
636
636
200
200
229
238
244
249
255
257
264
271
273
275
284
284
284
286
291
292
294
296
298
303
304
303
304
303
308
311
315
320
318
320
320
321
323
326
327
327
327
328
328
332
334
335
335
336
337
337
338
339
340
340
341
342
342
342
344
344
344
344
344
345
346
347
689
689
673
659
648
642
638
635
633
632
630
630
629
628
628
628
627
627
626
626
626
626
626
626
625
625
625
625
625
625
624
624
625
625
624
624
623
623
623
623
623
623
623
623
623
623
623
623
623
622
622
622
622
622
622
622
618
618
622
622
621
621
621
621
251
251
265
279
283
293
296
301
307
312
317
318
321
323
325
327
328
329
331
333
333
336
337
338
339
339
339
339
344
344
344
347
348
349
349
350
351
351
352
353
353
354
355
355
355
356
357
357
358
361
359
360
360
360
360
361
361
361
361
362
362
362
362
363
723
723
709
698
689
682
676
670
663
659
654
651
648
647
646
644
642
640
638
634
634
636
636
634
634
633
632
631
628
628
630
630
630
630
628
627
627
627
624
624
626
626
626
625
624
625
625
625
624
624
624
624
624
623
623
623
623
623
623
623
623
622
622
622
248
248
262
272
279
288
294
299
305
307
313
316
319
321
323
323
328
328
330
332
334
335
337
337
338
339
341
344
345
345
345
346
347
348
348
350
350
350
352
351
353
351
351
351
356
356
358
358
358
358
359
360
361
363
362
363
362
366
362
363
363
364
364
364
726
726
712
699
692
685
677
671
666
661
657
654
652
649
645
645
642
641
641
640
637
637
636
636
635
632
632
632
632
631
630
630
630
629
629
629
628
628
627
627
627
626
626
626
625
625
624
624
623
624
624
624
623
623
623
623
621
621
622
622
623
623
622
622
245
245
262
271
280
287
293
299
304
308
315
318
318
318
320
326
327
328
328
330
333
334
334
335
337
338
340
342
342
342
344
345
346
348
348
348
349
352
352
352
353
353
354
355
356
357
357
358
358
359
359
360
361
361
361
362
364
364
363
363
364
364
364
364
723
723
713
703
695
686
678
672
667
662
655
654
652
652
648
647
644
643
641
640
639
638
637
636
635
635
634
633
633
632
632
631
630
626
626
628
630
628
627
627
626
625
625
625
625
625
624
624
624
624
623
623
623
622
622
622
622
622
621
621
621
622
621
621
248
248
261
271
279
286
299
299
299
308
315
315
319
321
326
326
326
327
329
330
332
333
335
335
337
338
339
347
347
345
344
344
346
348
347
348
348
350
351
351
352
354
354
355
356
357
357
357
358
359
360
360
361
361
361
363
363
364
364
364
364
365
364
365
727
727
714
701
693
686
679
672
667
666
659
655
654
650
648
646
646
643
640
640
638
638
638
636
636
635
635
633
632
632
632
631
630
630
629
628
628
628
628
626
626
626
625
626
625
626
624
624
623
623
623
623
623
622
622
622
621
621
621
621
621
621
621
620
256
256
260
276
279
286
293
298
304
308
312
315
319
321
321
323
326
327
331
332
332
333
333
335
337
337
338
339
340
342
343
344
344
345
346
348
349
351
352
352
352
352
353
355
356
356
356
358
358
358
359
360
360
360
361
362
362
363
363
364
364
365
368
365
672
672
655
646
640
633
632
630
628
626
625
623
623
621
621
620
619
619
619
618
618
617
616
616
616
615
610
614
613
613
613
613
613
613
613
613
612
612
612
612
612
612
612
611
610
610
610
610
610
611
611
610
609
609
609
609
609
609
609
609
608
608
608
608
275
275
290
299
299
304
311
315
317
320
321
323
326
327
329
330
331
333
334
335
338
338
338
340
341
342
344
344
346
347
348
349
351
351
352
354
354
356
357
357
359
361
361
361
362
362
363
365
365
366
366
367
368
368
373
373
370
370
370
371
371
372
372
373
693
693
682
670
661
658
657
652
649
648
644
643
640
639
639
639
636
634
633
633
632
632
630
630
629
628
627
627
625
625
624
624
623
623
622
621
621
620
620
619
619
617
617
616
615
615
615
615
615
613
612
612
611
611
610
610
610
610
609
608
608
607
607
607
273
273
289
298
303
307
310
312
315
317
320
321
322
323
323
327
328
330
330
331
333
335
336
338
339
341
341
342
343
344
346
348
349
350
352
352
354
356
358
360
361
361
361
361
363
364
365
367
369
369
369
369
369
369
370
371
372
373
373
373
374
374
374
375
701
701
688
672
666
658
656
655
652
651
649
646
645
643
642
640
639
638
636
634
633
633
632
631
630
628
628
628
627
626
625
624
623
623
623
620
620
620
618
618
618
616
616
615
614
614
613
612
611
611
610
609
609
609
608
608
607
607
607
606
606
605
605
605
274
274
288
298
303
306
308
311
311
315
317
320
322
324
325
325
326
329
331
332
334
335
335
337
338
339
341
342
342
344
347
348
349
349
350
352
354
356
356
362
363
363
364
364
365
366
367
367
368
369
370
371
372
372
372
372
374
374
375
375
376
376
376
376
702
702
691
675
667
665
658
655
653
651
649
647
645
643
641
639
641
639
634
630
630
632
634
634
634
633
629
628
627
626
625
624
623
623
622
622
620
618
618
616
616
615
614
613
612
611
610
610
610
608
607
607
607
606
606
606
606
605
604
604
604
603
603
603
274
274
288
297
307
308
308
310
315
317
319
321
324
324
325
325
328
335
335
333
333
335
335
335
339
340
340
342
343
344
345
346
349
350
353
355
355
356
358
360
361
362
363
365
365
367
367
369
369
370
372
373
373
374
374
374
375
375
376
376
377
377
377
378
703
703
687
675
668
663
659
656
653
651
649
647
645
644
642
640
639
639
638
636
635
634
633
632
631
630
629
627
626
626
623
623
622
621
620
618
617
616
615
614
613
613
611
611
609
609
608
608
607
606
606
605
605
604
603
603
603
603
602
602
602
601
601
601
274
274
289
304
305
308
310
313
316
318
320
321
323
325
326
328
329
330
331
332
334
334
336
336
337
339
341
341
343
345
346
351
351
351
352
354
356
357
358
363
363
363
364
365
366
367
368
368
370
370
372
372
373
374
374
375
375
375
377
377
378
378
378
378
654
654
647
639
634
630
627
622
617
613
609
606
604
600
598
598
598
597
596
596
596
594
594
593
592
592
591
591
590
590
589
589
588
589
588
587
587
586
586
586
586
585
585
586
586
585
585
584
584
584
584
584
584
584
584
584
583
583
583
583
583
583
583
583
294
294
302
310
311
320
323
323
324
326
328
329
330
331
331
332
331
335
339
339
339
342
344
347
349
351
353
356
358
359
362
367
367
368
368
370
371
372
374
375
376
376
377
377
378
380
381
382
384
384
384
384
384
384
384
384
385
385
385
385
385
386
386
386
679
679
668
663
656
653
650
647
646
642
641
640
638
636
634
634
630
628
624
622
617
613
613
611
609
609
605
602
600
599
597
595
595
595
592
591
590
589
588
588
587
587
586
585
585
585
585
584
582
584
584
584
584
583
583
583
583
583
583
583
583
583
583
583
287
287
294
300
307
309
309
312
314
316
316
316
319
322
323
325
327
328
332
335
335
338
341
345
347
351
354
359
359
359
359
368
369
371
374
376
379
380
380
381
382
383
383
384
384
384
385
385
385
385
386
386
387
387
387
387
387
387
387
393
390
390
388
387
682
682
673
667
662
661
658
656
656
653
646
644
644
642
638
637
636
633
631
629
621
619
619
616
613
610
608
604
602
600
598
596
594
593
592
591
590
589
588
587
588
587
583
583
585
585
585
585
584
584
584
584
584
584
583
583
583
583
583
583
583
583
583
583
281
281
288
294
299
302
305
307
310
311
312
315
317
319
320
320
321
320
324
325
330
333
337
341
345
348
351
354
358
362
365
368
370
373
376
380
379
380
380
382
383
383
384
385
385
385
385
386
386
386
386
388
386
387
387
387
387
387
388
388
388
388
388
388
684
684
671
668
668
664
664
660
657
656
654
651
647
646
644
643
640
639
636
631
629
629
625
621
614
609
609
609
606
604
601
599
598
595
594
593
592
591
589
587
588
587
588
587
587
586
586
586
585
585
585
585
586
585
584
584
584
584
584
584
584
584
584
584
276
276
284
293
297
297
301
304
309
312
313
314
314
314
316
317
319
321
326
328
329
331
333
337
340
346
352
358
358
358
362
365
368
371
374
375
375
378
380
380
381
383
384
385
385
385
386
386
386
386
386
387
387
387
387
387
387
387
388
388
388
388
388
388
687
687
679
675
670
667
667
663
661
659
657
653
650
653
650
646
644
643
637
634
634
631
628
624
616
614
614
611
608
606
603
601
599
597
595
592
592
592
591
590
589
588
588
587
587
586
586
585
585
585
585
585
584
584
584
584
584
584
584
584
584
584
585
584
275
275
283
289
293
297
298
300
304
308
308
308
312
312
312
317
319
319
321
324
325
332
332
335
339
343
346
347
354
357
361
363
367
370
372
375
377
377
380
380
380
382
383
384
384
385
385
385
385
389
389
388
387
387
386
386
387
387
387
388
388
389
389
390
