480
480
480
480
480
480
480
480
480
481
480
480
480
480
480
480
480
479
480
480
480
480
480
480
480
480
480
480
480
480
480
480
479
480
480
480
480
480
480
480
480
480
481
480
480
480
480
480
480
480
477
477
480
480
480
480
480
480
479
480
479
480
480
480
530
531
530
529
528
528
527
527
527
527
527
527
526
526
526
526
526
526
526
526
526
525
526
526
526
525
525
525
527
527
527
527
524
523
523
523
523
523
523
522
522
523
523
522
522
522
522
522
522
522
522
522
522
521
521
521
521
521
521
521
521
521
521
521
443
443
448
450
451
454
455
455
456
457
458
459
460
460
460
460
460
460
464
464
461
461
461
461
461
461
460
460
462
462
462
462
462
462
462
462
462
462
462
462
462
462
462
462
462
462
462
463
462
463
462
462
462
462
462
462
461
461
462
462
462
462
462
462
547
547
545
543
542
541
540
540
538
537
536
536
536
540
540
533
533
532
532
531
530
530
530
530
529
529
529
528
528
528
528
528
528
527
527
527
527
527
526
526
526
526
526
526
526
526
526
525
525
525
525
525
527
527
525
525
525
525
524
524
524
524
524
524
441
441
444
446
449
452
453
453
454
455
455
456
457
457
458
458
458
459
459
459
459
459
460
460
460
460
461
461
461
461
461
463
463
461
461
461
462
461
462
462
462
462
462
462
462
462
463
462
462
462
462
462
462
462
462
462
462
462
462
462
456
456
462
462
548
548
545
544
544
542
540
540
539
538
538
538
536
535
535
534
533
532
532
531
529
531
530
530
530
529
529
529
528
528
527
527
527
527
526
526
525
525
525
525
525
525
525
524
524
524
524
523
523
523
523
523
523
523
523
523
523
523
512
522
522
522
522
522
444
444
447
449
451
452
454
455
456
458
458
459
462
462
459
459
460
460
460
460
460
460
460
460
460
460
461
461
461
461
461
461
461
462
461
462
462
462
457
457
461
461
461
461
461
462
462
462
462
462
462
462
462
462
466
462
462
462
462
463
464
464
464
463
546
546
546
544
542
542
540
539
539
536
535
535
534
534
533
533
532
532
531
530
530
530
530
530
529
528
528
528
528
528
527
527
527
527
527
526
526
526
526
526
526
526
511
511
524
525
525
525
525
525
525
525
525
529
524
525
524
524
524
524
524
524
524
524
448
445
446
446
449
451
452
452
454
455
456
456
456
457
458
458
458
458
458
458
459
460
460
460
460
460
460
460
460
460
461
461
461
461
461
461
461
461
462
462
461
461
461
462
462
462
462
462
462
462
462
462
462
462
462
462
462
462
462
462
462
462
462
462
547
547
545
544
541
541
541
540
538
538
537
536
535
535
535
535
533
533
533
533
532
531
531
531
530
530
530
530
529
529
529
528
528
528
527
527
527
527
526
527
526
526
525
525
525
525
525
524
524
524
524
524
524
524
523
516
523
523
523
523
523
523
523
523
442
442
446
449
450
452
453
454
455
455
457
457
457
458
458
459
459
459
460
460
460
460
460
459
460
461
461
461
460
460
460
461
461
461
461
460
460
460
461
461
461
461
461
460
461
461
461
461
461
461
461
461
461
461
461
462
462
462
462
462
461
462
461
462
538
538
531
528
527
526
525
525
523
523
523
523
523
523
522
522
522
522
522
523
523
523
522
522
522
522
522
522
523
523
523
523
523
523
523
523
523
523
523
523
524
524
524
524
524
524
524
524
524
524
524
524
524
524
524
525
525
525
524
525
525
525
526
526
446
446
449
452
454
455
456
457
457
457
458
459
459
459
459
460
460
460
460
460
460
460
460
460
460
460
460
461
461
461
461
461
461
461
461
461
461
462
461
462
461
462
461
461
461
461
462
462
462
462
462
462
463
462
463
463
463
463
463
463
463
463
462
462
548
548
547
545
543
543
542
540
539
538
537
536
535
535
535
536
536
532
531
531
531
530
530
530
529
529
528
528
527
527
527
527
527
526
526
526
526
526
526
526
525
526
525
525
525
525
525
525
526
526
525
525
525
525
525
525
525
525
525
525
525
525
525
525
443
443
446
448
452
453
453
453
454
454
455
455
456
456
456
457
458
457
457
457
457
457
458
458
458
458
458
459
459
459
459
459
459
459
459
459
460
460
460
460
460
461
461
461
461
461
461
461
461
461
462
461
462
462
462
462
462
462
462
462
462
462
462
462
550
550
550
549
546
544
544
544
541
540
539
538
536
535
535
534
534
534
533
532
532
531
530
530
530
530
529
529
529
529
528
528
528
528
528
527
527
527
527
526
526
526
526
526
526
526
525
525
526
526
526
526
526
526
526
526
525
525
525
525
526
526
525
525
450
444
450
448
449
448
449
451
452
453
453
453
454
454
454
454
455
455
455
456
456
456
456
456
456
456
457
457
457
457
457
457
457
457
458
458
458
458
458
458
458
459
459
459
459
459
459
460
460
460
460
460
460
461
461
461
461
461
461
461
461
461
462
462
546
551
549
549
549
548
546
543
543
543
541
540
539
538
537
537
536
535
534
533
532
532
532
532
531
531
530
530
530
537
537
529
529
528
528
528
528
527
527
527
527
527
527
527
527
526
526
526
526
526
526
526
526
526
526
525
525
525
525
526
526
526
526
526
435
435
442
443
446
447
448
449
450
451
451
452
453
453
454
454
454
455
455
455
455
455
455
455
455
456
456
456
456
456
456
456
457
456
457
457
457
457
457
457
457
458
458
458
458
458
458
459
459
460
460
460
455
460
460
461
461
461
461
460
461
461
461
461
527
553
553
553
550
548
548
553
553
543
542
541
540
539
538
527
527
535
535
535
535
533
533
533
532
531
531
531
530
530
530
529
529
528
528
528
528
528
527
527
526
526
527
527
527
526
529
526
526
525
525
525
526
526
526
525
525
525
525
525
525
525
525
525
437
437
440
443
444
446
447
448
448
449
450
451
451
452
453
453
453
453
453
454
454
454
454
455
455
455
455
456
456
456
456
456
456
456
456
457
457
457
457
457
457
457
457
458
458
458
458
459
459
459
459
459
459
460
460
460
460
460
461
461
461
461
461
461
544
544
542
538
535
532
530
529
528
526
526
525
525
525
524
525
525
525
525
525
525
525
525
525
525
526
526
526
526
526
526
526
526
526
526
526
522
526
526
526
526
526
527
527
527
527
528
528
526
526
527
527
530
530
527
526
526
526
526
527
526
526
526
526
437
437
441
445
446
449
450
451
452
452
453
454
455
456
456
457
458
459
459
459
460
461
462
462
462
462
463
463
463
464
464
464
464
464
464
464
465
465
465
466
466
466
466
466
466
466
466
466
466
466
466
466
466
466
467
467
467
467
467
467
467
467
467
467
548
552
552
547
545
545
542
532
532
534
535
535
535
532
529
527
526
526
526
525
524
523
523
522
522
522
522
522
521
521
521
521
521
521
521
521
514
514
521
521
521
521
521
521
520
520
520
520
520
520
520
520
520
520
520
520
520
520
520
520
520
520
520
525
432
432
440
442
444
445
447
448
450
451
452
452
452
453
453
455
457
457
457
457
457
458
459
459
459
460
460
460
460
460
460
462
462
462
463
463
463
463
463
464
464
465
464
464
464
464
465
465
466
465
466
466
466
466
466
466
466
466
466
466
466
466
466
466
555
555
552
549
548
546
544
542
542
539
534
534
537
537
530
529
527
526
526
525
524
524
526
526
521
521
521
520
520
520
519
520
519
519
519
519
519
519
518
518
518
518
518
518
518
518
518
518
518
518
518
518
518
518
518
518
518
519
519
519
519
521
521
521
433
433
437
440
444
445
445
446
448
448
448
448
444
444
452
453
453
454
454
455
456
456
456
456
457
457
458
459
459
459
459
461
461
461
461
462
462
459
459
462
463
463
464
464
464
464
464
464
464
464
465
465
465
467
467
465
465
465
465
465
465
465
465
466
547
555
555
550
539
546
544
544
543
539
537
535
534
533
531
529
528
528
526
525
525
525
524
523
523
522
522
521
521
521
521
521
520
520
519
520
519
519
519
520
520
519
518
518
518
519
519
520
519
519
519
518
518
518
519
519
519
521
519
518
518
518
518
519
433
433
436
439
443
443
446
448
448
448
448
451
451
451
452
453
453
453
454
455
455
456
457
457
458
458
458
458
459
459
460
460
460
461
461
462
462
462
463
463
463
463
464
464
464
465
465
464
464
464
464
465
465
465
466
466
465
465
465
465
466
466
466
466
558
558
553
553
553
548
545
543
541
538
538
535
533
532
530
530
528
527
525
525
524
523
523
523
523
522
521
520
520
519
519
519
519
519
519
519
518
518
518
518
518
518
518
518
518
517
518
518
520
520
518
518
517
517
517
517
517
517
518
516
517
517
524
524
433
433
437
440
443
445
446
448
449
449
449
452
452
453
454
454
454
454
455
456
456
456
457
458
458
458
458
458
459
459
460
461
461
461
452
462
452
463
463
468
468
464
464
464
464
464
464
465
466
466
466
466
465
458
465
466
466
466
467
466
466
466
466
466
541
541
533
527
524
521
518
509
518
518
518
517
517
516
516
516
516
516
516
517
517
517
517
517
517
517
517
520
520
521
517
518
517
518
521
521
527
518
517
517
517
518
518
518
518
518
518
518
518
518
518
518
518
518
519
519
519
519
518
519
518
519
492
519
435
435
439
443
449
453
455
458
459
459
460
460
464
465
465
466
466
467
467
467
467
468
468
468
468
468
468
468
468
468
468
469
469
469
468
468
468
469
469
468
468
468
468
468
468
468
469
467
470
467
471
467
468
468
468
473
467
467
467
467
467
466
466
467
551
551
544
539
529
529
524
524
524
520
519
518
518
517
516
516
516
516
516
516
515
515
515
515
515
515
515
515
515
515
515
515
515
515
515
516
516
515
515
516
516
516
516
516
516
515
516
516
516
516
517
517
517
517
517
517
517
524
524
517
517
517
517
518
433
433
440
446
462
462
458
458
459
461
462
463
464
465
465
465
466
467
467
467
463
463
468
468
468
469
469
469
469
469
469
468
468
469
469
469
469
469
469
469
469
469
469
468
468
461
461
458
468
468
468
468
468
468
467
467
467
467
472
467
468
467
467
465
552
552
544
539
533
530
527
524
522
521
519
518
518
516
516
515
515
515
515
515
514
514
514
514
514
514
514
514
514
515
515
515
515
515
515
515
515
514
514
515
515
515
515
515
515
515
515
515
516
518
518
515
515
516
516
516
516
516
516
516
516
517
517
517
429
429
442
447
451
455
457
459
460
462
463
463
463
466
466
467
467
468
468
468
469
469
469
470
469
470
469
469
469
469
470
470
470
470
470
469
469
469
469
469
469
469
469
469
469
469
469
469
469
469
469
469
469
469
468
468
468
468
468
468
468
468
468
468
517
544
544
544
535
533
527
524
522
520
517
516
516
516
514
515
515
515
514
514
514
514
514
514
514
514
514
514
514
514
514
514
514
514
514
514
514
514
514
514
513
515
512
515
514
515
515
515
515
515
515
515
515
515
515
515
515
515
515
515
516
516
516
516
435
435
443
447
452
455
458
460
461
463
464
464
465
466
467
467
467
468
469
469
469
469
469
469
469
469
469
470
470
470
470
470
470
470
470
470
472
472
472
472
470
472
470
470
470
470
470
469
469
470
470
469
469
469
469
469
469
468
468
468
468
469
468
468
551
551
545
539
530
524
524
524
524
521
521
517
516
515
515
515
514
514
514
514
514
514
514
514
514
514
513
513
513
513
514
514
514
514
514
514
514
513
514
514
514
513
513
514
514
515
515
515
515
515
515
515
515
515
515
515
515
515
515
515
515
515
516
516
435
435
441
447
451
454
457
460
461
463
465
465
466
467
468
468
468
469
469
470
470
487
470
470
470
470
471
471
471
471
470
471
470
472
461
472
471
471
471
471
471
471
471
471
471
471
471
470
470
470
470
470
471
470
471
470
471
470
470
470
469
469
470
470
