1 481
2 482
3 482
4 480
5 480
6 480
7 480
8 480
9 481
10 481
11 480
12 480
13 480
14 480
15 480
16 480
17 480
18 480
19 481
20 481
21 480
22 480
23 480
24 480
25 480
26 479
27 481
28 479
29 480
30 480
31 480
32 480
33 480
34 480
35 479
36 479
37 481
38 481
39 480
40 480
41 480
42 480
43 480
44 480
45 480
46 480
47 480
48 480
49 480
50 480
51 480
52 480
53 480
54 481
55 481
56 480
57 480
58 480
59 480
60 480
61 480
62 479
63 479
64 481
1 534
2 534
3 534
4 534
5 532
6 532
7 532
8 532
9 531
10 530
11 530
12 530
13 530
14 530
15 530
16 529
17 529
18 529
19 529
20 529
21 529
22 529
23 529
24 527
25 527
26 528
27 529
28 529
29 529
30 529
31 532
32 532
33 529
34 527
35 528
36 527
37 528
38 528
39 528
40 528
41 527
42 528
43 527
44 528
45 527
46 528
47 527
48 528
49 527
50 528
51 528
52 528
53 527
54 527
55 527
56 527
57 527
58 527
59 527
60 527
61 527
62 527
63 527
64 527
1 416
2 416
3 419
4 420
5 420
6 423
7 424
8 424
9 427
10 428
11 429
12 430
13 431
14 432
15 433
16 433
17 433
18 433
19 436
20 437
21 438
22 444
23 440
24 443
25 443
26 443
27 443
28 443
29 443
30 443
31 442
32 442
33 445
34 445
35 445
36 445
37 447
38 447
39 448
40 448
41 448
42 449
43 449
44 449
45 450
46 450
47 450
48 449
49 449
50 450
51 450
52 450
53 450
54 450
55 451
56 451
57 451
58 451
59 445
60 445
61 452
62 452
63 452
64 452
