416
420
421
422
424
424
424
425
425
425
426
426
426
426
426
427
427
427
427
427
428
428
428
426
426
427
429
429
429
429
429
429
430
430
432
432
430
430
430
430
430
430
430
430
430
431
431
431
431
431
432
432
431
431
431
431
431
432
432
432
432
432
432
432
567
567
564
562
560
559
559
558
558
556
556
555
555
554
553
553
552
552
552
552
551
550
550
550
550
549
549
548
548
547
547
548
548
547
546
546
546
545
545
545
545
545
544
544
544
544
544
544
543
543
543
543
543
542
543
542
542
542
542
542
542
542
541
541
406
406
408
409
410
412
412
413
414
415
416
417
417
417
417
418
417
417
417
420
421
421
422
422
425
425
423
423
424
424
425
425
425
425
426
426
426
426
426
427
427
428
428
428
428
428
428
428
429
429
429
429
429
429
429
429
430
430
430
430
430
430
430
430
566
566
564
562
561
560
558
558
556
555
555
555
554
554
554
553
553
552
551
551
551
550
550
549
549
549
549
548
548
547
547
546
546
546
546
546
545
545
545
545
545
544
544
544
544
543
543
543
543
543
543
543
543
542
542
542
542
542
542
542
542
541
541
541
404
404
407
409
410
411
412
412
413
414
415
416
416
417
417
417
419
419
419
419
419
419
420
421
422
422
422
423
423
423
423
424
425
425
425
425
425
426
426
427
427
427
427
427
427
428
428
428
428
428
428
428
428
429
429
429
429
429
430
430
430
430
430
430
536
561
561
561
560
559
559
558
557
556
555
555
554
554
554
552
552
552
552
551
551
550
550
550
549
549
548
548
548
547
547
547
547
550
550
546
545
545
545
545
545
544
544
542
544
543
543
543
543
543
543
543
542
542
543
543
542
542
542
542
542
542
542
542
404
404
409
409
410
410
412
412
413
413
415
415
416
417
417
417
418
418
419
419
420
420
421
421
421
422
422
423
423
423
423
424
424
424
425
425
426
425
426
426
426
428
427
427
427
428
428
428
428
428
428
428
428
429
429
429
429
429
429
429
429
430
430
430
565
565
563
563
562
560
558
557
556
556
555
555
555
555
557
557
553
552
552
551
550
550
550
550
550
549
549
548
548
547
547
547
546
546
546
546
546
545
545
545
545
545
545
544
544
543
544
543
543
543
543
542
543
543
543
542
542
542
542
542
542
542
542
542
405
405
408
410
408
410
412
414
414
414
414
416
416
416
417
417
418
418
418
418
419
420
420
421
421
421
422
422
423
423
423
425
425
424
424
425
425
426
426
426
426
426
427
427
430
430
429
428
428
428
428
428
429
429
429
431
429
429
429
430
430
430
430
430
565
565
563
562
561
561
561
558
556
556
555
555
554
554
554
554
553
553
552
551
551
551
550
550
549
548
548
548
548
548
547
547
547
547
546
546
546
546
545
545
545
544
544
544
544
544
543
543
543
543
543
543
543
543
542
542
542
542
542
542
542
542
541
541
405
405
407
408
410
411
412
415
413
418
416
416
416
416
417
417
416
416
418
418
419
420
420
420
421
422
422
422
423
423
423
423
423
424
424
425
425
425
425
426
426
426
426
427
427
427
427
429
429
428
428
428
428
428
429
429
429
429
429
429
430
430
430
430
553
553
549
547
545
545
544
541
541
541
541
539
539
538
538
538
537
537
537
537
536
536
536
535
535
535
535
535
534
534
534
534
533
533
533
533
533
533
533
533
533
533
532
532
532
532
532
532
532
532
532
532
531
531
532
532
531
531
531
531
531
531
531
531
408
408
410
413
416
417
417
418
419
421
421
422
423
424
424
425
425
427
427
428
429
429
430
430
430
430
430
431
432
432
433
433
433
434
434
434
434
437
435
436
436
436
436
436
437
438
438
437
437
438
438
438
438
438
439
439
439
439
439
440
440
440
440
440
563
563
559
558
556
554
554
552
551
550
548
548
548
547
547
546
545
544
544
543
542
542
542
541
541
540
539
539
539
539
539
538
538
538
537
537
537
537
537
536
536
535
535
535
535
534
534
534
534
534
533
533
533
533
533
531
531
532
532
532
532
532
532
532
407
407
410
412
414
415
416
417
419
419
420
421
422
423
424
424
425
426
426
427
427
428
429
429
430
430
430
431
431
432
432
433
433
433
433
434
435
435
436
436
436
436
436
436
437
437
437
438
438
438
439
439
439
439
439
439
439
440
440
440
440
440
441
440
564
564
562
558
557
556
554
552
551
551
550
550
549
549
547
547
545
544
544
544
543
543
543
543
542
541
541
541
540
539
539
538
538
538
538
538
537
537
537
536
536
535
536
536
536
535
534
534
534
534
534
533
533
533
533
533
533
535
532
532
532
532
532
531
406
406
410
412
413
414
417
417
418
419
420
421
422
422
423
424
425
425
426
427
427
428
428
429
429
430
431
431
431
432
433
433
433
433
436
436
436
435
436
435
436
436
436
437
437
438
438
438
439
439
439
439
439
440
440
440
440
440
441
442
442
441
441
441
565
565
559
559
558
556
555
552
552
552
550
550
549
548
546
546
546
545
545
544
544
543
543
542
542
541
541
540
540
540
539
539
539
538
538
537
533
537
536
536
536
536
535
535
535
535
534
534
534
533
533
533
533
533
533
532
532
532
532
532
532
532
531
531
405
405
409
411
412
414
415
415
418
419
420
420
421
422
423
424
424
425
426
426
427
428
428
429
429
430
431
433
432
432
432
433
433
433
434
434
435
435
435
436
436
436
437
437
437
438
438
438
439
440
440
439
439
439
440
440
440
440
440
441
441
440
440
441
566
566
563
558
558
557
556
556
554
552
551
550
549
548
548
548
546
546
546
545
544
543
543
542
541
541
541
540
540
540
540
539
539
538
538
537
537
537
537
536
536
535
535
535
535
534
534
534
534
534
534
533
533
533
532
532
532
532
532
532
532
532
531
531
404
404
408
408
410
413
415
416
417
419
419
420
421
422
422
424
424
425
426
426
427
428
428
428
429
430
430
431
432
432
432
432
433
434
434
434
434
435
435
435
436
436
437
437
437
438
438
438
438
440
440
440
440
440
440
440
440
440
441
441
441
441
441
441
555
555
553
547
545
542
541
539
538
536
535
534
533
532
532
532
530
530
530
530
530
530
530
530
529
529
529
529
529
529
528
528
528
528
528
528
528
528
528
528
528
528
528
528
528
528
528
528
527
527
527
527
528
527
527
527
527
527
527
527
527
527
527
527
409
409
412
415
420
420
422
423
424
427
427
428
430
432
433
433
434
435
436
437
437
437
438
438
439
439
439
440
440
442
442
442
442
442
442
443
443
443
443
443
444
444
444
444
445
445
445
445
445
445
445
446
446
446
446
446
446
446
446
447
447
447
447
447
563
563
558
558
555
550
549
546
545
544
544
544
540
539
538
536
536
536
534
534
534
533
533
533
532
531
531
531
530
530
530
530
530
530
529
529
529
529
529
529
529
529
529
529
528
528
528
528
528
528
528
528
528
528
528
528
528
528
528
528
528
528
527
527
407
407
410
413
418
419
421
423
425
425
427
428
429
430
431
432
433
434
435
435
436
437
437
438
438
438
439
440
441
441
442
441
441
441
442
442
443
443
444
447
447
446
444
444
444
445
445
445
445
445
446
446
446
446
446
446
446
446
446
446
447
447
447
447
565
565
560
556
555
552
550
548
546
545
543
542
541
541
533
541
536
536
536
535
534
533
533
533
533
532
531
531
531
531
531
531
531
530
530
530
530
529
529
529
529
529
529
529
529
529
529
529
529
528
528
528
528
528
528
528
528
528
528
527
527
527
527
528
397
397
409
412
414
416
416
420
420
422
425
427
428
429
431
432
432
433
434
434
436
436
436
437
438
438
439
439
439
440
440
441
441
441
442
442
442
442
443
443
443
444
444
444
445
445
445
445
445
445
446
446
446
446
446
446
447
447
447
447
447
447
447
447
566
566
562
559
556
553
551
550
548
546
544
543
542
541
540
538
538
537
536
535
534
532
532
532
532
532
532
532
531
531
531
531
531
531
530
530
530
530
530
529
529
529
529
529
528
528
528
528
528
529
529
529
529
528
528
528
528
528
528
528
528
528
528
528
403
403
406
409
413
415
417
419
421
423
424
426
427
428
429
431
432
433
433
434
435
435
435
435
435
435
438
438
439
439
440
440
441
441
441
441
441
442
442
442
443
444
444
444
444
444
444
444
445
445
446
446
446
446
446
446
446
447
447
455
455
448
448
448
567
567
563
559
557
554
553
552
546
545
545
543
542
541
540
539
538
537
537
536
535
534
534
533
533
533
532
532
532
531
531
531
531
530
530
530
531
531
529
529
529
529
529
529
529
529
528
529
529
529
529
528
528
528
528
528
528
528
528
528
528
528
528
528
402
402
407
410
413
415
417
419
421
422
424
426
427
429
430
430
431
432
432
432
432
435
436
436
437
438
438
438
438
440
440
440
440
440
441
442
442
444
444
442
442
443
444
444
444
444
445
445
445
445
446
446
446
446
446
447
447
447
447
447
447
447
448
448
550
550
544
541
536
533
531
531
530
530
529
528
528
527
527
527
527
527
526
526
526
526
526
525
525
525
525
525
525
525
525
525
525
525
525
524
524
524
525
525
524
523
523
523
523
523
523
523
523
522
522
522
522
522
522
522
522
522
522
522
522
521
521
521
408
408
415
419
422
425
427
429
430
431
432
433
434
434
435
436
436
436
437
438
439
440
440
440
441
441
442
443
443
444
444
445
445
445
446
446
447
447
448
448
448
449
449
450
450
450
450
450
450
451
451
451
451
451
451
451
452
452
452
452
452
452
452
453
558
558
553
547
544
541
539
538
536
535
534
533
533
532
532
532
531
531
530
529
529
529
528
528
527
527
526
526
526
525
525
524
524
524
524
524
523
523
522
521
521
521
521
520
520
520
519
519
519
519
518
518
518
518
518
518
518
517
517
517
517
517
516
517
409
409
414
419
422
425
429
430
431
432
432
434
434
435
435
436
437
438
438
439
440
440
441
441
442
443
443
443
444
445
445
446
453
448
448
448
449
449
449
449
450
450
450
451
451
451
451
452
452
452
452
452
452
453
453
453
451
453
453
453
453
455
455
454
561
561
555
548
545
542
540
538
537
536
535
534
533
532
532
532
532
530
530
530
529
529
528
527
526
526
526
525
525
524
524
523
523
522
522
521
521
520
520
519
519
518
518
518
517
517
517
517
516
516
516
516
516
516
516
515
515
515
515
515
515
515
515
515
406
406
414
417
422
422
428
430
431
432
432
434
435
436
436
436
437
438
439
439
439
440
440
442
443
442
443
443
444
445
445
445
446
446
446
446
447
448
449
449
449
450
450
450
450
450
451
451
451
452
452
452
452
452
452
452
453
453
454
453
453
453
453
453
563
563
556
551
547
542
541
539
537
536
535
534
533
533
533
532
531
531
530
530
530
529
528
528
528
526
526
525
525
524
524
523
523
522
521
521
519
519
519
519
519
518
518
518
517
517
517
516
516
516
516
516
515
515
515
515
515
515
515
515
515
515
515
515
406
406
413
418
422
425
428
429
432
432
432
433
434
435
436
436
436
438
438
438
438
440
440
440
441
442
442
443
443
444
445
445
445
446
446
447
447
448
449
449
449
449
449
450
450
451
451
451
451
451
451
452
452
452
452
452
452
452
452
452
453
453
453
453
539
557
552
552
547
544
541
540
538
537
536
535
534
533
532
532
531
531
531
531
530
529
529
529
529
527
527
526
525
525
524
523
523
522
522
521
520
520
519
519
519
518
518
518
518
517
517
517
517
516
516
516
516
516
515
515
515
515
515
515
516
515
515
515
406
406
413
417
423
425
429
430
431
431
432
433
434
435
435
435
436
436
437
437
438
439
440
441
441
441
442
442
443
444
445
445
445
446
446
447
447
447
448
449
449
449
449
450
450
451
451
451
451
451
451
451
451
452
452
452
452
452
452
452
453
453
453
451
