285
295
295
304
308
311
314
315
315
319
321
322
323
323
326
326
329
329
330
331
333
333
333
336
336
336
336
336
336
337
339
339
339
339
340
340
341
341
342
342
343
343
343
343
344
344
344
345
345
345
346
345
346
346
347
348
347
348
348
348
348
348
348
348
756
756
744
737
731
726
720
717
713
706
705
701
700
697
694
691
688
684
684
682
681
679
675
674
674
674
670
669
668
666
666
665
663
661
661
660
658
658
657
656
656
653
653
653
653
652
652
650
649
649
649
648
647
646
646
645
645
645
645
645
644
643
643
643
221
221
232
240
254
255
261
263
268
272
275
279
282
288
289
291
293
296
299
301
303
306
309
309
312
313
315
317
318
319
321
323
323
324
326
328
327
329
329
330
330
333
333
334
335
335
335
334
338
338
338
339
339
340
341
342
345
343
345
343
344
344
344
345
758
758
747
739
733
728
726
719
715
712
707
705
700
699
694
692
689
687
685
683
680
678
676
675
672
671
670
669
667
665
664
662
660
659
660
659
656
656
655
655
654
652
651
651
650
650
648
646
647
647
647
646
646
644
644
644
644
643
643
643
642
641
641
641
218
218
229
237
247
247
250
257
264
267
272
276
278
281
286
288
290
293
295
299
302
303
303
305
308
310
311
313
316
316
320
325
320
324
324
325
326
327
328
329
330
331
332
334
334
334
334
335
336
335
337
338
339
339
340
340
340
341
342
343
346
346
346
345
758
758
747
739
733
728
724
720
716
711
708
706
701
698
695
693
690
689
686
683
680
679
677
675
674
672
668
672
668
665
664
661
661
659
659
658
655
655
654
653
652
651
651
649
648
649
648
647
646
645
645
644
644
643
642
642
642
643
642
641
641
641
640
640
219
219
231
235
243
252
255
258
263
265
271
274
277
279
286
287
287
291
292
295
296
301
304
305
305
306
311
312
313
316
319
319
320
321
322
324
325
325
326
328
329
330
331
331
332
334
334
335
336
336
337
338
339
339
340
340
340
341
341
342
343
343
344
344
759
759
748
740
734
729
725
718
716
711
708
705
699
699
696
692
690
688
685
683
682
679
677
675
670
670
668
668
666
664
663
661
660
659
656
655
656
655
653
652
650
650
650
649
648
647
647
646
645
643
643
643
643
643
642
642
642
641
641
640
640
640
639
639
215
215
227
236
242
248
255
258
261
267
269
276
277
279
282
285
288
290
292
296
296
296
300
306
311
310
311
311
314
315
317
318
320
321
321
323
324
326
326
328
329
329
330
331
333
333
334
335
335
337
337
337
338
338
339
340
340
340
340
342
342
343
344
345
758
758
743
741
734
729
724
720
716
714
708
705
701
699
696
693
690
686
686
683
679
679
679
675
671
671
670
668
666
664
663
661
660
655
654
655
654
654
652
651
651
651
649
649
647
647
647
646
645
644
644
643
643
641
641
643
643
641
641
640
639
640
639
639
221
221
226
234
241
246
252
257
260
264
267
275
276
283
286
286
287
291
292
294
295
299
301
303
305
307
311
311
313
314
315
316
319
320
321
323
323
325
325
327
328
328
330
331
332
333
333
334
333
334
336
337
337
338
338
339
340
341
341
341
342
342
343
343
692
692
675
661
653
648
642
638
637
634
634
634
633
631
631
631
631
631
630
630
629
629
629
629
629
629
628
628
628
628
627
626
626
627
627
627
627
626
626
626
627
627
626
626
626
626
626
626
625
625
625
625
625
625
625
625
621
621
625
625
625
625
625
625
244
244
259
269
278
286
290
295
303
306
309
312
315
317
322
324
324
326
327
327
330
332
332
333
336
337
339
339
339
341
342
343
344
345
345
346
347
347
348
349
351
351
351
351
352
352
353
353
353
355
356
356
358
358
358
358
358
359
359
359
360
360
360
360
728
728
714
702
693
686
678
671
668
663
659
657
655
652
651
649
647
646
645
644
643
643
641
639
638
638
638
637
637
636
636
635
634
633
633
632
632
631
631
631
630
629
629
629
629
629
627
627
627
627
627
627
626
626
626
626
628
628
626
625
625
625
625
625
246
246
255
266
274
282
288
294
296
304
307
312
312
314
319
320
321
322
324
326
328
328
330
332
333
335
335
337
337
339
340
342
343
344
346
347
347
348
349
349
351
351
351
351
358
360
360
356
356
357
357
357
358
359
359
360
360
361
361
361
362
362
362
363
732
732
714
699
695
687
676
670
670
665
662
659
656
655
653
651
650
647
646
646
645
644
643
643
642
640
640
639
639
637
637
637
638
636
634
634
631
632
632
632
631
631
630
630
629
629
629
628
628
628
627
627
627
627
626
626
626
626
626
625
625
625
625
625
240
240
253
264
274
281
292
293
301
304
304
310
312
315
316
316
319
323
324
324
326
329
329
331
332
334
335
336
338
338
340
342
343
345
344
345
346
347
348
349
350
351
352
352
354
354
354
354
356
357
358
359
359
359
360
360
360
362
362
363
363
363
365
364
733
733
718
708
696
688
680
674
670
666
664
659
657
655
653
650
650
649
648
647
644
644
644
643
641
640
640
640
638
637
637
636
636
636
635
634
634
633
632
632
632
632
631
630
630
630
630
629
628
628
628
627
627
627
627
627
627
626
625
625
625
625
625
625
239
239
253
260
272
280
286
295
300
302
311
311
311
311
312
316
318
320
322
325
325
327
329
329
330
334
336
336
336
337
339
340
340
341
343
344
345
346
348
352
350
351
351
352
353
353
353
360
360
357
357
359
359
359
360
361
361
361
361
361
363
363
364
364
696
708
709
708
698
689
683
675
670
666
663
659
658
655
654
651
649
648
648
648
646
645
644
643
643
642
641
640
640
639
638
638
637
636
635
635
635
633
633
633
632
632
631
631
630
630
630
630
629
628
628
628
628
627
627
627
626
626
626
626
626
625
625
625
239
239
252
263
272
279
286
296
298
301
303
307
309
314
314
316
317
319
321
323
326
327
327
329
329
332
333
334
336
337
338
339
340
340
341
343
346
346
347
349
350
350
351
352
353
353
354
355
356
357
357
358
358
357
357
360
361
361
367
367
364
364
364
364
675
675
661
653
647
644
640
638
634
633
631
629
627
627
625
625
625
624
623
623
623
622
622
622
622
621
618
618
621
621
622
622
621
620
620
620
620
620
620
620
620
620
620
620
620
620
620
620
620
620
620
620
620
620
620
620
620
620
620
620
620
620
620
621
263
263
276
283
289
294
295
300
303
303
309
311
315
316
317
319
321
323
323
325
329
330
330
332
333
335
336
339
341
341
343
345
347
349
350
350
352
355
356
358
360
361
361
362
363
364
365
365
367
367
368
368
369
369
369
370
371
371
372
373
373
373
373
374
701
701
684
676
670
666
663
660
657
656
654
652
652
650
648
647
646
645
644
643
642
641
640
640
638
637
636
635
634
633
633
631
631
630
629
629
629
628
626
626
626
626
625
625
624
624
625
625
624
624
623
623
621
620
621
621
622
621
621
621
621
621
622
622
260
260
273
280
285
290
291
296
298
302
304
305
308
310
312
314
317
319
319
321
322
324
325
329
331
331
333
335
337
339
341
343
345
347
349
352
354
355
355
358
360
361
362
364
365
367
368
368
369
369
370
371
371
373
373
373
374
374
374
373
375
376
377
377
703
703
688
679
674
670
667
664
663
660
658
657
656
653
652
652
650
650
650
647
644
643
642
642
640
640
639
638
637
636
635
635
632
631
631
631
630
629
629
629
629
627
627
627
626
626
626
625
624
624
624
624
623
623
622
623
622
622
622
622
622
622
622
622
261
261
275
280
286
291
295
295
296
300
300
304
305
306
309
312
313
316
317
318
320
322
323
325
326
329
330
332
334
336
338
341
343
343
348
351
352
355
357
358
360
361
363
365
366
366
368
368
369
370
371
372
373
373
374
374
374
376
376
377
377
377
377
379
688
691
688
681
673
672
668
665
664
661
659
656
656
656
652
649
649
648
648
647
645
645
644
642
642
642
640
639
638
637
636
635
633
633
633
632
632
631
629
628
628
627
627
626
626
625
625
625
625
624
624
623
623
623
622
622
622
622
622
621
621
621
621
620
261
261
272
280
285
288
292
295
298
302
303
305
305
308
309
311
313
315
316
318
319
322
325
325
325
329
329
329
335
339
339
341
341
345
350
352
352
354
356
358
360
361
365
365
365
367
368
368
370
370
373
373
373
374
375
376
376
378
380
378
380
379
379
379
698
698
690
681
676
672
670
663
662
662
662
660
657
655
653
652
652
650
649
649
648
645
644
642
642
640
639
638
637
637
634
633
633
632
632
632
631
629
628
628
628
627
626
626
625
625
625
624
624
624
624
624
622
622
622
621
621
619
619
619
620
620
620
620
261
261
274
281
288
290
293
295
299
303
304
305
306
308
309
310
312
315
316
317
319
320
322
323
325
329
329
332
332
334
336
338
341
343
349
349
349
354
356
356
357
361
363
365
367
368
368
369
370
371
371
373
374
374
375
376
377
377
377
379
379
380
380
380
668
668
656
653
648
643
639
634
630
628
624
623
621
618
619
619
619
613
612
612
616
616
615
615
615
614
614
614
614
614
613
613
613
613
613
613
613
613
613
613
612
613
612
612
611
611
611
611
611
611
611
611
610
610
610
610
610
610
609
609
610
610
609
609
282
268
282
289
294
297
301
304
307
308
311
313
315
317
319
320
322
324
325
326
328
330
331
333
335
340
341
345
349
349
352
355
358
362
365
367
368
369
371
373
373
374
377
378
378
378
380
381
381
381
381
384
385
386
386
387
387
387
388
389
389
389
389
390
686
686
676
669
663
661
655
653
651
649
645
645
645
644
644
643
642
639
637
636
634
631
630
629
627
626
624
623
622
619
618
616
615
614
613
613
612
611
610
610
610
610
609
609
609
608
608
608
607
607
606
605
605
605
604
604
603
603
603
603
602
602
602
602
272
272
281
287
291
300
300
302
305
308
309
311
317
318
318
320
320
321
321
326
327
329
332
338
340
342
346
350
354
356
360
364
366
369
371
374
375
375
379
379
381
382
383
385
386
386
387
387
387
389
389
390
390
391
391
391
391
392
392
392
392
394
394
393
689
689
680
673
669
665
663
661
656
655
653
651
650
649
646
645
643
641
641
639
638
637
633
630
628
626
624
622
619
618
614
613
612
611
610
608
608
606
602
604
603
603
602
601
601
600
599
599
599
598
598
598
597
597
597
597
597
596
595
595
595
595
595
595
270
270
279
284
292
295
299
301
305
310
312
312
313
316
316
317
321
322
323
325
328
329
332
335
339
344
347
351
355
359
362
365
368
371
373
375
377
383
386
387
387
385
385
386
386
388
389
389
390
391
391
391
392
392
392
392
392
393
393
393
392
392
393
393
685
685
681
674
670
667
664
662
657
656
656
653
652
650
649
647
646
645
641
639
637
636
635
631
629
625
622
619
616
615
613
610
607
607
606
606
606
604
601
601
600
600
599
598
598
597
597
597
596
595
595
595
595
595
594
594
594
594
594
594
594
594
593
593
268
268
277
284
289
297
303
303
303
306
307
311
314
318
318
319
319
321
322
324
327
329
335
337
339
343
347
353
355
360
367
367
370
372
374
376
378
379
381
384
385
385
386
387
387
388
389
389
390
390
393
394
393
392
392
392
392
392
392
391
392
392
392
392
689
689
681
676
671
665
663
663
660
659
657
655
651
650
650
643
641
643
641
640
637
635
633
628
627
623
622
618
616
613
611
609
608
607
605
604
602
601
601
600
598
598
597
596
596
596
594
594
594
595
595
594
594
593
593
593
593
593
593
593
593
593
593
593
268
268
278
283
293
297
297
300
303
305
310
311
311
314
315
317
320
321
321
324
324
326
332
335
339
349
354
355
358
362
365
368
372
373
376
378
379
379
382
386
386
386
386
388
388
388
389
389
415
415
391
391
391
391
392
392
392
391
391
391
391
391
392
392
