1 482
2 482
3 480
4 480
5 480
6 480
7 478
8 478
9 478
10 478
11 481
12 476
13 481
14 481
15 481
16 479
17 479
18 479
19 478
20 480
21 478
22 480
23 482
24 482
25 482
26 482
27 482
28 479
29 479
30 478
31 479
32 479
33 479
34 481
35 482
36 481
37 482
38 482
39 482
40 480
41 480
42 480
43 480
44 480
45 480
46 480
47 479
48 479
49 479
50 479
51 479
52 479
53 479
54 478
55 478
56 479
57 480
58 480
59 481
60 481
61 481
62 479
63 479
64 479
1 511
2 511
3 509
4 509
5 509
6 509
7 509
8 509
9 509
10 509
11 509
12 509
13 507
14 507
15 507
16 507
17 508
18 507
19 508
20 508
21 508
22 508
23 508
24 509
25 509
26 509
27 508
28 508
29 508
30 509
31 509
32 508
33 507
34 508
35 509
36 509
37 509
38 508
39 512
40 509
41 509
42 509
43 509
44 508
45 508
46 508
47 510
48 510
49 508
50 508
51 509
52 509
53 509
54 509
55 509
56 509
57 510
58 509
59 510
60 509
61 509
62 509
63 509
64 510
1 451
2 451
3 456
4 458
5 460
6 460
7 461
8 462
9 462
10 464
11 466
12 466
13 469
14 469
15 469
16 469
17 469
18 469
19 469
20 468
21 468
22 470
23 472
24 472
25 472
26 472
27 472
28 472
29 472
30 473
31 474
32 473
33 473
34 473
35 474
36 474
37 474
38 474
39 474
40 475
41 474
42 475
43 475
44 475
45 475
46 473
47 475
48 474
49 474
50 474
51 474
52 474
53 475
54 475
55 473
56 473
57 474
58 475
59 474
60 473
61 473
62 474
63 474
64 474
