337
343
349
354
356
360
362
363
364
364
365
367
371
371
371
371
374
375
374
377
377
379
379
380
380
384
384
385
384
385
385
385
386
387
387
388
388
390
389
390
391
392
393
393
393
394
394
394
394
394
395
395
395
395
396
397
398
397
397
396
396
398
398
399
690
690
679
675
671
666
665
659
655
654
651
649
646
644
641
639
638
634
633
631
628
626
626
626
624
623
622
620
619
619
618
616
615
614
613
613
614
614
610
609
609
609
607
606
606
606
605
605
604
604
603
603
601
601
601
603
601
599
599
597
597
597
597
597
285
285
296
303
307
312
312
315
322
322
324
327
330
334
335
341
342
343
345
346
346
351
352
353
356
357
359
360
363
365
366
368
370
370
370
372
375
375
375
376
379
381
381
381
382
383
383
384
386
386
387
386
389
389
389
389
392
395
393
393
393
394
395
396
691
691
684
676
671
666
664
660
658
655
653
650
648
645
643
638
637
633
633
632
630
629
625
623
622
622
621
619
619
619
617
614
614
613
612
612
612
609
609
609
609
606
603
603
603
603
603
602
601
601
602
602
599
598
598
597
595
594
594
595
595
595
595
595
282
282
293
296
301
305
310
313
317
320
322
325
328
331
334
341
339
341
343
345
346
347
349
351
351
354
357
359
360
361
362
366
367
367
368
368
373
374
374
374
376
376
376
378
381
381
385
385
385
385
386
386
389
389
389
389
389
390
390
393
390
390
390
393
692
692
679
678
670
667
664
659
657
655
652
650
648
645
640
638
638
636
633
632
631
626
625
625
625
622
621
621
619
629
618
615
614
614
611
610
608
608
608
607
606
605
604
604
599
599
599
599
599
599
598
597
596
596
595
594
594
594
595
595
593
592
592
592
283
283
288
296
300
305
311
315
315
316
320
321
326
327
330
333
334
339
345
345
345
348
348
350
351
353
355
357
358
361
361
363
367
364
366
366
370
371
373
373
375
375
378
379
381
381
381
381
383
386
386
386
385
385
385
387
390
390
390
390
391
392
392
394
691
691
679
673
671
667
664
659
659
654
649
645
645
644
644
640
638
635
634
632
632
629
626
626
625
622
620
617
615
615
615
614
613
611
610
609
606
607
606
605
605
604
602
602
602
600
600
599
598
598
597
597
596
597
594
594
592
593
593
593
590
590
590
590
276
276
288
300
302
303
308
312
316
319
323
323
323
329
331
331
335
337
342
343
344
348
350
350
354
355
355
356
356
358
362
364
364
364
367
368
370
371
372
374
376
375
376
378
380
380
380
381
383
384
385
385
386
386
388
388
389
389
391
395
395
393
393
393
692
692
683
676
674
667
663
660
658
655
654
651
647
644
643
639
637
634
634
631
629
628
626
625
622
622
619
618
616
614
616
613
610
610
610
608
607
607
606
603
603
601
601
601
601
601
601
597
596
596
596
595
594
594
594
594
595
592
592
592
591
591
590
589
280
280
289
295
300
305
309
311
313
318
319
319
325
329
329
331
335
337
340
342
343
346
346
346
351
353
354
356
356
358
360
364
367
364
365
365
369
369
371
373
374
376
376
376
375
378
379
382
383
383
383
386
386
386
387
388
389
389
389
390
391
391
391
391
639
639
624
612
604
600
593
589
586
585
581
581
581
581
581
581
581
581
579
580
578
578
578
578
579
579
577
576
576
576
577
574
577
576
577
577
577
576
576
576
577
577
577
574
576
576
576
576
576
576
576
577
577
575
575
575
575
575
575
576
575
574
574
575
304
304
315
323
332
340
347
354
360
362
365
371
372
372
379
382
382
387
388
388
391
391
392
393
394
395
397
397
399
399
400
400
401
403
403
403
404
404
404
405
406
406
406
403
396
403
407
409
409
409
411
411
411
410
410
411
411
411
411
411
412
412
412
411
667
667
658
648
638
633
625
620
615
608
604
600
596
595
592
589
587
587
585
584
579
579
579
579
580
579
578
577
577
577
577
577
575
577
575
575
574
575
574
574
574
573
573
574
574
574
574
573
572
572
572
573
573
573
573
573
574
574
574
573
573
572
572
572
303
303
317
323
333
338
345
352
356
361
365
367
373
376
379
381
384
385
387
391
391
392
392
395
395
396
396
397
400
400
400
401
401
401
401
403
403
403
403
405
405
405
405
405
407
408
408
409
409
409
410
410
410
411
410
411
411
412
412
412
412
412
413
413
669
669
659
641
640
632
627
626
614
602
601
597
597
594
593
589
587
584
583
582
582
580
580
578
577
577
576
576
576
575
574
574
574
574
574
575
575
571
571
572
572
572
572
571
571
571
572
572
572
572
572
572
571
571
571
570
570
570
570
571
572
571
571
571
303
303
316
323
331
340
343
350
356
360
366
373
376
378
378
379
383
385
386
390
391
392
392
393
393
391
391
398
398
398
398
402
403
402
404
404
404
405
405
406
406
407
408
408
407
407
407
409
409
409
408
409
410
413
413
412
412
411
411
412
413
412
412
412
671
671
659
649
642
634
628
622
614
611
607
602
598
595
591
589
587
583
582
582
581
578
578
579
579
576
576
576
576
575
573
573
573
573
573
569
572
572
572
572
571
572
570
570
570
569
570
567
570
570
570
570
569
568
568
568
569
570
570
569
569
569
569
569
301
301
319
322
331
339
348
355
356
364
364
371
375
377
381
381
383
384
389
390
392
393
393
396
397
398
398
399
400
399
400
401
401
403
403
404
405
405
405
405
405
407
408
408
408
408
408
408
409
409
409
410
411
411
411
412
412
412
411
412
413
413
413
413
670
670
658
651
643
637
628
628
619
618
606
601
599
596
593
590
588
583
583
581
581
580
579
579
579
579
572
572
574
574
574
572
572
572
572
572
571
571
571
570
570
570
570
570
569
569
568
569
568
568
568
568
568
568
568
568
567
567
567
567
567
567
567
567
301
301
313
321
332
338
345
351
357
361
365
370
374
378
380
386
387
387
389
389
391
393
393
394
396
397
397
399
401
402
402
402
402
402
403
404
407
408
407
406
406
407
409
409
409
409
409
409
410
410
410
409
410
410
411
411
412
414
412
412
412
413
414
414
623
623
601
588
576
576
572
571
571
569
569
567
567
567
566
565
565
565
565
565
565
564
563
563
563
563
563
561
561
563
563
562
561
561
562
562
562
561
560
560
560
560
560
560
560
560
558
559
559
559
559
558
558
559
559
559
559
559
559
559
559
559
559
559
330
330
350
371
382
381
382
383
386
389
391
392
393
395
395
397
395
398
403
403
404
401
404
402
403
403
403
404
405
405
405
405
406
405
406
404
407
408
408
408
411
411
411
412
413
413
414
413
414
413
414
414
414
415
415
418
418
417
417
418
419
419
419
419
643
643
629
617
604
598
594
590
586
583
582
578
575
575
575
574
574
573
571
569
569
570
570
569
569
569
567
567
567
566
565
565
564
564
564
564
564
563
561
561
559
559
560
560
560
560
560
559
559
559
559
559
559
559
559
558
558
558
555
553
553
555
555
555
333
333
352
363
372
377
381
384
386
389
391
394
394
394
396
396
398
398
398
399
399
401
401
402
402
402
404
404
405
405
405
406
406
406
407
408
411
412
412
411
411
411
412
413
415
415
414
414
414
414
416
416
416
417
417
417
418
419
419
418
418
418
418
418
647
647
632
618
607
600
594
594
589
588
582
578
578
578
576
576
574
573
572
571
570
570
569
570
568
568
565
565
565
565
565
564
564
563
563
563
562
561
561
561
562
562
559
559
563
563
560
558
558
558
558
558
557
557
557
557
557
556
556
556
555
556
556
557
330
330
347
372
372
372
375
384
387
388
388
388
392
393
394
396
397
398
402
399
400
400
400
402
402
402
403
403
405
406
406
405
405
406
409
409
409
408
408
409
410
411
411
411
412
413
413
413
414
415
415
416
416
416
417
419
417
419
419
419
419
418
418
418
651
651
631
619
608
602
598
593
591
587
583
582
581
576
576
576
575
574
573
572
571
570
570
569
569
569
569
568
566
566
565
564
564
564
561
562
561
561
561
561
558
558
558
558
559
559
558
557
557
557
557
556
556
554
554
557
557
556
556
556
555
555
556
556
331
331
345
362
366
375
379
385
386
389
389
391
394
395
395
395
395
395
398
398
398
399
400
400
401
401
402
402
402
402
404
404
405
407
407
407
407
409
409
410
410
411
410
411
411
413
413
413
414
414
415
417
416
416
416
416
418
418
418
418
418
418
419
419
652
652
634
620
611
604
598
595
591
589
585
584
582
579
578
577
574
572
573
573
573
572
569
569
568
568
567
568
567
565
565
565
565
564
562
562
561
561
561
560
561
559
559
559
559
557
557
558
558
558
558
557
557
557
554
554
554
555
555
555
555
556
556
556
329
329
345
358
368
375
380
381
386
389
389
392
392
394
395
394
397
397
399
399
398
398
400
400
400
399
399
402
402
402
402
403
407
407
407
408
408
408
408
408
409
409
411
411
411
411
410
412
412
412
412
416
416
416
416
416
417
417
417
416
416
416
418
419
596
596
583
574
570
568
567
567
567
564
559
559
559
558
558
557
556
556
557
558
557
554
553
552
552
553
554
554
554
553
552
552
552
554
552
553
553
553
552
552
553
553
553
553
554
551
554
554
554
554
554
555
555
555
555
555
555
555
556
557
557
557
557
557
362
362
366
373
377
379
382
382
387
387
390
390
391
392
393
394
394
395
396
396
397
397
398
399
399
403
403
403
403
403
404
407
407
408
408
412
412
412
412
412
413
414
415
415
416
417
417
418
418
420
422
422
417
417
419
420
420
422
423
423
423
423
423
423
623
623
611
611
602
598
594
589
585
581
578
577
575
574
573
570
570
569
568
567
566
564
564
563
564
563
563
563
562
562
561
561
560
560
560
560
559
560
559
559
558
556
556
557
557
557
557
558
558
558
557
556
556
557
557
557
558
558
558
559
558
558
557
557
352
352
359
369
371
374
376
378
381
382
382
384
385
387
387
387
390
391
392
392
392
394
394
394
394
399
399
399
398
400
402
403
404
403
404
405
407
407
407
408
411
411
411
412
415
416
416
416
419
419
419
420
421
421
422
422
422
422
422
423
422
423
423
423
629
629
623
616
610
606
601
596
591
585
582
582
581
578
576
576
574
573
573
572
571
569
568
567
566
565
565
564
565
564
562
562
562
560
561
561
561
560
559
559
559
559
559
559
559
559
558
557
556
556
557
557
558
558
558
558
558
559
559
559
559
559
559
557
349
349
359
363
366
366
368
373
376
379
380
380
380
381
382
383
383
383
385
387
388
388
388
390
392
394
397
397
399
399
400
400
399
399
403
403
403
406
410
410
410
410
410
411
415
416
416
422
424
422
419
418
418
420
420
420
420
422
421
424
421
424
421
422
624
625
624
613
608
608
605
598
595
592
592
586
585
583
581
581
581
577
575
574
574
573
571
571
571
569
569
569
569
568
567
567
567
566
566
566
564
564
564
564
562
562
562
562
561
560
559
559
560
560
561
561
561
561
561
561
561
562
562
562
561
561
561
561
344
344
350
351
361
362
374
374
374
372
374
374
376
378
379
380
380
381
381
382
385
385
389
390
390
391
391
394
394
397
397
400
402
402
402
404
405
406
407
407
409
411
412
414
415
415
417
418
418
419
420
420
421
421
419
419
421
421
421
421
421
421
422
422
638
638
627
625
617
610
607
600
599
596
596
596
587
586
586
584
581
580
580
579
578
576
576
576
575
573
573
573
571
571
571
571
570
568
567
567
567
567
564
564
564
564
563
563
563
561
561
561
562
563
563
563
561
561
561
562
562
562
562
561
562
561
562
562
343
343
351
357
359
365
367
367
370
374
374
374
375
384
384
380
377
380
382
382
383
384
387
387
390
391
393
393
394
394
397
399
400
401
401
401
403
404
407
407
409
411
411
413
415
415
416
418
418
418
420
420
420
420
421
422
422
424
424
423
422
422
422
420
