419
420
423
424
425
425
426
426
426
427
427
427
427
428
428
428
428
428
429
428
429
429
429
430
430
430
430
430
430
430
430
431
432
432
431
431
431
431
431
431
431
431
431
431
431
432
432
432
432
432
432
432
432
433
433
433
433
433
433
433
433
433
433
433
565
565
563
561
560
559
559
558
556
556
554
554
553
553
553
551
551
551
551
550
550
549
549
548
548
547
547
547
546
546
546
546
545
545
544
544
544
544
544
543
543
543
544
543
543
542
542
542
542
542
541
541
541
541
541
541
541
541
540
540
540
540
539
540
404
404
410
411
412
414
414
415
415
417
417
417
418
419
419
420
420
421
421
422
422
425
425
424
424
424
425
425
426
426
426
426
427
427
427
427
427
428
428
428
428
430
430
429
429
429
429
430
430
430
430
430
429
430
431
431
431
431
431
432
432
431
431
432
564
564
562
561
560
558
558
556
556
555
554
553
553
553
552
552
551
551
550
550
550
549
549
548
548
548
547
547
546
546
546
546
545
545
545
545
544
544
544
544
543
542
543
543
543
543
543
542
542
542
542
542
542
542
542
541
541
541
541
541
541
541
541
541
408
408
409
410
411
412
413
414
414
415
416
417
417
417
418
418
419
419
420
421
423
422
422
422
422
423
423
423
424
424
425
425
425
425
426
426
426
426
426
426
427
428
428
427
427
428
428
429
429
429
429
429
429
429
430
430
430
430
431
433
431
431
431
431
564
564
562
562
561
558
557
557
557
555
554
554
553
553
553
553
552
551
550
550
550
549
549
548
548
548
547
547
547
546
546
545
545
545
545
545
545
544
544
544
543
543
543
542
542
542
542
542
542
542
542
542
541
542
542
542
541
540
540
540
540
540
540
540
407
407
408
411
412
413
413
413
414
416
416
417
417
418
419
419
420
420
420
420
421
421
421
422
423
423
423
423
424
424
424
425
425
425
426
426
426
426
427
427
427
427
427
428
428
428
428
428
429
429
429
429
429
429
430
430
430
430
431
431
431
431
431
431
564
564
562
562
560
563
558
557
556
555
555
555
554
552
552
551
551
550
550
550
549
549
549
549
548
547
547
547
546
546
546
546
545
545
544
544
544
544
543
543
543
544
544
542
542
542
542
542
542
541
541
541
541
541
540
541
540
541
540
541
540
540
540
540
408
408
410
411
412
413
414
415
416
416
416
418
419
419
419
419
419
420
420
421
422
422
422
423
423
423
423
423
422
425
425
425
425
426
426
426
427
427
427
427
428
428
428
428
428
429
429
429
429
429
429
430
430
430
430
430
430
430
431
430
431
431
431
431
564
564
562
560
559
558
558
557
555
555
554
554
553
553
552
551
551
551
550
550
549
549
549
549
548
547
547
547
546
546
546
546
545
545
545
545
545
544
544
543
543
543
543
543
542
542
541
541
542
542
541
541
541
541
541
541
541
541
540
540
540
540
540
540
407
407
409
410
412
412
413
413
414
415
416
417
417
417
418
419
419
419
420
421
421
421
421
422
422
423
423
423
423
423
423
423
425
426
426
426
426
426
427
427
431
427
429
428
429
428
428
428
429
429
429
429
429
429
429
429
429
429
429
429
430
431
431
431
551
551
548
546
544
542
540
540
540
539
538
538
537
537
536
536
535
535
535
535
535
534
534
534
534
534
533
533
533
533
533
532
532
532
532
531
531
531
531
531
531
531
531
531
530
530
530
530
530
530
530
530
529
529
529
529
529
529
529
529
529
529
529
529
408
408
412
414
414
417
418
418
419
420
421
422
422
424
425
426
425
426
427
428
429
429
430
430
431
432
432
433
433
433
434
434
434
434
435
435
436
436
436
437
437
437
438
438
438
438
439
439
439
439
440
440
440
440
440
440
440
440
441
443
442
442
442
442
564
564
561
559
557
555
554
553
551
551
550
548
548
546
545
545
545
544
544
543
542
542
541
540
540
540
539
538
538
538
538
537
536
536
536
535
535
535
535
534
534
534
533
533
533
533
532
532
532
532
532
531
531
531
531
531
531
531
530
530
530
530
530
530
412
409
411
411
412
415
416
419
419
419
420
421
421
423
423
424
426
426
426
428
429
429
430
430
431
431
431
432
432
433
433
434
434
434
437
437
437
436
437
437
437
438
439
444
444
439
439
440
440
440
440
440
441
441
441
441
442
442
442
443
443
443
443
443
564
564
562
560
558
556
555
553
553
551
550
550
549
548
547
546
545
545
544
544
543
542
542
541
541
540
540
539
539
538
537
537
537
536
536
535
535
534
534
534
533
533
533
533
532
532
532
532
531
531
531
531
531
531
530
530
529
529
530
530
530
530
529
530
407
407
408
412
413
415
416
417
418
419
421
421
422
423
424
424
424
425
426
427
428
429
430
430
430
431
432
432
432
433
433
434
434
435
435
435
436
436
436
437
437
438
438
438
439
439
439
439
440
442
441
441
441
441
442
442
442
442
442
442
443
443
443
443
566
566
562
560
558
556
554
553
552
551
550
549
549
547
546
546
545
545
544
543
543
542
541
541
540
540
539
539
538
538
537
537
537
536
536
535
535
535
535
535
534
534
533
533
533
533
532
532
532
532
532
533
533
533
531
531
531
530
530
530
530
530
530
529
402
402
409
409
415
415
416
416
417
418
418
418
420
421
422
423
423
424
425
426
427
428
428
429
429
430
431
433
433
433
433
433
434
434
434
435
436
436
436
437
439
439
438
438
438
439
439
439
440
440
441
441
441
441
442
442
442
442
442
442
443
443
443
444
567
567
564
562
560
558
555
555
554
554
552
551
550
549
548
548
547
546
545
544
544
543
543
543
542
541
540
540
540
539
538
538
537
537
536
536
535
535
534
534
534
534
534
534
534
533
532
532
532
532
532
532
531
531
531
533
536
533
530
530
530
530
530
529
404
404
407
409
410
411
414
415
417
418
418
418
419
420
421
422
423
424
424
425
426
427
427
428
429
429
430
430
432
432
432
432
433
434
434
434
434
435
435
436
436
437
437
437
438
438
438
438
439
439
440
440
440
442
442
441
441
442
442
442
442
442
443
443
556
556
552
548
545
545
540
538
537
536
535
532
532
531
531
530
529
529
529
528
528
527
527
527
527
527
527
527
527
527
527
526
526
526
526
526
526
526
525
525
525
525
525
526
526
526
526
526
525
525
525
525
525
525
525
525
525
525
524
524
525
525
525
525
410
410
411
411
414
418
420
422
423
425
427
428
429
430
430
432
434
435
435
435
436
437
438
439
439
439
440
441
441
441
441
441
442
443
443
443
444
445
445
445
445
445
445
445
445
445
446
446
446
446
446
446
446
446
446
446
446
447
447
447
448
448
448
449
566
566
562
558
554
554
551
549
547
545
544
542
541
540
540
539
536
536
534
534
533
533
532
532
530
530
531
531
530
530
530
529
529
529
528
528
528
528
528
527
527
527
527
527
527
527
526
526
526
526
526
526
526
526
526
526
526
526
526
526
526
526
526
526
405
405
409
412
414
416
418
420
422
422
425
426
428
429
430
432
433
433
434
435
436
437
437
439
439
440
440
441
441
441
442
442
443
443
443
443
444
444
444
444
444
445
445
445
445
445
445
446
447
447
447
447
447
447
447
447
447
447
447
448
448
448
448
448
568
568
564
560
557
555
554
550
548
545
543
543
542
541
539
538
537
536
536
535
533
533
532
532
532
532
531
530
530
530
529
529
529
528
528
528
528
528
527
527
527
528
528
528
528
527
527
527
526
525
525
525
526
526
525
525
525
525
525
525
526
526
526
526
405
405
407
411
416
416
416
420
420
421
425
426
427
428
429
430
430
431
433
434
435
436
436
436
437
437
438
439
439
440
440
441
441
442
442
442
442
443
444
446
444
444
444
445
445
445
444
444
444
445
446
446
446
447
447
447
447
447
447
447
448
450
448
448
569
569
565
561
558
556
554
551
549
547
545
543
543
543
542
540
538
537
536
535
534
534
532
532
532
532
531
531
530
530
530
530
530
529
529
529
529
529
528
528
528
528
528
528
527
527
527
527
526
526
526
526
526
526
526
526
526
526
526
526
525
525
526
526
410
407
407
410
413
414
417
420
420
422
425
425
426
427
429
429
431
432
433
434
434
435
436
437
438
438
439
439
439
440
440
441
441
441
442
442
442
442
442
442
443
443
444
444
445
445
445
445
445
446
446
446
446
446
446
447
447
447
447
447
448
448
448
448
565
566
566
562
559
556
554
551
550
547
546
543
542
541
540
539
537
536
535
535
535
534
533
533
532
532
531
531
530
530
530
530
530
529
529
529
529
528
528
528
528
528
530
530
527
527
527
527
527
526
526
527
527
527
527
526
526
526
526
526
526
526
526
526
402
402
406
407
411
412
414
418
420
422
423
424
426
427
429
429
432
432
434
434
435
436
436
436
437
438
438
438
439
440
440
440
440
441
441
441
441
442
442
442
443
443
444
444
444
444
444
444
444
444
444
445
445
445
447
447
446
446
446
447
447
447
447
447
553
553
545
539
532
531
531
529
529
528
528
528
527
527
527
527
526
526
526
526
526
526
526
526
526
525
525
525
526
526
525
525
525
526
526
526
526
526
526
526
526
526
526
527
527
527
527
527
527
527
527
527
527
527
527
527
527
527
527
527
527
528
528
528
409
409
415
419
422
426
427
430
430
432
433
434
436
435
435
435
435
436
436
437
437
437
438
438
438
439
440
440
444
444
443
443
443
443
444
446
446
446
446
446
447
447
448
448
448
449
449
449
449
450
450
450
450
452
452
452
453
451
452
452
452
452
452
452
559
559
551
548
545
542
539
537
537
536
533
532
532
532
531
530
530
530
530
529
529
529
528
528
528
528
528
528
528
527
527
527
528
528
528
527
528
527
527
527
527
527
527
527
527
527
528
528
528
528
527
527
528
528
528
528
527
527
527
528
528
528
528
528
406
406
412
417
419
422
425
427
429
429
430
432
432
432
432
433
434
434
435
435
436
436
437
437
438
439
441
440
441
441
441
441
442
441
443
445
445
445
445
446
446
446
446
448
448
448
449
449
449
449
450
450
450
450
451
451
452
452
452
452
452
452
452
452
551
556
551
551
547
543
541
540
538
536
535
534
534
533
533
533
532
532
531
531
531
531
530
530
529
530
529
529
529
529
529
529
529
529
529
528
528
528
528
528
528
528
528
528
528
528
528
528
529
529
529
529
529
529
529
529
528
527
527
527
525
524
523
523
412
412
420
423
426
431
432
433
435
435
435
436
437
437
438
438
438
439
439
439
440
440
441
442
442
443
443
444
444
445
445
446
446
447
447
447
448
448
449
449
449
450
450
452
452
451
451
451
451
451
452
452
452
452
452
452
452
453
453
453
453
453
453
453
561
561
556
550
548
546
540
538
536
535
535
534
534
532
530
530
529
529
529
528
528
528
527
527
527
526
526
526
526
526
526
526
526
526
526
526
526
525
525
525
525
525
525
525
524
524
524
524
524
525
525
525
525
524
524
524
525
525
525
525
525
525
525
525
407
407
413
417
424
427
428
430
431
432
432
434
434
434
435
435
435
436
437
437
438
438
438
439
439
440
441
441
442
442
443
443
444
444
444
445
446
446
446
447
447
448
448
448
449
449
449
449
450
450
451
451
451
452
452
452
452
453
453
453
453
453
453
453
563
563
556
551
546
544
540
539
536
534
534
534
533
532
531
531
530
530
530
529
529
528
528
527
527
527
527
527
526
526
526
526
526
526
526
525
525
525
525
525
524
524
524
524
524
524
523
523
524
524
523
523
523
523
523
523
523
523
524
524
524
524
524
523
408
408
415
418
424
424
427
429
431
432
433
435
435
435
435
436
436
438
438
438
438
439
440
440
441
441
441
442
442
442
443
443
444
445
445
447
448
449
449
449
450
450
450
451
451
451
451
452
452
452
452
453
454
454
454
454
454
454
454
454
455
455
455
455
