478
480
480
480
480
480
480
480
480
480
480
478
478
480
480
480
480
481
479
477
477
479
479
479
478
480
480
480
480
480
480
480
481
480
480
480
479
479
480
480
480
479
479
480
480
482
480
480
480
480
480
480
478
480
480
480
480
480
480
480
480
481
481
480
510
510
510
509
508
508
507
507
507
508
508
508
507
507
508
508
508
507
507
507
507
506
506
508
508
507
507
507
507
507
507
508
507
506
506
507
507
506
506
507
507
507
507
507
507
507
507
507
507
507
507
507
506
506
507
507
506
506
507
507
507
506
506
506
468
468
469
470
472
474
474
474
474
474
476
476
479
479
476
476
477
477
477
477
478
478
478
478
478
469
478
477
478
478
478
479
479
480
480
479
479
479
479
479
479
490
483
483
480
480
480
480
479
479
479
479
479
479
479
479
479
479
478
478
478
480
480
480
518
518
516
516
513
514
513
513
512
512
512
512
512
511
511
511
511
511
510
510
509
509
510
510
509
509
509
509
509
509
509
506
508
508
508
508
508
507
508
507
507
507
507
507
507
508
507
507
507
507
507
507
507
507
507
507
507
507
507
507
507
507
506
505
467
467
467
471
472
472
474
474
474
475
475
475
475
475
475
475
475
476
476
478
478
479
478
479
478
478
478
478
480
478
476
476
482
482
480
479
480
480
480
480
479
479
479
479
479
479
478
478
479
480
479
479
479
480
480
479
479
479
479
477
477
480
480
480
520
520
516
509
509
515
515
515
514
514
514
513
511
511
511
511
511
511
511
511
511
510
509
510
509
509
509
509
509
509
509
509
509
510
510
509
508
508
508
507
508
507
508
508
508
508
508
508
508
507
507
507
507
507
507
507
507
507
507
507
508
507
507
506
466
466
470
470
473
474
473
474
475
475
476
476
476
476
476
477
477
477
477
477
477
478
478
479
479
479
479
479
479
479
479
478
479
479
479
480
480
480
479
479
478
478
478
479
479
479
479
479
480
480
480
479
479
480
480
480
479
479
479
480
480
496
480
479
520
520
518
517
515
516
515
514
514
514
513
513
513
513
512
512
512
512
512
510
510
510
497
497
508
509
509
509
516
516
508
508
508
509
508
508
507
508
508
508
508
507
508
508
511
508
508
508
508
508
509
509
507
507
506
507
506
507
507
507
507
507
507
507
467
467
467
470
470
473
473
473
474
475
475
476
476
476
476
477
477
477
475
472
472
478
478
478
477
478
477
478
478
478
477
477
479
479
478
478
479
479
480
480
480
479
478
478
478
478
479
479
479
479
479
480
480
479
479
479
478
478
478
478
478
479
479
480
518
518
518
518
516
516
516
514
513
513
513
513
513
512
512
512
511
511
511
511
511
511
510
510
510
509
510
510
510
509
509
509
509
510
507
509
509
509
508
508
508
508
508
508
508
508
508
509
508
508
508
508
509
509
507
507
506
506
495
507
506
506
506
507
467
467
468
472
472
472
472
473
473
473
473
473
473
475
476
476
477
477
477
477
477
476
477
476
477
478
478
478
478
478
481
479
479
479
479
479
479
476
476
477
478
480
480
479
479
479
480
479
480
480
480
479
479
479
479
478
478
480
480
480
480
479
479
479
511
511
510
510
508
508
506
508
508
508
506
506
506
505
506
505
505
504
504
505
505
505
505
505
505
506
505
506
505
506
505
505
505
504
503
503
504
504
504
504
504
504
504
506
503
504
504
504
504
503
504
504
504
504
504
505
504
505
504
505
504
504
494
494
471
471
474
475
476
476
476
476
477
479
479
479
478
479
478
479
479
479
479
479
479
478
478
479
479
479
479
479
478
477
477
478
478
478
478
479
479
468
468
477
479
479
479
479
479
479
479
479
479
478
480
479
479
479
479
479
479
479
479
479
479
479
479
480
517
517
517
516
516
516
516
515
515
514
514
513
512
512
511
511
510
510
511
511
511
510
510
510
509
508
508
508
507
507
506
507
507
507
507
507
507
508
508
506
506
506
506
506
506
506
506
505
505
505
506
506
506
506
506
506
506
505
505
505
505
505
505
505
471
469
471
475
476
476
477
477
477
477
477
477
477
478
476
477
476
477
477
477
477
477
477
477
478
478
479
476
477
477
477
477
478
476
478
478
478
478
478
477
477
478
478
478
477
477
476
478
478
478
478
478
479
479
478
478
478
478
478
478
478
478
478
477
517
519
520
520
517
516
516
515
514
515
514
513
512
511
512
511
512
511
511
510
510
510
510
510
508
508
508
508
507
509
509
509
509
509
508
508
508
507
507
507
508
507
506
506
506
506
506
507
507
506
506
506
507
507
506
506
506
507
504
506
505
505
505
506
470
470
472
474
474
474
474
474
475
476
476
476
475
475
475
475
475
475
477
477
477
477
477
477
477
477
477
477
477
475
475
476
477
477
477
477
477
474
475
475
476
476
476
477
477
477
477
477
477
477
479
477
478
477
477
477
477
478
478
478
478
478
478
478
518
518
518
517
517
517
517
518
518
516
515
514
513
512
513
511
512
511
512
511
511
511
511
518
509
509
509
509
509
509
509
509
509
507
507
507
506
506
507
508
508
508
508
508
507
505
505
505
505
505
507
506
507
507
507
507
506
507
505
505
505
505
506
506
473
472
472
472
472
472
472
472
474
476
476
476
476
476
475
475
475
477
474
475
475
475
476
476
479
479
478
475
477
475
477
477
482
482
477
477
477
477
477
475
475
476
476
477
477
478
477
478
478
478
478
477
477
477
476
475
475
476
476
476
477
477
478
478
521
521
518
517
517
516
516
517
517
515
514
514
514
514
514
512
512
512
512
512
511
510
508
508
510
510
510
510
509
509
509
509
509
508
508
508
508
508
508
506
508
507
507
507
507
508
507
507
507
505
504
505
506
506
506
506
506
506
506
506
506
506
506
506
469
469
471
472
472
474
474
474
474
473
473
473
475
475
476
476
477
477
476
476
480
480
477
477
475
474
474
476
477
477
476
476
477
477
477
477
477
477
476
476
477
477
477
477
477
477
477
478
477
478
476
477
477
477
480
475
478
476
478
477
477
477
477
478
516
519
516
513
512
511
510
508
508
508
508
507
511
507
506
506
506
504
504
504
506
506
505
505
507
507
506
505
505
505
509
505
506
506
509
509
506
506
506
506
506
506
506
506
506
506
506
506
507
507
507
505
505
508
508
508
507
507
507
507
507
508
507
508
468
468
468
473
473
472
472
475
475
474
472
472
476
476
476
476
476
476
475
475
475
475
476
475
476
476
476
476
475
475
476
476
476
476
475
476
477
477
477
477
477
477
477
477
477
477
478
478
477
475
475
477
478
479
479
479
479
478
475
475
476
477
477
477
522
523
522
522
521
520
517
516
515
514
514
515
517
517
513
512
512
511
511
511
511
510
510
510
509
508
508
508
508
509
509
509
507
507
507
494
508
508
508
508
508
508
508
508
508
508
510
510
508
508
508
508
508
508
508
508
508
508
508
509
509
509
508
508
476
461
466
466
468
469
471
472
472
472
472
472
473
473
472
472
472
475
474
474
474
474
474
474
475
475
475
476
475
475
475
475
475
475
474
474
475
475
475
477
477
475
475
476
476
475
475
476
476
475
475
475
474
476
477
477
480
476
476
476
474
474
477
477
524
524
523
523
523
520
519
518
517
515
515
515
515
512
512
513
513
512
511
511
511
511
512
510
510
510
510
510
509
509
509
509
508
508
508
507
506
507
508
508
507
507
508
508
509
508
508
508
508
508
506
508
508
508
508
508
508
508
508
507
507
507
508
507
460
460
462
463
466
466
467
467
468
468
469
471
472
475
472
472
472
472
472
474
474
473
473
473
473
473
473
475
475
475
473
472
472
472
474
474
475
474
474
474
474
474
475
475
475
475
475
474
474
476
476
476
477
476
476
475
476
476
476
476
476
476
476
476
525
525
525
523
522
521
520
520
517
520
517
519
516
514
514
514
514
514
514
513
512
511
511
511
511
510
510
510
510
510
509
509
509
509
509
509
508
508
508
508
508
508
507
507
508
508
507
507
508
508
508
512
509
515
509
513
508
508
508
508
508
507
508
508
460
457
460
463
463
465
466
467
468
468
468
469
469
471
473
473
472
472
472
472
473
474
473
474
473
474
474
474
473
473
473
474
474
475
475
475
478
474
474
473
474
475
475
476
476
476
476
476
475
475
468
468
476
476
476
476
476
476
476
476
477
477
476
473
524
524
523
521
521
521
521
519
517
515
515
515
517
514
513
513
512
512
508
508
510
511
511
511
510
510
510
510
510
509
509
508
509
508
508
508
508
508
508
507
507
507
507
506
507
508
508
507
507
509
509
508
508
507
508
507
507
507
507
507
508
508
507
507
464
462
462
462
464
465
465
468
468
470
470
470
471
471
471
471
472
474
474
474
472
474
472
472
472
474
475
474
477
474
475
473
475
479
479
476
475
475
475
475
474
471
471
474
474
475
475
476
476
476
475
475
475
475
475
474
475
477
477
477
476
476
476
477
518
518
516
514
512
510
510
509
510
508
505
505
506
507
507
507
507
507
506
506
506
506
508
509
509
508
508
508
507
508
508
509
508
508
508
508
509
509
508
508
507
508
508
508
508
507
508
508
508
508
508
508
508
508
508
508
507
507
506
506
506
508
508
507
458
458
459
463
466
466
469
469
468
468
470
472
473
473
474
476
476
476
476
477
477
477
478
478
476
476
478
478
478
479
479
479
479
479
479
480
480
480
479
479
480
481
480
479
479
479
478
479
479
481
481
481
480
480
479
480
480
480
479
479
479
479
479
479
526
527
529
529
518
515
515
515
512
506
512
513
513
508
508
508
508
507
507
508
508
508
506
507
507
507
507
506
506
506
506
506
506
506
506
505
506
505
505
505
503
505
505
505
504
498
504
504
504
504
504
504
503
503
505
505
504
503
504
505
505
505
505
505
460
460
460
461
466
466
468
470
470
471
471
471
473
473
473
473
474
475
475
475
470
476
477
477
477
477
477
477
478
477
477
477
478
478
478
480
480
478
478
478
479
480
479
479
479
479
479
480
480
480
479
480
481
481
479
479
480
480
480
479
479
479
479
480
526
526
524
521
520
518
515
514
514
513
514
511
510
509
509
509
509
508
508
508
509
508
508
508
508
507
507
507
506
506
506
506
506
508
508
503
503
506
506
505
505
503
504
503
504
505
505
505
505
505
504
504
505
505
505
505
505
505
505
505
505
505
505
504
457
457
460
461
464
469
469
469
470
472
472
473
473
474
474
474
475
475
475
475
475
476
476
476
476
476
476
477
477
478
478
478
478
478
478
479
479
480
479
480
479
480
480
480
479
479
479
480
480
479
478
478
479
479
480
480
480
480
494
480
480
478
478
479
525
525
525
522
519
515
515
515
512
511
511
509
509
509
509
509
509
508
507
507
507
507
507
507
507
508
508
507
507
506
506
506
506
506
505
505
505
505
505
504
504
503
503
504
504
504
504
504
504
504
504
504
505
504
504
504
504
505
507
507
506
504
500
500
458
458
460
460
464
468
468
468
470
472
471
472
472
472
472
474
474
475
475
475
474
474
474
476
476
477
477
476
476
476
477
477
478
478
479
479
479
479
479
479
479
479
479
479
479
479
479
479
479
477
479
480
480
480
480
470
467
467
480
480
480
476
479
479
529
529
524
521
519
517
515
515
512
512
512
512
515
510
510
510
509
508
509
509
509
509
508
507
508
507
508
508
508
507
507
506
506
507
507
507
506
506
506
506
506
506
506
505
505
505
505
505
504
505
504
504
504
504
504
504
504
503
502
503
504
504
504
504
456
456
460
460
460
462
466
469
470
470
470
472
472
473
473
473
474
476
476
476
476
478
476
476
476
476
477
477
477
477
477
478
478
479
478
480
479
479
479
482
482
481
480
480
480
480
480
480
480
479
479
481
481
480
479
479
478
478
480
480
479
479
479
479
