279
279
285
290
291
293
297
301
304
305
308
310
312
313
314
315
318
319
320
321
321
322
324
326
326
326
328
329
330
330
333
333
333
333
334
335
335
336
337
337
337
338
338
339
339
339
340
341
341
341
341
342
342
343
343
343
343
343
343
344
344
344
343
343
778
778
766
761
750
745
738
733
728
724
719
711
708
708
702
697
697
694
692
689
688
684
682
681
678
677
674
673
670
670
669
667
665
664
664
664
663
661
657
657
657
657
656
656
656
654
653
653
653
652
651
651
650
643
643
648
648
648
648
647
646
646
646
645
196
196
208
208
225
232
238
244
249
255
260
265
271
272
275
282
282
282
287
288
292
294
296
300
301
305
305
305
308
313
313
313
316
319
320
320
320
323
323
325
326
327
328
328
330
331
331
332
334
334
335
335
336
337
338
337
337
337
339
339
340
341
341
341
780
780
770
760
754
747
739
735
728
725
716
712
710
710
704
700
698
696
689
687
688
681
681
679
677
673
671
671
669
667
666
665
663
663
663
659
658
658
657
656
655
653
653
653
651
650
650
650
648
648
647
646
646
645
645
645
644
644
644
644
649
643
652
642
192
192
205
214
220
228
233
240
245
251
256
260
264
268
270
272
278
281
281
287
290
291
294
298
301
301
303
303
305
310
311
313
315
316
319
321
321
324
325
325
325
326
327
329
331
332
332
332
333
334
335
335
336
337
337
338
338
339
339
340
341
341
341
346
784
784
768
762
753
748
742
736
732
725
721
716
713
707
704
701
698
695
692
686
685
684
678
677
676
675
673
672
670
667
666
664
662
662
662
663
658
656
656
654
653
653
651
650
650
650
648
647
647
646
646
645
644
643
643
643
643
642
642
642
642
642
641
641
191
191
204
212
218
220
233
238
248
250
252
255
259
266
271
274
277
279
281
286
288
291
293
296
298
300
302
306
307
309
312
312
312
316
318
318
323
319
323
324
325
325
331
333
334
333
332
332
334
334
334
335
336
336
337
338
339
339
339
339
340
340
341
341
783
783
777
759
748
740
740
736
730
725
721
717
717
712
704
695
695
695
692
689
688
684
681
680
679
673
670
670
669
668
666
663
662
662
655
655
655
655
655
651
651
651
651
649
649
645
644
645
646
646
644
644
644
643
642
642
642
642
641
641
641
640
640
640
190
190
202
218
219
219
225
236
243
244
253
259
262
266
270
273
276
278
282
285
287
289
291
292
297
297
302
304
305
308
311
311
311
317
319
319
320
321
325
325
325
327
328
328
329
329
331
332
333
334
335
335
335
336
337
337
338
338
339
340
340
340
341
341
784
784
771
761
756
747
741
736
731
725
720
716
718
712
704
704
698
694
693
690
680
680
680
679
676
676
672
671
668
666
665
663
661
660
658
657
654
651
652
651
651
651
650
649
648
647
645
645
645
645
644
643
643
643
642
642
641
641
640
640
639
639
639
638
190
190
200
215
219
225
231
231
242
248
253
256
261
263
265
272
275
279
284
284
287
288
292
296
297
301
303
304
306
308
308
311
315
317
317
317
320
321
321
324
325
326
327
331
331
331
331
333
333
333
334
341
336
337
336
337
338
338
338
339
339
341
341
341
704
704
678
676
652
645
641
638
636
635
634
634
633
632
632
631
631
631
631
631
630
630
630
632
632
630
629
629
629
629
629
628
628
628
628
626
628
628
629
628
628
627
627
627
627
627
627
627
627
627
627
626
626
626
625
626
626
626
626
626
626
626
625
625
234
234
247
259
270
271
289
294
300
305
309
312
316
319
321
324
324
326
329
329
333
334
335
337
338
338
340
340
341
342
343
343
344
345
345
345
347
347
348
349
350
351
351
351
352
352
353
353
353
353
353
354
355
355
355
355
356
357
357
357
357
358
358
358
691
700
711
700
695
684
678
671
665
658
658
655
651
650
646
645
643
642
640
640
637
636
636
636
633
633
632
631
631
633
633
629
629
628
628
625
625
626
626
625
625
625
624
622
621
621
623
623
622
620
621
621
621
621
621
621
621
621
621
621
620
620
620
620
226
226
245
259
270
278
288
294
300
302
309
312
318
320
320
322
323
325
329
332
333
333
336
338
338
338
340
340
344
345
344
345
347
348
349
349
350
351
352
353
353
354
355
356
356
356
357
358
359
359
359
359
360
360
360
361
361
361
361
362
361
363
363
363
706
714
714
710
698
688
680
671
667
665
658
654
651
649
648
644
641
640
640
639
638
637
635
634
633
633
632
632
629
629
629
628
628
626
625
625
625
625
625
624
623
623
622
622
621
620
620
620
620
620
620
620
620
619
619
618
618
618
618
618
618
618
618
618
229
229
247
265
271
280
289
292
301
306
310
312
319
321
321
322
326
326
329
330
333
334
335
336
338
339
340
341
342
343
342
343
348
348
349
350
352
352
352
354
355
355
356
358
358
358
359
359
359
359
360
361
361
362
362
363
363
363
363
363
363
364
365
365
685
693
708
699
699
689
680
677
667
664
656
653
649
645
643
643
643
640
638
637
636
635
634
634
633
631
630
629
629
628
627
627
625
625
625
624
623
623
622
621
621
621
620
620
619
619
619
619
619
618
618
616
616
617
617
617
616
615
615
615
615
615
615
615
229
229
248
262
271
284
291
298
304
313
314
316
317
322
324
326
327
329
329
333
336
336
336
342
343
343
344
344
345
347
347
347
349
350
351
351
352
353
355
355
355
357
357
358
358
359
359
360
361
362
361
362
362
363
363
363
363
364
364
364
365
365
366
366
688
718
718
710
698
689
682
675
673
661
656
653
647
645
643
643
640
639
638
636
634
634
631
630
629
629
629
629
627
626
626
625
624
624
624
623
622
622
622
621
620
620
619
619
619
619
618
618
618
617
617
617
617
616
616
616
618
618
615
615
615
615
615
615
229
229
252
265
272
281
295
296
302
307
310
315
325
325
325
325
328
328
331
331
334
336
337
338
340
341
341
342
344
346
347
348
349
349
351
352
353
353
353
355
356
357
357
357
358
358
358
359
360
361
362
362
362
363
363
363
364
364
364
365
365
365
365
366
673
673
643
640
635
628
626
624
621
619
618
618
617
614
613
612
612
612
613
613
612
612
612
612
612
612
612
612
612
612
612
612
612
612
612
612
612
613
613
613
613
613
613
614
614
614
614
614
614
614
615
615
615
615
616
616
616
616
616
616
616
617
617
617
265
265
281
292
299
304
309
314
318
321
324
326
328
332
332
332
333
337
338
340
341
341
344
344
346
348
348
349
349
350
352
353
354
355
356
357
358
359
359
361
361
362
363
363
366
366
368
366
366
366
367
367
368
368
368
369
370
371
370
370
370
371
372
379
703
703
688
677
669
664
656
650
648
642
638
636
632
632
632
629
628
627
626
625
624
623
623
621
620
620
620
619
618
618
617
616
616
616
615
613
611
611
613
613
613
613
610
610
613
613
613
612
612
612
612
612
612
612
612
612
612
612
612
612
612
612
612
612
263
263
280
290
295
301
306
311
314
319
319
320
327
328
331
331
334
335
336
338
340
342
343
343
343
345
347
348
349
351
352
353
355
355
356
357
359
360
360
361
364
364
364
365
366
368
368
368
368
368
370
370
370
371
372
373
374
374
374
374
375
379
379
390
704
704
682
680
672
665
660
653
648
644
639
638
635
634
631
630
627
627
627
626
625
625
624
623
623
621
620
619
617
617
616
616
617
617
615
615
614
614
613
613
612
612
611
611
611
611
611
610
610
610
610
610
610
609
609
609
610
610
609
609
608
608
609
609
270
270
282
296
297
302
306
311
315
319
319
328
328
328
331
333
335
335
336
339
340
341
342
343
345
347
347
348
350
351
351
351
354
356
356
357
359
361
362
364
364
365
366
367
369
369
369
369
371
371
371
372
373
373
374
375
375
375
375
376
376
377
377
377
705
705
690
677
672
666
660
654
650
645
641
640
635
634
632
631
631
630
627
626
625
625
624
623
622
621
620
620
619
617
617
617
617
619
616
614
614
613
613
612
612
611
611
611
611
610
610
610
609
608
608
608
608
608
608
608
608
608
607
608
607
608
608
608
266
266
281
291
296
302
307
312
316
320
322
326
328
332
334
334
334
336
337
338
340
341
343
344
345
346
348
349
350
352
352
353
356
357
357
358
359
361
363
364
368
368
368
368
369
370
371
371
371
371
373
374
375
375
376
377
377
378
378
378
378
379
379
380
703
703
690
681
675
667
662
652
651
646
641
639
635
634
632
631
629
628
627
626
626
624
623
622
621
620
620
619
618
618
617
616
615
615
614
614
613
611
610
610
610
610
609
609
608
608
608
608
607
607
607
607
606
606
606
606
606
606
606
606
606
606
606
606
263
263
284
288
297
302
307
312
317
320
323
329
331
332
334
334
336
337
339
341
341
342
343
344
345
347
350
351
351
351
352
352
356
356
357
358
359
361
362
364
364
367
368
369
371
371
371
372
372
374
375
376
376
377
377
377
378
379
379
380
380
381
381
381
655
655
630
627
627
621
619
615
612
610
610
610
607
605
605
604
604
604
604
604
604
605
605
605
604
604
603
603
603
603
602
601
601
601
601
602
602
602
602
602
603
603
603
603
603
603
603
604
604
604
604
604
604
605
604
604
604
605
605
605
605
605
605
605
272
272
284
291
298
304
313
318
321
324
327
329
331
333
336
338
340
341
343
345
348
350
352
354
356
359
360
362
363
366
370
372
372
372
374
375
376
376
377
378
378
379
384
384
384
380
383
383
384
384
384
384
385
386
386
386
386
386
386
388
388
388
388
388
695
695
684
677
668
659
648
628
628
626
626
623
621
620
619
617
615
614
613
612
612
611
610
610
609
606
606
605
604
604
603
603
603
602
601
601
601
601
601
601
601
601
601
601
601
601
601
601
601
601
601
602
602
602
602
602
602
603
603
603
603
604
604
604
272
272
281
288
295
304
309
314
318
319
324
326
329
331
334
334
336
340
342
347
348
350
351
354
357
360
362
368
369
369
371
372
375
377
375
377
379
380
380
381
383
384
384
384
385
386
386
387
387
388
388
388
388
389
389
389
389
389
389
389
389
389
389
389
703
703
693
686
671
664
655
645
639
635
632
628
627
625
624
619
618
618
616
616
614
613
611
610
610
607
607
607
606
605
604
604
603
602
601
602
601
601
600
600
600
600
600
600
600
600
599
599
600
600
602
603
602
602
601
602
602
602
602
602
602
603
603
603
272
272
281
289
297
304
311
312
315
319
322
324
328
330
332
335
336
338
341
344
345
349
353
354
357
359
362
364
367
370
372
374
375
375
376
377
379
381
382
382
385
386
386
386
387
387
387
388
388
388
388
389
390
390
390
390
390
391
391
391
390
390
390
391
706
706
699
688
676
668
660
650
643
636
632
632
627
625
625
624
620
620
620
617
617
615
614
610
610
610
607
606
606
605
603
603
603
603
601
602
601
600
600
600
600
600
599
598
599
599
599
599
599
599
599
600
600
600
600
600
600
600
601
601
601
601
601
601
271
271
280
291
301
302
307
311
314
316
320
323
328
329
334
335
338
340
342
343
345
349
352
353
356
359
360
368
369
370
373
375
376
379
379
380
381
384
384
385
386
386
386
387
388
393
393
391
390
390
390
390
391
391
391
391
392
392
392
392
392
392
392
392
705
705
700
687
677
667
658
651
644
639
636
634
631
629
627
624
621
621
617
619
617
616
615
613
612
612
610
607
607
605
604
604
604
602
602
602
602
602
602
601
601
601
600
600
600
600
600
600
600
600
600
600
600
600
600
600
600
600
600
600
600
600
601
601
271
271
282
290
297
302
306
310
313
316
323
324
324
328
331
334
336
338
341
342
345
348
350
353
353
355
357
364
367
369
372
374
376
378
379
379
380
383
384
385
385
386
386
387
388
388
389
389
389
390
390
389
389
389
391
391
391
391
392
392
392
391
391
391
