478
478
480
480
480
479
479
479
479
481
478
480
479
480
480
480
473
473
471
480
480
480
480
479
480
480
480
480
480
480
480
481
479
481
480
480
480
480
480
480
481
480
480
480
481
481
481
480
480
480
480
480
480
480
480
481
481
481
481
480
481
481
481
481
509
510
509
508
508
508
507
507
507
507
507
507
507
507
507
506
506
506
506
506
506
506
506
506
506
506
508
507
507
506
506
506
506
506
506
505
506
506
507
507
506
506
506
505
505
505
505
505
505
506
506
506
505
505
506
506
505
505
505
505
505
504
505
505
466
466
466
469
469
470
472
472
472
472
476
478
488
478
475
475
477
478
477
477
477
477
477
477
477
477
477
477
477
478
478
478
478
478
478
478
479
479
479
479
479
480
480
480
479
479
477
477
479
480
480
480
480
480
480
480
480
480
480
480
479
479
479
479
510
515
515
515
514
514
512
512
512
511
511
511
511
511
511
510
509
509
509
510
510
509
508
508
504
504
507
507
507
508
508
508
508
507
507
507
507
507
507
507
507
493
493
505
507
507
507
506
506
506
506
505
505
503
507
506
506
506
506
506
507
506
506
506
467
467
467
471
485
471
473
473
473
474
474
474
474
474
474
475
475
475
477
477
477
477
477
477
477
477
477
477
478
478
478
478
478
478
477
477
479
479
479
479
479
479
479
479
479
479
479
478
478
478
479
479
479
479
479
480
480
480
480
480
480
480
480
480
520
520
518
517
517
515
515
513
511
511
513
513
513
526
512
526
512
512
510
510
510
509
509
509
509
509
509
509
509
509
509
508
508
508
508
508
508
508
508
508
508
508
508
508
509
508
507
507
507
507
514
514
507
504
504
507
507
507
506
506
506
507
507
507
469
468
469
468
469
471
471
472
472
473
473
473
474
474
475
475
475
476
476
476
477
477
477
477
477
477
477
477
478
478
478
478
478
479
479
479
479
482
482
479
478
478
478
479
480
480
479
479
479
479
479
479
479
479
480
480
480
480
480
480
480
480
480
480
518
518
517
515
513
513
512
513
513
513
513
512
512
511
511
510
510
510
509
509
509
510
510
509
509
509
508
508
508
508
508
507
507
506
506
507
507
507
507
506
507
507
507
507
507
507
507
507
507
507
507
507
507
506
505
505
492
505
505
507
506
506
506
506
465
465
468
468
469
471
472
472
473
473
473
474
474
474
475
475
475
476
476
476
477
467
477
475
477
477
477
477
477
477
478
478
478
479
479
480
479
479
479
479
479
473
479
479
479
479
479
479
479
479
479
479
479
480
480
480
480
451
480
462
480
480
480
480
518
518
518
518
518
516
515
514
514
514
513
513
513
513
512
510
511
510
511
510
510
510
510
510
510
510
514
510
510
509
510
517
517
508
508
508
508
508
508
508
507
507
508
509
508
508
507
507
507
507
507
507
507
507
507
507
507
507
507
506
506
506
506
506
466
466
467
468
469
470
470
472
472
473
473
473
473
475
475
476
476
476
476
476
476
476
477
477
477
477
478
478
477
477
477
477
477
478
479
479
479
479
479
479
479
479
479
479
479
479
479
480
482
482
479
479
480
480
480
480
480
480
480
480
482
480
480
480
500
501
507
507
507
503
503
505
505
505
505
505
504
504
504
505
504
505
504
505
504
506
505
505
505
505
505
503
505
504
504
504
504
504
504
505
504
505
504
504
504
503
504
504
504
504
504
503
504
504
504
504
503
504
503
504
504
504
504
504
505
505
505
503
468
468
470
472
474
474
474
475
475
475
476
477
477
477
477
478
478
478
479
477
479
477
479
477
479
479
479
480
478
481
479
480
479
479
478
479
479
479
479
480
481
480
480
480
479
480
480
480
480
480
480
480
480
480
483
479
481
480
481
481
481
481
481
481
517
517
517
519
519
516
514
512
512
512
512
512
511
511
510
510
510
510
509
508
508
508
509
507
507
507
507
507
507
507
507
507
506
506
506
506
506
505
506
505
506
506
506
505
505
505
505
506
504
504
504
504
504
504
504
504
504
504
505
504
504
504
504
504
466
466
470
471
471
472
472
473
473
474
475
475
475
476
476
476
476
476
478
478
478
478
478
478
478
480
479
479
479
479
479
480
479
479
479
480
480
480
480
481
481
480
478
480
480
480
480
480
481
480
481
481
481
480
480
480
481
481
481
481
481
481
481
481
517
523
517
515
514
514
514
515
513
512
512
511
511
511
515
511
510
510
510
509
509
506
506
504
506
506
507
508
507
507
507
507
507
506
506
506
506
506
504
504
506
506
507
506
506
505
505
505
505
505
506
504
505
505
505
503
502
503
502
504
504
504
504
504
471
471
471
471
472
472
472
472
474
474
474
475
475
476
476
476
476
475
477
477
478
478
478
477
478
477
478
476
478
479
479
479
479
479
479
480
480
480
479
480
479
478
478
480
480
480
480
480
481
480
482
480
480
480
479
480
480
480
480
480
480
479
481
481
517
519
519
519
515
514
514
514
512
511
512
512
512
511
510
510
510
510
510
509
509
509
509
508
508
508
508
508
507
507
507
507
506
506
506
506
505
505
505
505
505
505
505
505
506
506
505
505
505
505
505
505
505
504
504
504
504
503
503
504
504
504
504
504
468
468
468
468
470
471
471
473
474
474
475
475
475
476
474
475
475
477
477
477
477
477
477
477
478
478
478
479
479
479
479
479
479
479
479
479
480
479
479
479
479
478
480
480
480
480
478
480
480
480
480
480
480
480
480
480
481
480
481
479
480
480
480
481
519
519
519
517
515
515
516
516
513
512
510
510
511
511
511
511
510
510
509
510
509
509
509
509
508
508
508
508
507
508
507
507
507
507
507
506
506
506
506
505
506
506
506
505
503
505
505
505
505
505
505
505
505
505
506
506
504
504
504
504
504
504
504
504
465
465
465
468
471
471
472
473
473
474
474
474
475
473
475
476
479
479
477
477
477
477
478
479
490
490
478
478
478
478
478
479
480
480
479
479
479
479
479
479
479
479
479
479
480
480
480
480
480
480
478
478
480
480
479
479
480
481
481
481
480
479
479
480
508
512
512
512
508
507
508
507
507
506
505
505
505
503
503
504
504
504
504
504
504
503
503
503
504
504
502
502
505
505
505
504
504
504
503
503
501
503
503
504
503
504
504
504
504
503
504
483
498
498
505
505
505
505
505
505
505
505
505
505
505
503
503
505
466
466
466
469
470
470
470
475
476
476
475
475
476
476
476
477
479
479
479
479
479
479
479
479
480
481
481
481
481
481
481
480
480
482
482
481
481
480
480
480
480
480
482
482
482
481
481
482
482
481
481
483
483
482
482
482
483
483
482
482
482
483
481
482
519
519
519
516
515
515
515
514
520
513
511
511
511
527
510
509
508
507
508
507
507
506
506
506
506
504
504
505
505
505
505
505
505
504
504
504
505
505
505
504
505
503
504
504
505
505
505
505
505
505
505
504
504
506
506
505
505
504
503
503
503
504
505
505
465
465
466
466
466
471
472
472
472
472
474
474
474
474
476
476
477
477
477
478
478
478
478
479
479
479
479
479
479
479
478
478
478
480
480
480
480
480
480
481
481
481
481
481
482
482
482
482
482
482
480
480
480
483
483
481
481
481
482
483
482
482
482
483
519
519
519
518
516
515
515
515
515
512
512
512
511
511
509
509
509
509
508
507
507
507
506
505
505
507
507
505
505
505
505
503
505
506
506
504
504
504
505
505
503
503
504
505
505
504
504
506
506
504
504
504
505
505
504
504
505
505
504
504
505
505
505
505
464
464
464
468
469
469
470
472
488
472
473
473
475
475
475
475
475
477
477
477
475
477
478
478
478
478
479
479
479
479
480
480
478
478
480
480
480
480
481
481
481
480
481
481
481
481
481
481
482
482
482
482
482
482
483
483
483
483
483
482
482
483
483
483
519
519
519
519
520
520
516
515
513
513
513
512
510
510
510
509
508
508
508
495
505
505
506
506
506
506
506
506
506
504
504
504
505
505
505
504
505
504
503
503
504
507
507
504
504
504
502
502
503
504
504
504
504
504
504
504
503
503
504
504
504
503
503
503
465
465
465
465
467
468
472
472
470
470
468
474
472
474
474
476
476
476
477
478
478
478
478
476
478
477
479
477
479
478
478
478
481
481
480
480
481
481
481
479
481
481
481
482
482
482
482
482
481
480
480
482
482
482
482
480
481
481
481
483
482
483
483
483
503
511
511
517
517
516
515
514
513
512
511
511
511
511
510
509
509
509
508
507
507
507
507
506
505
505
505
505
504
504
504
505
501
505
505
505
504
504
504
504
504
502
495
502
495
503
502
503
504
504
504
503
504
503
503
503
503
503
503
503
504
504
504
504
464
464
466
466
469
469
470
472
473
473
473
473
474
475
476
476
477
477
477
475
475
477
478
478
478
478
478
479
479
479
479
480
480
480
480
480
480
478
478
481
481
481
481
481
482
481
481
480
480
483
483
485
483
483
483
483
483
483
483
479
479
483
483
483
512
512
512
510
508
506
504
503
502
502
502
502
502
503
503
503
503
502
502
502
502
502
504
504
504
504
504
504
504
504
504
504
506
506
505
505
505
505
505
505
505
505
505
505
504
504
504
505
505
503
503
503
504
504
504
504
504
504
504
504
503
502
501
499
478
478
481
483
485
487
485
489
486
486
486
487
489
489
489
487
487
485
485
483
483
483
484
484
485
485
485
486
483
485
485
486
486
486
486
486
487
487
487
486
486
487
487
487
487
487
487
487
486
486
486
486
486
487
487
488
488
487
487
487
485
487
492
492
507
509
510
509
504
504
504
504
503
503
503
501
500
500
500
500
500
500
499
500
499
500
499
499
499
499
507
499
499
499
500
504
500
499
497
497
497
499
499
499
500
499
499
499
499
499
499
499
497
499
499
500
500
500
499
499
499
498
499
499
499
499
499
499
476
474
476
475
478
478
478
480
481
481
481
482
483
483
483
483
483
484
485
485
486
485
485
485
484
485
485
486
486
487
487
487
486
486
484
486
486
486
487
487
487
487
487
487
486
486
486
486
486
486
486
486
486
486
486
486
486
486
486
486
486
487
487
487
511
511
508
507
506
506
504
503
502
501
500
499
499
500
500
499
498
498
498
498
497
497
497
497
497
497
497
497
497
497
497
497
497
496
497
497
497
497
498
497
497
496
495
495
497
497
497
497
497
497
497
497
497
497
496
497
497
497
497
497
497
497
497
497
473
473
475
477
479
480
482
482
483
483
483
483
484
484
484
485
486
486
486
486
486
486
486
486
487
487
487
487
487
487
486
486
486
487
487
488
488
488
487
487
487
487
487
487
487
488
489
488
487
487
487
487
487
486
487
487
488
488
488
488
488
487
487
487
509
509
509
506
505
503
503
502
500
500
500
500
499
499
497
497
497
497
496
497
497
497
497
497
497
496
496
496
495
495
496
496
496
496
496
496
496
496
495
494
494
497
497
497
497
496
496
496
496
495
495
496
497
497
497
497
496
496
496
497
497
496
496
496
474
474
476
480
480
480
481
482
482
483
484
485
485
486
486
486
486
486
486
487
487
487
487
487
487
487
487
486
487
487
487
488
488
488
488
488
488
488
488
488
488
488
488
488
488
488
488
487
487
487
487
487
488
489
488
488
488
488
488
487
487
487
488
488
507
507
506
504
503
502
501
501
501
499
499
498
498
498
497
497
497
497
498
497
496
496
496
496
493
493
496
496
496
496
496
496
496
496
496
494
494
496
496
496
496
496
496
496
495
495
495
495
496
496
496
496
496
496
496
496
496
496
496
496
496
496
497
497
475
475
475
478
480
481
482
483
483
485
485
485
485
486
486
486
487
487
487
488
487
487
487
487
486
486
487
487
488
488
488
488
489
487
488
487
488
488
488
488
489
489
489
488
487
488
487
488
488
488
488
488
488
489
489
492
488
488
488
488
489
489
489
489
