481
481
481
481
480
480
482
482
481
481
481
481
482
480
480
480
480
481
481
481
481
481
481
481
481
481
481
482
481
481
481
481
480
481
481
482
482
481
480
480
480
480
481
480
481
481
481
481
481
481
481
481
481
482
481
480
480
481
481
482
482
482
482
481
539
539
539
537
537
536
536
536
536
535
535
535
535
535
534
534
534
534
534
534
534
534
534
534
534
534
534
531
525
525
518
532
533
533
533
533
533
535
535
533
533
533
534
533
533
533
533
533
533
534
534
534
534
533
534
534
534
533
533
533
533
533
533
533
437
437
441
443
443
443
447
449
450
451
451
451
452
452
451
451
451
453
453
453
452
445
445
453
453
453
455
455
455
457
457
455
455
455
456
456
455
455
454
455
455
456
456
456
456
456
456
456
456
457
457
457
456
457
457
457
456
456
457
458
457
458
457
457
554
554
552
549
549
549
547
546
546
545
545
545
545
543
543
542
542
544
544
540
539
539
539
539
539
539
537
537
537
537
536
536
536
536
536
536
536
536
536
535
535
534
534
534
534
534
534
534
538
538
535
535
534
533
533
533
534
534
534
532
532
533
533
533
437
437
442
444
444
445
447
448
449
451
451
452
452
453
453
453
453
454
460
454
469
455
455
455
455
455
455
455
455
455
455
454
454
455
455
455
456
456
456
455
455
455
456
456
456
456
456
456
456
449
454
454
456
456
456
457
457
457
457
457
457
457
457
455
553
553
553
552
551
550
549
549
549
547
547
545
544
545
544
543
542
542
542
542
540
540
540
541
541
540
539
538
538
538
554
537
537
537
537
537
537
539
537
537
536
536
536
535
535
535
535
535
535
535
536
536
535
534
534
534
535
533
535
535
535
535
535
535
439
439
440
441
444
445
448
448
448
449
450
451
451
452
452
453
453
453
452
452
453
454
455
454
455
455
455
455
455
455
458
455
456
455
455
454
455
454
455
437
456
456
456
456
456
456
456
456
456
456
456
456
454
454
456
456
456
456
456
456
457
457
457
458
556
556
554
554
551
551
551
550
549
550
548
553
546
545
543
545
543
543
541
541
541
534
541
531
541
538
540
540
540
539
539
539
539
538
538
538
537
537
537
539
539
537
536
536
535
535
535
535
536
536
535
535
535
535
535
534
534
535
535
534
533
534
533
533
439
439
442
449
449
447
447
447
448
450
452
452
452
451
451
454
454
454
453
454
455
455
456
456
456
455
455
455
455
456
456
456
456
459
459
456
456
456
456
456
456
456
456
456
455
455
455
456
456
456
454
455
455
456
456
456
456
457
457
457
456
457
456
456
555
555
555
553
551
551
550
549
548
547
547
546
545
545
544
543
543
542
541
541
540
540
540
540
540
539
539
539
538
537
537
537
537
536
536
536
536
536
536
542
542
537
536
536
536
535
534
535
534
534
534
534
534
534
534
534
534
534
535
534
534
534
534
534
438
438
438
441
444
446
448
448
448
449
449
450
451
451
451
453
453
452
452
452
451
453
453
453
453
452
452
454
454
454
453
454
454
454
454
453
453
453
455
455
455
455
455
455
456
456
456
458
454
455
455
455
456
456
456
456
456
456
456
456
456
456
455
455
544
544
542
537
536
534
534
534
534
534
532
532
532
532
532
532
532
532
532
532
531
530
530
530
530
530
531
531
531
531
531
531
531
532
532
532
530
531
531
531
531
530
531
530
531
531
531
531
531
530
530
530
530
530
530
530
529
530
529
530
530
530
530
529
444
444
447
448
450
452
453
453
452
452
453
453
454
454
454
454
454
454
455
455
455
455
455
456
457
457
457
457
457
457
456
457
457
457
457
457
457
457
457
457
457
457
457
457
458
458
456
456
458
458
458
458
458
458
458
458
458
458
459
458
451
451
459
459
554
554
554
553
551
549
551
548
545
543
542
542
541
539
539
539
540
540
539
539
538
538
537
537
537
535
535
535
534
534
535
535
535
535
533
533
533
533
533
533
533
533
532
532
533
533
533
532
532
532
531
532
531
531
531
531
531
531
530
530
531
531
531
532
442
442
444
447
447
449
449
449
450
441
450
451
452
452
452
453
453
453
454
454
454
455
453
453
453
455
455
456
456
457
457
457
455
455
455
455
455
455
455
457
457
458
458
458
458
456
463
456
457
457
458
458
459
460
459
460
459
459
458
459
459
459
459
459
554
554
554
552
551
549
549
546
545
545
544
544
542
542
541
541
541
541
541
538
538
538
537
536
536
535
534
534
534
534
534
534
534
533
533
533
533
533
533
533
532
531
531
531
530
530
530
530
532
531
531
531
532
532
530
530
531
531
529
528
529
529
530
530
444
442
444
444
446
447
449
449
449
452
453
453
453
453
453
453
454
454
454
454
454
456
456
456
455
455
454
455
454
456
456
456
456
455
456
455
457
456
457
457
457
457
457
458
460
460
460
460
460
460
460
460
459
459
459
459
459
459
457
460
460
462
462
460
553
554
554
553
553
552
551
551
548
546
545
544
543
540
539
539
539
536
538
538
538
537
536
536
536
535
535
533
533
533
533
533
532
532
532
531
532
531
532
532
532
531
531
531
531
531
531
531
531
531
531
531
532
532
532
530
531
530
530
530
529
529
528
528
442
442
443
444
446
450
450
451
452
452
452
454
454
453
452
453
453
454
455
455
455
455
455
455
453
455
453
455
456
456
457
457
458
457
458
458
459
459
459
458
459
459
459
459
461
461
461
461
461
460
459
460
461
462
462
461
461
461
461
461
461
459
462
460
551
551
550
549
549
548
548
547
546
545
545
543
541
541
541
538
538
536
536
536
535
535
534
534
534
534
533
533
532
532
532
532
531
531
530
530
530
530
531
531
531
530
530
530
530
529
528
526
527
526
527
527
528
528
528
528
528
527
526
526
525
526
525
525
443
443
446
448
449
450
451
452
452
453
453
453
454
454
454
454
454
454
454
455
456
456
456
455
455
455
455
456
456
456
457
457
458
460
460
460
460
460
460
461
458
460
460
460
460
460
460
461
461
461
460
452
452
461
461
461
461
461
461
460
461
461
461
461
543
543
537
537
537
532
532
531
529
528
528
527
526
525
525
525
524
526
526
526
526
524
523
524
524
524
524
525
525
524
524
524
523
523
523
522
522
524
524
524
524
524
523
523
523
522
523
523
523
523
523
524
521
523
522
523
523
523
523
523
523
523
523
523
438
438
439
444
448
449
449
449
449
447
454
458
458
457
457
458
459
458
459
461
461
461
461
458
462
462
462
463
463
463
463
464
464
463
463
465
465
465
465
465
466
466
466
467
468
469
469
469
468
468
468
468
468
468
469
470
470
470
471
471
471
471
471
471
525
540
541
541
541
539
538
536
534
533
532
528
528
529
529
529
529
528
526
524
524
524
524
523
522
522
522
522
522
521
521
520
520
520
520
520
521
521
522
522
522
519
519
519
519
519
519
519
519
519
519
519
519
518
518
518
518
518
518
518
518
518
518
518
443
443
447
448
448
451
451
454
454
454
454
457
457
457
458
458
458
459
461
462
462
462
462
462
463
462
463
463
464
464
464
464
464
466
466
466
466
466
466
468
468
466
466
467
468
468
468
468
468
468
468
468
470
470
471
470
470
470
470
470
470
471
470
470
544
544
544
542
539
538
537
534
533
531
530
531
530
527
527
526
525
524
523
522
521
521
521
522
522
520
519
509
519
517
517
517
518
518
518
517
517
517
517
515
515
516
516
515
515
515
517
517
517
516
516
514
514
516
516
516
515
514
514
515
515
515
515
515
453
442
442
447
449
452
453
454
456
456
456
458
460
459
460
459
459
459
461
462
463
463
463
464
464
464
464
464
464
466
466
466
466
466
465
466
466
468
468
468
468
468
468
469
469
469
470
470
470
470
478
478
471
471
470
471
471
471
471
471
472
472
472
471
542
542
541
539
537
535
533
533
531
529
529
529
529
527
523
523
523
523
522
521
518
518
518
518
518
518
518
516
517
515
517
515
517
515
516
511
516
515
515
515
515
514
500
514
514
514
514
512
513
512
513
514
514
513
513
514
514
513
513
513
514
514
513
513
444
444
449
451
451
451
452
454
456
457
458
458
458
460
461
461
480
483
483
463
463
463
464
464
464
465
465
467
465
467
467
467
467
467
460
467
467
467
467
467
468
470
470
470
470
470
470
470
470
470
472
471
471
471
471
472
471
472
471
471
470
470
464
472
540
540
539
536
534
533
533
533
532
529
526
526
526
525
523
522
522
522
519
519
519
519
517
510
517
516
516
515
515
515
515
515
515
514
513
514
513
514
514
514
513
512
512
512
512
512
512
512
511
511
511
512
512
512
512
511
511
511
509
509
511
511
511
513
447
447
451
455
457
457
457
457
457
457
459
459
463
463
463
464
463
464
465
465
466
466
466
467
466
468
468
469
469
469
468
468
468
469
469
469
469
471
471
471
470
470
470
471
472
472
471
471
471
472
472
472
473
473
473
473
473
473
474
473
474
474
474
474
511
523
523
523
513
513
514
514
514
515
511
511
509
509
509
511
511
509
509
509
509
509
509
508
510
509
510
510
510
509
509
509
510
510
510
510
510
510
510
510
510
510
510
510
510
510
510
509
510
508
510
510
510
510
510
510
510
509
509
509
510
510
509
509
444
444
460
460
460
460
464
466
467
467
467
470
471
471
473
475
475
475
475
475
475
475
476
476
476
477
477
477
477
477
477
477
478
478
478
476
478
478
478
478
478
478
478
480
478
478
478
478
479
479
478
478
478
478
479
479
478
477
477
480
480
478
478
478
526
526
524
519
514
508
508
510
510
509
508
509
506
507
506
506
506
506
506
506
506
506
506
506
506
506
505
505
505
505
505
505
505
505
505
503
505
505
505
505
504
504
504
504
505
505
505
505
505
505
505
505
505
505
505
505
505
505
505
505
505
505
506
506
455
455
455
463
466
466
468
470
472
472
474
475
475
476
476
476
476
476
477
477
478
478
478
477
476
476
478
478
479
478
480
479
479
479
479
479
479
479
479
479
478
478
480
480
480
478
479
479
479
479
479
478
479
479
479
479
479
480
479
479
479
479
479
479
525
525
522
522
513
513
512
508
508
508
507
507
506
508
506
504
504
504
504
503
503
503
503
503
503
503
503
503
503
503
503
502
502
502
502
503
503
503
503
502
502
502
503
504
503
503
503
503
508
508
503
503
503
503
503
503
503
503
503
505
505
504
502
502
461
461
463
466
468
472
472
472
475
476
475
476
476
477
477
477
477
477
478
479
479
479
479
477
479
479
479
479
479
479
479
480
481
481
481
480
480
480
480
480
480
481
481
481
482
482
481
480
480
482
482
480
480
481
481
483
479
480
480
481
481
481
481
481
523
523
520
517
517
512
511
508
507
506
506
505
504
503
503
503
503
503
503
505
505
505
501
501
502
502
502
501
501
501
503
503
501
500
500
504
504
502
502
502
500
500
501
501
501
501
502
502
502
502
501
501
501
502
502
501
501
501
501
501
502
502
502
502
463
463
467
467
471
471
474
474
476
477
477
478
478
478
479
480
480
481
483
481
481
481
481
482
482
482
482
482
482
482
482
482
482
482
483
483
482
482
482
483
483
483
482
482
482
482
482
482
481
482
482
482
482
482
482
482
481
481
481
482
481
481
481
481
522
522
519
515
513
509
508
508
507
507
506
506
502
502
502
502
502
502
501
501
501
502
505
505
502
495
501
501
501
501
501
501
502
502
501
501
500
500
500
500
500
501
501
501
500
500
499
501
501
501
501
500
501
501
501
501
499
499
499
499
499
499
499
500
469
469
469
473
474
475
475
479
479
479
479
478
478
478
479
481
481
481
481
481
482
481
481
481
481
483
483
483
483
483
482
483
482
483
483
483
484
484
483
483
483
484
484
484
484
483
487
484
484
484
484
484
484
484
484
484
484
484
482
482
484
485
485
497
