1 479
2 479
3 480
4 480
5 480
6 480
7 480
8 480
9 480
10 480
11 480
12 480
13 480
14 480
15 480
16 477
17 477
18 479
19 480
20 480
21 480
22 480
23 480
24 480
25 480
26 480
27 479
28 479
29 479
30 480
31 480
32 481
33 481
34 480
35 480
36 480
37 480
38 480
39 480
40 480
41 481
42 480
43 480
44 480
45 480
46 480
47 480
48 480
49 479
50 480
51 479
52 479
53 479
54 480
55 480
56 480
57 479
58 479
59 479
60 480
61 480
62 480
63 480
64 480
1 515
2 515
3 514
4 514
5 513
6 513
7 513
8 512
9 512
10 512
11 512
12 512
13 512
14 512
15 512
16 512
17 512
18 513
19 512
20 513
21 512
22 512
23 512
24 512
25 513
26 512
27 512
28 512
29 512
30 512
31 512
32 512
33 510
34 510
35 511
36 512
37 511
38 511
39 511
40 510
41 511
42 508
43 511
44 511
45 512
46 511
47 512
48 513
49 513
50 512
51 512
52 512
53 512
54 512
55 512
56 511
57 510
58 510
59 512
60 512
61 512
62 512
63 512
64 512
1 446
2 446
3 449
4 449
5 451
6 451
7 456
8 456
9 456
10 454
11 454
12 456
13 456
14 457
15 458
16 458
17 458
18 459
19 459
20 460
21 461
22 461
23 461
24 463
25 463
26 464
27 464
28 464
29 466
30 466
31 466
32 466
33 466
34 467
35 467
36 467
37 468
38 468
39 468
40 468
41 468
42 469
43 469
44 469
45 469
46 469
47 469
48 470
49 470
50 470
51 470
52 470
53 470
54 470
55 470
56 471
57 471
58 471
59 471
60 471
61 471
62 472
63 471
64 472
