293
293
303
308
308
310
311
312
314
318
320
321
323
324
326
327
329
330
331
332
332
334
335
336
336
337
338
340
341
341
341
341
341
343
344
345
345
345
345
345
346
346
348
348
348
349
349
349
350
350
350
350
350
351
351
351
351
352
352
353
352
352
352
354
760
760
749
741
735
733
731
727
717
712
709
705
703
699
696
694
691
689
687
685
684
681
680
679
678
675
674
674
674
674
670
668
667
666
666
665
663
662
662
661
661
662
662
655
655
656
656
655
655
654
653
653
653
654
653
651
650
651
650
650
649
649
649
648
218
218
228
237
243
251
257
260
266
267
271
277
281
283
289
292
291
292
295
299
303
305
305
307
309
311
313
316
319
319
319
321
323
325
329
329
327
327
332
334
334
336
336
337
339
340
340
340
342
343
344
344
344
345
346
346
348
348
348
349
349
350
350
351
764
764
752
744
738
737
728
725
719
715
713
704
704
702
699
698
693
690
689
687
684
682
680
678
678
675
674
672
670
669
668
666
665
661
661
661
661
660
660
658
657
656
655
655
654
654
653
653
652
652
651
650
650
650
650
649
646
646
648
649
649
647
647
647
215
215
227
236
242
250
253
258
263
267
271
274
276
280
283
285
288
291
293
295
298
298
300
306
308
308
311
312
315
316
318
320
321
325
326
326
326
329
330
333
334
335
336
336
337
339
339
340
341
342
343
344
345
345
345
346
346
347
347
349
349
349
349
350
763
763
753
742
738
732
723
721
721
715
712
706
706
706
700
696
694
691
689
687
685
683
681
680
680
675
673
673
672
669
667
667
665
670
664
663
660
659
658
657
656
656
654
653
653
653
652
651
649
649
649
649
649
649
648
647
647
647
646
644
645
645
645
645
214
214
225
235
241
247
253
257
262
266
266
270
274
279
282
285
288
289
292
295
295
297
303
303
306
308
310
311
314
317
317
317
320
322
324
325
327
329
329
330
333
335
335
336
337
338
340
340
341
342
343
344
345
346
346
346
347
347
348
349
349
350
350
350
766
766
753
741
739
736
733
723
715
713
712
708
703
702
700
700
694
692
689
687
686
684
681
679
677
675
675
672
670
669
667
666
665
663
663
662
660
659
659
656
656
656
654
652
647
651
649
650
649
649
649
648
648
647
646
646
646
646
645
645
645
645
645
644
214
214
226
234
241
247
252
257
261
265
265
268
275
280
280
280
287
289
291
294
297
298
300
301
305
307
310
311
311
315
316
318
320
322
324
325
328
329
329
331
332
337
337
336
336
336
339
341
341
341
339
344
344
344
345
345
347
347
348
351
350
350
350
350
765
765
755
744
740
728
728
728
719
713
712
712
705
704
702
696
694
692
687
686
685
683
679
677
675
675
671
671
669
668
665
665
664
662
662
662
659
658
656
656
655
654
652
652
652
651
650
649
649
647
647
647
648
647
646
645
646
645
645
645
641
641
644
644
212
212
234
234
240
246
252
256
256
260
268
274
278
278
281
286
287
287
291
293
295
298
300
302
304
307
308
311
312
314
317
320
321
321
322
324
326
328
329
332
332
334
334
335
337
337
337
339
341
341
343
344
345
345
345
346
347
347
348
349
349
349
350
350
696
696
678
665
655
649
645
645
642
641
640
639
638
638
638
638
637
637
637
637
636
637
636
636
636
636
636
636
635
635
635
635
635
635
635
635
635
635
635
634
634
634
634
634
634
633
633
633
633
633
633
633
633
632
632
632
632
631
631
631
631
631
631
631
249
249
261
272
281
287
291
303
306
310
313
316
319
323
325
325
329
332
334
337
340
340
340
341
343
346
348
348
349
353
354
354
354
355
357
357
358
358
360
361
362
363
364
364
365
366
367
367
367
367
367
368
369
373
370
370
370
370
371
372
371
372
372
373
730
730
713
701
694
680
674
669
664
660
657
655
652
649
647
646
645
645
643
642
641
640
640
639
639
638
637
637
637
636
636
636
635
634
634
634
634
633
633
632
632
632
632
632
631
631
631
631
631
631
630
630
630
630
632
628
630
630
630
630
629
629
629
629
250
250
261
270
285
286
292
298
303
307
312
312
313
319
321
324
324
326
330
332
334
336
338
342
342
345
346
347
348
350
351
352
353
356
357
357
359
360
360
362
363
363
364
365
367
368
369
369
369
370
371
371
371
373
373
373
373
373
374
375
375
375
376
376
732
732
718
703
694
688
678
671
666
659
658
656
653
651
648
648
648
645
644
643
643
642
641
641
641
639
638
638
638
638
637
636
635
635
635
634
634
633
633
632
631
632
629
632
632
632
631
631
630
630
630
631
631
632
629
629
629
629
629
629
626
626
628
628
247
247
255
270
281
286
292
298
302
306
310
313
316
317
320
323
324
327
329
331
333
335
335
338
341
342
345
345
346
348
350
352
352
353
355
355
357
358
360
361
362
363
364
364
365
367
372
372
370
370
370
371
372
372
372
373
375
376
376
376
376
376
376
376
677
701
701
698
698
690
680
673
666
663
660
656
652
651
650
649
648
647
645
644
643
643
641
641
640
640
639
639
638
638
637
637
637
637
635
634
634
633
633
633
633
632
632
631
631
630
630
630
630
630
630
629
629
627
628
628
628
628
628
627
628
628
628
628
243
243
260
270
278
283
293
297
303
307
311
313
319
321
321
323
325
327
328
331
333
336
336
340
340
340
343
344
347
349
349
349
353
353
356
357
357
357
359
361
361
361
364
365
366
367
368
368
369
370
371
372
372
373
374
374
375
375
375
376
376
376
377
377
691
717
717
705
689
687
678
674
666
662
659
655
653
651
648
648
646
646
646
644
643
642
641
641
640
639
639
638
637
636
636
635
635
635
634
634
634
633
632
632
631
631
631
631
630
630
630
629
629
629
629
628
628
628
627
627
627
627
627
627
627
627
628
627
246
246
257
268
278
285
291
297
307
310
310
316
318
318
320
320
322
326
329
329
331
333
335
337
339
340
342
343
344
348
348
348
350
352
353
353
356
357
358
359
361
362
363
364
365
367
367
367
369
370
370
371
371
371
370
372
374
374
375
375
375
376
376
377
673
673
656
648
643
640
638
636
633
631
630
629
628
627
626
626
625
625
624
624
623
623
622
622
622
622
620
619
619
618
618
618
616
615
616
616
616
615
615
615
614
614
613
613
613
614
613
613
613
613
613
613
613
612
612
612
612
612
612
611
611
611
611
611
275
275
287
297
300
306
308
311
311
316
318
320
322
324
327
327
327
330
331
333
334
336
337
338
342
343
345
345
347
350
353
356
356
356
359
360
362
363
365
367
367
369
371
371
372
373
374
375
376
377
379
381
380
381
380
381
382
386
386
385
385
385
385
386
700
700
683
671
666
661
658
654
654
652
652
651
648
647
646
645
644
643
643
642
642
641
637
637
637
637
636
635
632
631
631
631
630
629
626
625
620
624
623
623
622
621
621
620
619
618
617
616
616
616
615
615
615
614
614
613
613
613
613
613
612
612
611
611
277
277
294
304
310
313
316
319
322
324
326
329
331
331
337
340
341
342
348
349
350
353
355
360
362
363
365
367
369
371
371
374
376
378
379
381
382
383
385
385
386
386
387
388
389
389
390
390
390
391
392
392
393
393
393
394
394
394
395
395
395
396
396
396
693
693
675
663
656
648
645
641
639
638
636
635
634
633
632
632
632
630
630
629
628
627
626
624
623
623
622
621
621
620
619
618
618
617
616
615
615
614
614
613
608
608
611
611
611
610
609
609
609
607
607
606
606
606
606
600
600
601
604
604
605
605
604
604
282
282
296
305
317
319
320
320
322
322
324
328
330
331
332
335
338
340
340
341
342
346
348
350
352
354
357
359
361
363
366
368
370
370
372
375
378
380
380
381
382
386
386
386
387
388
390
391
391
391
391
391
393
392
393
393
394
394
394
394
394
394
395
395
695
695
680
667
660
655
652
648
642
644
642
642
641
640
639
637
636
636
635
635
634
634
632
631
630
630
629
628
627
625
624
624
623
623
622
622
620
619
619
618
617
616
615
615
615
613
611
611
610
610
608
608
608
607
607
607
607
607
607
606
606
606
606
606
277
277
292
300
304
312
315
315
317
322
323
323
325
327
328
331
333
334
337
337
337
339
342
342
342
338
347
349
354
360
360
360
363
365
367
368
370
372
375
376
377
381
384
383
384
384
385
387
387
387
388
390
390
391
391
391
392
392
393
393
393
394
394
395
693
693
680
671
665
660
657
655
653
651
649
648
646
644
643
643
642
641
640
639
639
637
636
635
634
633
632
631
630
629
628
627
626
625
624
622
622
619
619
619
617
616
616
616
613
612
611
611
610
610
610
610
610
609
608
607
607
607
607
607
607
607
607
607
276
276
288
298
303
309
310
313
315
317
319
319
324
324
325
326
328
329
332
334
334
335
337
339
341
343
348
350
350
352
354
356
358
363
365
365
365
369
371
372
374
376
377
379
380
380
381
384
385
386
387
389
390
390
390
390
391
392
392
392
392
393
393
393
658
658
651
645
641
638
634
624
618
618
611
610
609
608
607
607
607
607
607
606
605
605
604
604
604
603
603
603
602
601
600
600
599
599
598
599
597
596
595
595
594
593
593
592
591
591
591
590
590
590
590
590
589
589
589
589
589
588
588
588
587
587
587
587
293
293
305
307
315
318
321
323
326
327
329
329
331
333
334
336
337
339
341
344
347
350
351
354
362
365
365
365
369
372
377
378
378
380
382
384
385
387
387
390
390
391
392
392
392
392
392
392
394
394
394
394
394
394
395
395
395
394
394
394
394
394
394
394
677
677
664
657
652
651
647
645
643
643
642
642
639
636
633
630
627
624
618
617
616
614
608
605
604
600
598
597
595
594
593
592
591
590
590
589
589
589
587
587
587
587
586
586
586
585
585
584
582
582
582
582
582
582
582
582
582
582
582
582
582
582
583
583
298
298
303
311
316
319
323
323
325
327
328
330
331
333
337
338
344
344
352
355
361
365
365
368
371
372
383
383
383
386
388
391
392
392
393
393
394
395
395
395
395
396
396
396
396
396
396
397
397
398
399
404
399
397
397
397
397
397
397
397
397
397
397
396
673
673
664
658
654
650
650
650
651
647
646
642
641
639
637
635
633
633
629
629
626
623
617
615
611
609
606
602
600
598
597
597
596
593
592
592
592
593
593
591
590
590
589
589
588
588
588
588
588
588
588
588
587
588
587
587
587
587
587
587
587
587
587
587
288
288
295
301
306
313
315
315
317
319
320
321
326
328
328
332
334
334
336
337
343
348
353
356
364
365
368
371
377
379
379
384
384
385
385
388
390
390
391
391
384
384
393
393
394
393
394
395
395
395
395
395
389
389
394
395
397
397
396
396
396
396
396
396
678
678
666
665
664
659
658
654
654
652
650
649
646
646
643
643
639
638
638
633
630
627
624
619
614
611
608
606
602
594
594
595
595
594
593
592
592
591
591
590
590
589
589
589
589
589
589
589
588
588
588
588
588
588
589
589
588
588
588
588
589
589
589
588
284
284
292
298
303
305
308
311
318
318
318
321
322
326
326
327
329
331
333
336
345
350
350
353
358
359
363
368
371
374
377
379
382
383
384
387
388
390
390
390
391
392
393
393
393
393
394
394
394
394
394
394
395
395
395
395
395
395
394
394
394
394
394
394
681
681
672
667
664
662
662
662
662
656
653
652
649
647
646
644
640
640
637
634
632
629
623
620
615
613
608
607
603
599
598
597
595
594
594
593
592
592
591
591
591
591
590
591
590
589
589
589
589
589
589
589
589
589
589
589
589
589
589
589
589
589
590
590
265
265
288
294
299
303
306
310
312
314
316
318
319
321
322
324
325
330
330
330
337
340
343
350
353
359
360
363
367
371
373
377
379
382
383
385
387
387
389
390
390
390
390
392
391
391
391
393
393
394
393
393
393
393
392
393
393
393
393
393
392
393
393
393
