279
288
294
298
304
305
308
310
311
312
316
320
321
327
321
325
325
325
327
328
329
330
331
332
332
336
336
337
335
340
337
337
337
338
339
339
339
340
341
341
341
342
342
342
343
343
344
344
344
344
345
345
345
346
346
346
346
345
347
347
347
347
357
348
760
760
748
740
735
730
726
721
717
714
710
706
703
700
698
696
692
691
687
685
683
681
681
678
676
674
673
670
668
667
664
665
663
663
662
661
661
660
658
658
659
659
655
654
654
653
653
652
650
652
650
652
650
655
648
648
648
647
646
646
645
645
645
645
216
216
235
239
245
250
253
256
264
268
272
276
279
282
285
285
290
293
295
297
299
304
304
304
308
310
312
315
316
320
320
320
321
323
323
325
326
328
329
331
331
331
331
334
334
336
336
336
336
338
338
337
337
340
341
343
343
348
342
345
344
344
344
344
761
761
749
742
736
732
727
723
719
715
715
708
704
699
698
693
693
693
690
686
684
681
680
677
675
672
672
672
669
666
665
662
662
662
658
657
658
657
655
655
655
654
654
652
651
649
643
647
647
647
647
647
647
647
645
642
643
642
643
642
643
643
643
642
207
207
231
233
238
245
252
257
261
268
272
272
277
281
283
281
283
289
294
296
296
299
303
303
305
307
307
310
313
314
316
316
318
321
321
324
327
327
327
329
330
331
331
331
334
335
341
336
339
338
338
338
344
344
340
340
341
342
342
341
341
339
343
344
764
764
750
742
736
733
727
724
719
715
712
710
704
702
699
698
693
691
685
683
683
683
679
677
675
674
671
670
667
666
664
663
662
661
659
657
655
655
654
654
654
654
650
650
649
649
648
646
646
646
645
645
645
644
644
643
643
638
638
643
643
641
641
641
212
212
224
233
240
246
251
255
256
263
263
268
274
277
277
280
285
288
290
293
295
297
300
301
304
308
308
310
312
312
315
317
318
319
321
323
324
325
326
328
328
329
331
331
331
331
334
335
336
336
336
338
338
338
339
340
341
341
341
342
342
342
344
344
758
758
751
742
738
729
727
722
720
715
711
707
704
701
697
695
693
690
688
685
683
682
679
676
674
673
671
669
669
667
664
663
662
659
658
656
656
654
653
653
652
649
649
649
648
648
647
647
646
647
647
647
645
644
643
643
639
639
641
641
641
641
640
640
217
217
224
229
240
243
250
255
259
264
268
271
271
273
279
282
285
288
289
291
294
296
298
301
305
307
307
309
309
313
315
315
316
320
322
322
323
325
325
329
329
331
331
331
332
332
334
334
335
334
336
338
343
343
344
339
340
340
342
342
342
343
343
344
761
761
749
742
736
735
727
723
723
719
711
708
705
702
696
696
693
691
688
684
681
681
678
676
674
673
671
668
666
663
663
662
661
658
658
657
655
654
653
652
650
650
649
647
647
647
647
646
645
644
643
643
643
643
642
641
641
637
637
632
639
639
639
640
217
217
223
232
240
245
250
253
259
263
270
272
272
276
276
278
283
286
289
291
294
296
298
300
302
304
304
306
312
314
314
315
317
319
320
321
322
324
324
324
334
323
331
331
331
332
331
333
333
336
336
337
338
340
340
340
340
341
341
341
342
342
343
343
696
696
676
656
647
645
641
639
636
636
635
635
633
633
633
633
632
632
631
631
630
631
630
630
630
630
629
629
628
628
628
628
628
628
627
627
627
627
627
627
627
626
628
626
626
625
625
625
625
625
624
626
625
625
625
624
619
619
624
624
624
624
625
625
247
247
262
272
282
289
296
301
308
309
311
314
317
318
318
322
317
325
329
331
331
331
334
336
338
341
341
341
342
342
343
344
345
347
348
348
352
354
354
352
352
352
353
353
354
354
355
361
361
357
357
357
358
358
359
359
360
360
361
361
360
360
360
361
706
717
717
706
693
676
669
669
661
660
656
653
651
645
645
645
644
643
643
642
640
639
639
638
637
636
635
634
634
633
633
632
632
631
630
630
629
629
628
629
628
628
627
627
627
626
626
626
626
626
625
624
624
624
624
623
623
623
623
624
623
623
622
622
247
247
261
272
281
289
295
301
305
308
311
311
316
319
320
321
324
324
327
329
330
332
334
334
335
338
339
339
341
343
343
346
346
349
349
349
351
353
353
353
353
354
355
356
356
357
357
357
357
360
360
361
361
362
362
362
363
368
363
364
364
365
365
365
681
704
706
706
695
686
677
670
663
660
653
652
650
649
645
644
644
643
642
640
639
639
638
636
636
636
636
636
634
633
632
632
631
630
630
630
628
628
628
628
627
627
626
626
626
623
625
625
625
624
624
623
620
620
622
622
622
622
622
620
620
620
621
621
252
252
262
273
282
287
297
297
301
312
312
316
316
317
321
322
322
324
328
329
331
333
334
335
338
338
338
341
343
344
345
346
347
348
349
350
351
352
353
354
354
356
356
357
357
359
359
359
360
360
361
363
363
363
364
364
365
365
365
364
366
366
367
367
706
724
724
707
696
678
671
671
665
660
656
653
650
648
645
645
643
642
640
639
638
637
636
634
636
634
633
633
632
632
630
630
630
629
629
629
628
627
627
626
626
626
626
625
624
624
624
624
623
623
623
623
622
622
621
621
621
630
621
620
620
620
620
620
248
248
262
274
283
291
298
301
307
312
312
315
318
318
320
323
323
326
328
329
329
333
336
337
337
339
342
342
342
344
345
346
347
347
349
352
354
352
354
354
355
356
357
357
358
359
360
360
361
362
362
363
363
364
364
365
365
366
366
366
367
367
368
368
684
704
707
707
697
687
678
665
664
659
656
654
651
647
644
643
642
640
640
639
638
636
635
635
634
632
631
632
631
630
630
629
629
629
628
627
626
626
626
625
625
625
625
624
623
618
623
623
623
622
622
622
621
621
620
620
620
620
620
619
619
619
619
619
247
247
263
274
284
291
298
307
311
311
314
316
318
318
324
327
327
327
330
332
332
335
335
335
336
339
341
341
343
344
345
345
347
349
350
351
352
353
353
355
356
356
356
359
360
360
361
361
361
362
363
366
365
366
366
366
366
366
367
368
368
368
368
369
671
671
648
643
638
630
627
627
624
621
621
621
621
619
618
618
617
617
616
616
616
616
616
616
615
615
615
615
615
613
613
614
614
614
614
614
614
614
614
614
614
614
614
614
614
613
613
613
613
613
606
614
613
613
613
613
613
613
613
613
613
613
613
613
279
279
291
301
305
309
313
318
320
323
325
325
326
328
330
333
335
335
336
338
339
340
342
344
345
346
348
348
349
351
353
354
354
357
357
359
360
361
362
365
365
365
366
367
368
368
368
370
370
371
371
372
373
374
384
375
375
375
376
376
376
378
379
379
698
698
678
668
661
652
648
648
643
639
639
638
637
634
634
633
632
623
630
628
628
628
628
626
625
624
623
624
623
623
622
621
621
620
620
620
620
620
620
618
618
618
617
618
617
617
617
616
616
616
615
615
615
615
615
614
614
616
616
614
612
614
614
614
289
289
293
299
304
308
310
311
315
318
321
322
325
326
327
329
332
332
335
335
339
339
343
344
344
345
346
349
351
351
352
354
356
356
356
359
361
361
363
364
364
367
369
369
370
371
371
372
373
374
375
375
376
377
377
378
379
379
380
381
381
381
381
383
700
700
681
671
666
660
655
649
649
646
646
640
638
638
637
636
634
633
633
632
630
628
628
628
626
625
625
625
625
623
623
622
621
621
621
620
619
618
618
618
617
617
617
617
616
615
615
615
615
614
614
614
614
613
614
613
613
613
613
613
613
612
612
612
281
281
293
298
303
307
310
313
316
317
320
323
324
325
327
329
331
334
334
334
336
337
339
341
342
343
344
346
348
350
350
352
352
355
356
358
359
359
362
369
369
366
366
368
370
371
372
372
373
375
376
377
378
378
379
379
380
381
381
381
382
382
383
383
697
697
677
673
666
661
655
655
655
650
645
642
639
638
637
635
635
634
633
632
631
631
631
631
628
627
626
625
625
624
623
622
622
621
620
620
619
619
618
618
618
617
617
614
614
615
615
614
614
614
614
614
614
613
613
613
613
612
612
612
611
610
611
611
290
290
293
300
303
308
311
314
316
318
322
324
325
325
327
328
328
331
332
332
332
332
338
339
341
342
345
346
346
348
349
349
352
354
355
357
359
360
362
362
364
366
367
367
368
371
372
372
373
375
376
377
378
379
379
380
380
381
382
382
383
383
384
384
700
700
672
667
667
662
658
654
651
650
646
646
642
639
639
637
636
635
633
631
632
630
630
629
629
628
625
625
625
624
624
623
622
621
620
620
619
619
618
617
617
617
616
616
615
614
614
614
613
613
613
613
613
613
612
612
612
612
612
611
611
610
610
610
280
280
292
299
303
307
310
313
316
318
319
321
321
323
325
326
328
330
332
333
334
339
339
340
340
342
343
344
344
347
348
350
351
353
355
358
358
358
361
362
364
366
367
368
369
371
372
373
374
375
376
377
379
383
380
380
380
381
382
382
383
384
384
384
655
655
645
639
636
631
627
623
620
618
616
614
613
612
612
611
611
609
609
608
608
607
606
606
605
605
605
605
605
604
604
604
604
604
604
604
604
604
604
604
604
603
603
603
603
603
603
603
604
604
604
603
603
603
603
603
603
603
603
603
603
603
602
602
288
283
288
303
305
309
310
316
320
320
324
326
326
327
329
334
333
334
334
336
337
337
339
342
345
347
348
351
353
355
359
360
364
366
367
370
371
373
374
375
375
376
377
378
379
381
381
382
383
383
383
384
384
385
385
385
386
387
387
388
392
392
392
389
684
684
676
666
663
656
652
649
646
644
642
640
639
636
635
635
632
632
631
630
629
627
626
625
623
622
622
620
618
617
616
615
614
613
613
611
613
611
610
610
609
608
608
607
607
604
604
605
606
605
605
605
604
604
604
604
604
604
603
602
602
603
603
604
278
278
287
293
297
300
302
305
308
313
314
314
314
318
320
322
324
324
326
330
332
335
338
336
338
345
346
349
351
356
357
360
360
366
369
370
372
374
376
379
379
380
381
383
383
383
383
385
386
386
387
387
388
388
388
389
389
389
389
389
389
390
390
390
691
691
682
675
668
663
660
655
655
650
649
646
645
642
642
642
636
636
636
636
633
632
630
628
627
626
623
622
620
617
615
615
614
613
611
610
609
609
609
607
607
606
606
604
604
604
603
603
603
603
604
604
602
602
601
601
601
601
601
601
601
601
601
601
276
276
285
295
298
298
302
306
303
306
307
312
314
315
316
320
322
323
326
327
330
331
334
337
339
345
345
348
351
354
355
361
367
368
370
372
372
374
377
379
381
387
387
385
385
386
387
388
388
388
389
390
390
390
391
391
391
391
391
392
392
392
392
392
692
692
683
678
672
668
664
660
659
655
653
651
649
649
646
645
643
640
640
638
636
634
633
630
629
627
624
622
620
619
617
615
614
614
611
610
608
607
606
604
604
604
603
602
602
601
601
601
601
600
600
600
600
599
599
597
593
593
596
598
598
598
598
598
273
273
282
289
300
300
302
302
304
307
307
309
313
317
319
319
319
323
325
327
327
329
334
335
338
340
343
347
348
355
358
361
364
367
372
374
374
376
378
380
384
384
385
385
386
387
388
388
389
389
390
391
391
390
390
391
391
391
391
391
392
392
392
392
693
693
688
680
674
667
665
662
660
657
655
654
652
649
649
649
646
644
642
639
636
639
636
633
631
630
628
624
622
617
615
615
613
612
610
608
607
605
604
604
603
602
602
602
601
600
599
598
598
598
598
598
597
597
597
598
597
597
597
597
597
597
597
597
272
272
281
286
292
296
298
304
307
307
308
311
312
315
316
319
319
322
323
324
325
331
334
334
335
338
341
342
352
353
357
358
362
366
368
372
374
376
377
379
380
383
384
385
387
388
388
388
388
389
390
390
390
390
390
390
391
389
391
391
391
391
391
391
