311
319
327
328
331
333
335
337
339
340
345
345
345
346
347
348
349
350
351
353
353
353
353
353
353
357
357
358
360
360
365
365
363
362
362
362
363
364
364
365
366
366
367
369
369
369
368
368
368
369
369
369
369
369
370
370
371
371
371
372
371
372
371
372
720
720
709
702
694
693
689
688
683
680
677
675
673
667
665
664
662
660
658
658
653
653
651
650
649
645
645
642
642
641
640
640
639
640
637
635
634
634
633
631
631
631
628
628
628
628
627
626
625
624
623
623
623
623
621
620
621
620
619
616
618
618
618
618
259
259
268
274
279
282
288
291
296
297
301
305
308
309
312
318
318
318
322
324
327
328
329
333
334
334
336
338
339
340
340
341
344
345
346
347
349
350
351
352
353
354
355
356
357
359
359
359
360
361
361
362
363
363
364
364
365
366
367
367
367
367
368
369
720
720
710
703
698
694
691
684
682
680
680
675
674
673
665
665
663
660
657
657
653
652
651
649
649
648
645
644
640
638
639
638
637
636
635
634
634
632
630
630
623
627
623
626
625
625
625
625
624
622
622
621
620
620
619
618
618
617
617
617
616
616
616
615
255
255
265
272
277
281
286
289
292
296
300
302
304
305
310
312
313
317
318
321
323
324
326
328
330
331
333
335
336
338
339
340
342
344
346
346
347
348
350
351
352
353
353
353
355
357
357
359
359
360
361
361
362
363
363
365
365
365
366
367
367
367
369
369
714
714
710
703
700
695
689
689
687
681
678
677
673
670
668
667
664
661
660
659
655
653
652
652
648
647
645
644
642
641
641
638
637
633
633
633
633
631
629
629
628
627
625
625
625
624
623
621
620
620
620
619
618
618
618
618
617
616
616
615
615
614
613
613
255
255
265
271
279
279
286
289
292
298
299
303
303
304
309
312
314
317
320
322
322
323
324
327
330
330
331
334
334
335
337
339
341
344
345
345
346
348
348
350
351
352
353
353
354
356
357
358
359
360
360
361
362
363
363
363
363
365
366
367
367
368
368
368
719
719
710
704
698
694
690
687
684
681
678
675
672
670
667
666
663
660
658
656
654
653
651
651
647
646
646
642
642
641
639
637
636
635
635
634
632
630
628
628
627
627
625
625
624
623
622
621
618
618
619
619
617
617
616
616
616
614
614
614
614
614
613
613
254
254
264
271
275
280
284
287
291
298
298
299
304
306
309
311
311
311
316
319
321
323
325
327
328
330
331
335
336
336
338
339
340
342
343
344
346
347
348
351
354
354
354
353
354
355
357
357
363
366
363
362
362
363
363
363
364
363
366
366
367
367
368
368
719
719
710
703
698
694
691
687
684
681
675
672
672
671
670
665
662
660
658
656
654
653
652
649
646
646
646
644
643
640
640
639
636
636
632
631
631
630
628
628
628
628
624
623
623
622
621
620
620
619
619
618
617
617
616
615
615
614
614
613
613
613
612
612
254
254
264
270
276
280
284
287
291
294
296
300
306
306
308
310
313
315
316
319
321
322
326
332
330
331
331
332
336
339
338
340
340
341
343
343
346
346
348
349
349
351
353
354
356
356
357
358
358
359
361
361
361
363
363
364
364
366
366
366
367
367
368
369
665
665
649
637
627
619
615
611
611
609
606
606
605
604
603
603
603
603
602
601
602
601
601
600
600
600
600
600
600
601
601
601
600
599
599
598
598
598
597
597
597
597
597
597
597
597
597
597
596
596
596
596
596
596
595
595
595
595
595
595
594
594
594
594
282
282
293
304
312
312
318
326
334
341
342
345
347
351
353
355
357
359
360
362
363
365
366
367
369
370
372
372
372
373
374
375
375
377
377
378
379
379
379
379
381
381
382
382
382
383
383
384
385
385
385
386
386
386
387
387
387
387
388
388
388
388
388
389
690
690
681
667
663
654
641
641
635
630
626
622
619
616
614
612
610
609
607
606
604
604
604
603
602
602
602
601
600
600
598
598
599
599
598
598
598
597
597
597
597
596
596
596
596
596
596
595
595
594
594
594
594
594
594
593
593
593
593
593
593
593
593
593
280
280
292
299
310
317
322
327
333
338
342
345
348
351
353
355
355
357
351
361
364
366
366
368
369
371
372
373
374
375
376
377
377
379
379
380
381
381
381
383
384
385
385
385
385
385
387
387
387
388
388
388
389
390
390
390
390
391
391
392
392
392
392
392
695
695
684
672
663
656
648
641
635
630
625
622
618
615
613
611
609
608
606
606
604
602
602
602
601
600
600
599
599
598
598
597
597
597
591
596
591
596
592
595
594
594
594
594
594
593
593
593
593
592
592
592
592
592
589
591
591
591
591
591
591
591
591
591
277
277
294
301
310
317
322
334
336
339
342
352
352
353
354
356
358
365
366
366
366
366
368
370
371
371
373
374
376
376
376
377
378
379
380
381
381
381
383
383
385
386
386
386
386
387
388
388
388
388
389
389
389
390
391
391
391
391
391
392
393
393
393
393
695
695
682
673
662
654
648
641
630
629
624
620
615
612
612
609
609
606
605
603
603
602
601
601
600
598
598
598
598
598
597
596
596
596
596
595
595
594
593
593
593
593
593
592
592
592
591
591
591
591
591
591
591
590
591
590
590
590
589
589
589
589
589
589
280
280
292
302
311
317
324
329
335
339
343
347
350
352
355
357
358
361
362
362
363
360
368
369
371
372
374
375
376
377
377
377
377
380
380
382
382
383
384
385
385
385
386
391
387
388
388
388
389
389
389
390
390
391
391
392
392
392
392
393
393
393
393
393
695
695
683
672
663
657
647
640
634
628
624
620
616
613
611
609
607
605
603
603
602
601
600
600
600
598
598
598
596
595
595
595
595
594
593
593
593
593
591
591
591
591
591
591
591
591
591
590
590
590
590
589
589
589
589
589
589
589
588
588
588
588
588
588
279
279
291
301
310
317
324
327
334
340
347
347
350
355
358
358
360
361
363
365
366
368
369
371
371
372
373
375
376
377
377
377
379
381
381
381
383
383
384
385
385
385
386
386
387
387
388
388
388
388
389
390
390
390
391
391
392
393
392
393
393
393
394
394
641
641
618
609
602
598
596
594
593
591
590
589
589
588
588
587
587
587
586
585
585
585
585
585
585
585
584
584
584
584
584
584
584
584
584
584
584
583
583
583
583
583
583
583
583
583
583
584
583
582
582
582
582
582
582
582
582
583
583
583
582
583
583
583
311
311
325
336
342
347
349
353
356
358
360
362
364
364
365
367
370
370
371
373
373
375
376
377
378
379
380
381
382
385
386
386
386
387
388
389
390
390
391
392
393
394
395
395
396
396
396
396
398
398
399
399
399
399
400
400
400
401
401
402
402
402
403
403
658
658
645
630
622
617
612
610
604
603
601
596
596
595
596
595
595
595
594
594
594
594
593
591
591
591
591
591
589
589
589
588
588
587
587
587
586
586
585
585
585
585
585
584
584
584
584
584
583
583
583
583
583
583
583
582
582
582
582
582
582
582
582
582
309
309
323
342
346
346
350
353
356
357
359
363
365
365
368
369
369
370
374
374
374
376
376
378
380
382
382
383
384
385
386
387
389
389
389
390
392
393
393
393
395
395
395
395
395
397
399
400
400
400
400
400
400
400
402
403
403
404
404
403
401
403
404
405
666
666
644
631
627
623
612
608
606
604
603
602
600
599
598
598
596
596
595
595
594
593
593
592
591
590
590
590
590
589
588
588
588
587
587
586
585
585
584
584
584
584
584
583
583
583
582
582
582
582
582
582
581
581
581
581
581
581
581
581
580
578
580
580
309
309
329
339
340
347
350
353
355
359
361
363
364
366
368
369
371
373
374
374
375
376
377
378
380
381
382
382
384
385
385
386
387
388
388
389
391
391
392
393
394
395
395
396
396
397
398
399
399
399
400
401
402
402
402
403
403
403
404
404
404
404
405
406
667
667
646
627
626
619
614
611
608
607
604
602
601
600
599
598
598
597
596
596
595
594
593
592
592
591
589
590
589
589
588
588
588
588
588
586
586
585
585
584
584
584
584
584
583
582
582
582
582
582
581
581
581
581
580
580
580
580
580
579
579
579
579
580
307
307
323
334
342
346
352
353
356
357
360
362
365
366
368
369
371
372
373
374
375
376
377
379
380
380
381
382
383
384
385
386
387
388
389
390
391
392
393
393
394
395
396
396
396
397
397
398
398
398
400
401
401
401
402
403
403
404
404
404
405
405
406
406
666
666
645
632
624
619
615
613
608
605
604
603
601
600
599
598
598
596
595
595
594
594
594
594
591
591
591
590
590
589
588
588
587
586
586
585
585
585
585
584
584
583
583
582
583
583
583
581
581
581
580
580
580
580
580
580
579
579
579
579
579
579
579
579
306
306
322
334
341
345
348
352
355
361
363
363
365
369
370
372
372
372
373
374
375
377
377
377
380
381
382
383
383
385
386
386
387
387
389
390
390
391
392
392
394
395
395
397
397
397
397
398
399
400
400
400
401
402
402
402
403
403
404
404
404
405
405
406
612
612
603
598
595
590
589
588
588
586
582
582
580
579
579
578
577
577
577
576
576
576
576
575
575
575
576
575
575
575
575
575
575
575
575
576
575
576
575
580
575
575
575
575
575
575
575
576
576
576
575
575
575
575
575
575
576
577
576
575
575
575
575
575
326
326
333
343
344
349
353
357
357
362
362
364
368
369
371
372
373
373
375
375
377
377
379
380
381
382
384
386
388
388
390
391
391
393
395
396
395
396
398
399
399
400
400
401
402
402
403
404
404
405
406
406
406
407
407
408
408
408
408
409
409
410
411
411
640
640
631
625
619
610
609
606
603
602
601
600
599
598
597
597
596
595
594
593
592
591
590
590
590
589
588
587
586
586
584
584
583
583
582
581
581
581
580
580
579
579
578
578
578
577
577
577
577
577
577
576
576
576
576
576
576
576
576
576
576
575
575
575
321
321
329
334
339
343
350
351
354
355
355
360
361
363
364
367
369
370
370
370
372
374
375
376
378
379
379
384
384
384
387
388
388
391
392
394
395
395
398
398
400
400
400
401
403
404
404
405
405
406
406
407
407
408
408
409
409
409
409
410
410
411
411
411
647
647
639
632
628
623
619
613
610
610
608
607
605
605
604
602
601
601
599
599
599
598
596
594
593
593
591
591
589
589
588
587
587
586
585
584
583
582
582
582
581
581
580
580
580
579
579
579
579
579
579
579
578
578
578
578
578
578
578
577
577
577
577
577
316
316
324
327
334
338
343
346
349
351
355
356
358
358
360
363
364
364
365
365
369
370
370
372
373
376
378
376
378
386
386
387
387
389
391
393
394
395
398
400
400
401
403
404
404
405
406
407
407
408
408
409
410
410
410
410
409
409
411
411
411
411
412
412
652
652
644
638
634
627
624
621
618
618
613
612
610
608
607
606
605
604
603
601
600
598
598
597
595
593
593
592
590
590
588
587
586
585
584
584
582
582
582
581
581
580
578
578
578
578
578
578
577
577
577
577
576
576
576
576
576
575
575
576
576
576
576
575
315
315
326
328
333
334
342
345
347
350
352
353
355
358
359
360
362
362
364
365
366
368
371
372
371
372
376
379
380
380
381
385
387
389
392
394
396
398
399
400
401
402
403
404
405
406
406
407
407
408
409
409
409
409
410
410
410
411
411
411
412
412
412
412
658
658
648
647
642
631
628
625
623
620
618
616
615
612
612
612
609
608
607
606
605
604
602
600
600
599
595
593
593
591
589
589
585
585
582
582
582
580
580
579
578
577
576
575
576
576
576
576
575
575
575
575
575
575
575
574
574
574
574
574
574
574
574
574
312
312
320
327
332
340
342
343
346
349
349
350
354
355
358
359
359
360
360
363
364
366
368
369
371
371
375
376
379
380
382
383
387
387
391
393
395
396
397
399
400
401
403
404
404
404
406
407
408
408
408
409
409
409
410
411
411
411
411
411
411
411
412
412
