480
480
480
480
480
480
480
480
480
479
481
480
480
480
480
480
480
481
481
480
480
480
480
480
480
480
480
480
480
480
480
481
480
480
480
480
480
480
480
480
480
480
480
480
480
480
480
480
480
480
480
480
482
479
480
479
480
480
480
480
480
480
480
480
570
570
568
565
565
558
558
556
556
555
555
555
554
554
558
558
553
553
557
557
552
552
552
552
552
551
551
551
551
551
551
551
550
550
550
550
550
550
550
550
550
550
550
550
549
549
541
541
549
549
549
548
549
548
549
548
548
548
548
548
548
548
548
548
363
363
379
383
388
391
394
396
403
407
412
407
407
407
410
412
410
412
414
414
414
416
417
417
418
420
421
421
421
421
422
423
423
424
424
425
425
425
425
426
415
427
427
427
428
428
429
429
429
430
430
430
430
430
431
431
431
431
431
432
432
432
432
432
607
607
604
597
591
589
586
584
582
580
578
576
575
574
572
571
570
569
568
568
567
566
566
564
563
563
563
562
561
561
561
560
564
560
558
558
558
558
557
556
556
556
556
555
555
554
554
554
554
553
553
552
552
552
551
551
552
552
551
551
551
550
551
551
373
373
381
385
385
389
394
396
399
403
404
404
406
407
408
409
409
410
412
414
415
415
416
416
421
430
421
420
420
420
421
421
422
423
423
423
424
429
429
425
425
426
426
426
426
427
427
428
428
428
429
429
430
430
430
430
430
430
430
431
431
431
431
431
609
609
602
600
600
600
594
586
584
580
579
579
575
575
575
574
572
572
570
558
568
567
567
566
565
565
565
564
564
563
563
563
561
561
561
539
559
559
559
558
557
557
557
557
556
556
555
555
555
555
555
555
554
553
539
553
553
553
553
551
552
551
550
550
374
372
374
384
384
388
394
396
398
399
399
402
405
405
405
407
410
410
411
412
415
416
416
416
417
417
418
418
419
420
421
421
421
422
422
423
423
424
424
425
425
425
425
426
426
427
427
428
429
428
429
428
429
428
430
430
430
430
430
430
431
431
431
432
608
609
608
599
598
593
590
586
585
585
581
578
576
576
575
575
575
575
572
570
569
569
568
568
565
566
565
565
564
563
554
563
561
561
561
561
560
559
559
559
559
558
558
558
557
557
556
556
556
556
556
556
555
554
554
554
554
555
555
553
552
552
552
552
375
375
382
385
393
394
396
394
396
400
400
402
405
405
411
411
410
410
413
413
413
414
415
415
415
417
417
419
419
419
420
421
421
421
422
422
422
423
424
424
424
424
426
426
426
426
426
427
427
427
428
428
428
428
429
429
429
429
430
430
430
432
434
434
609
609
599
596
595
592
590
590
585
584
584
582
579
578
575
575
576
576
572
572
571
569
568
568
568
567
567
566
565
564
565
564
563
562
562
562
562
561
560
560
560
559
558
558
558
558
557
556
556
556
556
554
554
555
555
555
553
553
553
553
553
553
553
552
374
374
380
385
391
393
394
395
398
399
401
402
404
404
405
408
412
412
411
411
411
413
414
415
415
416
417
417
417
417
420
420
420
420
421
421
422
423
423
424
423
424
425
425
425
425
426
427
427
427
428
443
428
428
428
428
429
429
431
431
430
430
431
431
575
575
569
563
560
556
555
554
551
551
550
548
547
547
546
545
544
544
544
527
544
543
543
543
542
542
542
542
542
541
541
540
540
540
540
540
540
541
540
540
539
539
539
539
539
539
539
539
538
538
538
538
538
538
538
538
539
539
539
539
539
539
539
538
402
388
392
392
394
396
400
401
406
406
405
405
410
412
414
416
417
418
418
420
421
421
421
422
424
425
426
426
426
427
427
427
427
428
429
429
431
431
431
431
431
431
432
433
433
434
434
435
435
435
435
435
436
436
435
434
434
437
437
438
438
438
437
437
605
605
596
593
589
587
585
584
583
578
578
578
574
574
573
570
569
567
567
565
563
563
562
559
559
558
557
556
554
554
554
553
552
551
550
550
550
550
550
550
553
553
548
547
547
546
546
546
546
546
545
545
545
545
544
544
544
544
544
543
543
543
548
548
385
385
389
395
396
397
400
402
403
404
407
408
411
412
412
412
415
416
416
417
418
419
419
419
420
421
422
425
425
425
425
425
426
426
427
428
428
429
429
430
430
431
431
432
432
432
433
434
434
434
434
435
434
435
436
436
436
437
437
437
437
437
437
438
602
602
598
595
592
590
588
586
585
582
582
579
576
573
573
573
571
571
570
568
566
564
564
564
562
562
561
560
560
558
558
558
558
557
555
555
554
553
552
551
551
550
550
549
549
549
548
548
548
548
547
547
547
545
546
545
545
545
544
544
549
549
543
543
384
384
386
396
396
396
397
397
399
399
402
406
408
409
410
411
412
413
414
416
416
417
418
419
419
421
421
427
427
424
424
424
425
425
425
426
427
427
428
428
428
429
430
430
431
430
431
425
433
433
433
433
434
434
434
435
439
439
436
436
437
437
437
437
601
601
595
571
592
589
591
589
585
583
581
579
578
576
575
572
571
571
571
569
568
566
565
565
564
563
562
562
561
559
559
559
558
557
557
555
555
555
554
553
553
553
553
551
551
551
550
549
549
549
548
548
548
548
546
546
546
545
545
544
544
544
544
544
383
381
383
388
394
395
395
397
399
401
402
403
406
407
407
409
412
412
413
414
415
416
416
418
419
419
420
421
421
423
423
423
424
425
425
427
427
427
427
427
424
429
429
430
430
430
431
431
433
433
433
433
434
434
434
434
435
435
436
436
436
437
437
437
604
604
600
597
594
592
590
588
588
586
582
580
580
579
576
574
574
573
582
571
568
566
566
565
565
565
563
562
562
562
562
560
559
558
557
557
556
556
556
555
554
554
553
552
551
551
551
551
550
549
548
547
547
548
551
551
548
546
545
545
545
544
544
544
382
382
385
391
392
392
394
397
399
401
402
403
405
407
409
409
409
411
412
413
415
416
416
418
418
418
420
421
421
421
422
422
423
423
424
425
425
426
426
427
427
428
428
429
430
430
430
431
431
419
419
433
433
433
434
434
434
435
435
435
436
436
437
437
591
591
581
575
574
566
563
561
557
556
553
551
550
547
545
544
542
541
541
540
539
539
539
538
538
537
537
536
536
536
536
535
535
534
534
534
534
533
533
532
531
531
531
532
532
532
531
531
531
531
530
530
530
530
530
530
530
529
530
530
530
530
530
530
384
384
389
392
392
397
404
408
413
414
418
420
420
422
424
426
427
428
429
431
438
438
438
436
438
436
438
433
440
442
442
442
443
444
445
446
447
448
448
448
451
450
451
451
451
451
452
452
452
452
452
453
453
453
453
453
453
452
452
453
453
454
454
454
596
596
591
591
588
580
576
573
571
571
569
564
563
561
560
560
560
557
556
556
555
555
552
551
551
550
549
549
548
547
546
546
545
544
543
541
541
541
541
540
544
538
536
536
535
535
534
534
533
533
532
532
532
532
531
532
531
531
531
531
531
531
531
531
383
383
387
391
391
402
405
405
408
411
413
415
417
419
420
422
424
424
426
427
429
431
431
432
432
433
434
434
435
435
437
438
438
439
440
441
442
443
445
447
447
448
448
449
450
450
451
451
451
452
452
452
452
452
453
453
453
453
453
453
453
452
453
453
604
604
594
590
586
583
577
576
574
573
569
567
567
564
562
561
558
557
557
557
556
554
554
553
552
551
551
550
549
548
546
545
545
544
544
543
542
541
540
539
539
538
537
536
535
534
534
534
534
540
532
539
532
532
532
532
532
532
532
532
531
531
531
531
385
385
386
390
394
401
402
404
409
410
410
413
416
417
418
420
422
423
423
425
427
427
429
429
430
431
432
433
434
434
436
436
437
438
439
440
442
443
444
445
447
447
447
447
449
450
451
450
451
451
451
451
452
452
452
452
452
452
452
452
453
453
453
453
601
602
601
593
589
586
582
578
575
575
573
569
566
565
563
562
560
559
558
558
555
555
554
553
552
551
550
549
549
548
547
546
544
544
544
543
542
540
540
539
538
538
537
536
536
535
534
534
534
534
534
533
533
533
534
533
532
531
531
538
538
532
532
531
381
381
386
390
393
396
399
402
405
409
410
412
415
416
416
418
421
422
423
424
426
433
433
429
429
430
431
432
432
433
435
436
437
439
439
439
441
442
443
444
445
446
447
448
449
449
449
449
450
451
451
451
451
451
451
451
452
453
453
452
452
452
452
452
602
602
595
594
591
589
587
581
577
574
574
572
568
567
564
564
563
560
559
558
557
557
555
554
554
553
551
550
548
547
547
547
546
546
545
543
541
541
540
540
539
538
537
536
536
536
534
534
534
534
534
533
533
532
533
532
533
533
533
533
532
532
532
532
381
381
384
392
394
394
400
403
403
407
409
409
413
415
416
418
421
422
422
425
426
426
426
427
421
430
430
431
432
433
434
435
437
437
439
439
441
441
441
436
444
445
447
447
448
448
449
449
449
449
450
450
450
450
451
450
451
451
451
451
451
451
451
451
583
583
583
564
564
559
551
547
544
543
537
535
533
532
532
532
532
532
532
531
531
531
531
531
532
531
532
532
532
532
532
532
532
532
532
532
533
532
533
533
533
533
533
534
534
534
533
533
533
534
534
534
534
534
534
535
536
536
656
658
656
541
535
535
318
290
285
282
282
282
282
272
272
272
274
273
274
280
280
278
276
276
269
269
265
265
263
271
260
260
260
261
263
261
260
260
260
259
264
263
263
263
265
265
260
260
260
258
258
254
256
246
256
246
247
247
247
247
248
250
256
256
252
252
251
251
251
251
733
741
743
743
742
742
742
738
728
727
728
735
735
735
730
723
723
561
561
716
725
725
725
726
726
726
727
727
727
727
727
728
728
730
731
732
732
732
733
733
733
733
732
732
732
732
732
721
573
573
732
732
731
731
731
731
732
726
729
729
730
731
737
737
233
233
233
235
237
237
237
232
228
228
228
228
229
229
229
231
234
234
234
235
237
235
234
234
234
234
235
235
235
236
236
229
228
228
228
230
231
231
222
222
235
235
235
234
235
233
233
233
233
236
239
427
239
432
240
240
238
237
238
243
249
243
244
243
757
757
756
756
756
756
755
756
757
757
757
757
760
760
761
761
762
762
762
761
759
759
758
759
758
759
758
758
758
758
760
758
758
758
758
758
758
759
759
759
759
759
760
760
760
759
759
759
759
745
759
759
759
759
759
748
748
759
759
759
759
759
759
760
220
220
221
221
211
211
224
227
227
227
223
223
222
222
223
225
226
241
241
235
233
233
233
241
241
240
240
240
240
241
239
241
239
239
237
223
223
229
229
227
227
229
229
228
225
224
224
225
225
225
227
227
227
224
227
227
228
231
231
231
228
227
225
225
761
761
761
760
760
763
763
760
746
758
758
760
760
765
765
765
760
760
758
753
745
745
749
749
747
746
746
736
736
740
740
734
732
727
726
726
726
741
742
741
742
744
744
741
741
742
742
742
742
741
741
747
747
739
738
738
738
744
752
752
747
747
749
750
227
227
227
227
230
229
230
230
231
233
233
233
236
236
240
236
231
228
231
228
228
228
232
232
227
227
228
233
228
233
228
227
227
228
228
226
226
228
228
228
228
230
230
230
230
225
222
222
222
223
223
222
222
223
224
224
224
230
230
227
221
221
221
222
769
771
771
770
770
770
769
769
770
770
770
769
770
770
770
772
769
772
769
769
768
768
768
768
746
746
758
758
743
743
750
750
750
750
749
749
749
750
750
750
750
750
750
750
749
749
755
757
757
757
753
753
752
752
758
758
759
761
760
760
760
759
756
756
227
223
224
224
224
224
224
225
225
226
226
226
226
226
226
227
227
227
227
227
227
228
228
228
228
228
228
230
229
230
230
230
230
230
228
228
230
231
242
242
230
229
230
229
229
229
228
226
226
226
219
219
226
227
227
225
225
224
225
225
225
226
226
227
