478
480
480
480
480
480
480
480
480
480
480
480
480
480
480
480
480
480
480
480
480
480
480
480
480
480
480
480
480
480
481
481
481
480
480
480
480
480
480
480
481
481
480
480
480
480
480
480
480
480
480
480
480
480
480
481
481
481
480
480
480
480
480
480
513
521
521
521
520
520
520
520
520
520
519
519
519
519
519
519
519
518
518
518
518
518
518
518
518
518
517
517
517
517
517
517
518
518
518
517
517
517
517
517
517
517
517
517
517
517
518
518
518
518
487
518
518
518
518
518
518
518
518
518
518
519
519
519
450
450
454
456
458
459
460
461
461
461
462
463
463
463
463
463
463
467
467
464
464
464
464
464
464
464
464
464
464
464
463
464
463
464
464
464
464
464
464
464
463
463
463
463
463
463
463
463
463
463
463
463
463
463
463
463
462
462
463
463
462
462
462
462
546
546
544
543
543
544
544
539
538
538
537
536
535
535
535
534
534
533
533
533
532
531
531
531
531
531
530
530
530
530
530
529
529
529
528
528
528
528
528
528
527
527
527
527
527
527
527
526
526
526
526
526
526
526
523
523
525
525
525
525
525
525
524
524
447
446
447
453
454
454
456
457
457
458
459
459
459
460
460
460
430
461
445
462
462
462
462
463
463
463
463
463
463
463
463
463
464
464
464
464
464
464
464
464
464
464
465
465
465
465
465
465
465
465
465
465
465
466
466
466
466
466
466
466
466
466
466
466
538
538
537
536
535
534
533
532
532
532
531
530
530
529
528
527
527
527
526
526
526
526
525
525
524
524
524
525
523
523
523
523
522
522
522
522
522
522
522
522
522
521
521
521
521
521
521
521
521
521
521
521
521
521
521
521
521
520
521
521
521
521
521
521
451
448
451
455
457
458
459
459
460
461
461
461
462
462
462
462
462
463
463
463
463
463
463
463
463
463
463
463
463
463
463
463
463
463
463
463
463
463
463
463
463
463
463
463
463
463
463
477
463
463
463
463
463
463
463
463
463
463
463
463
463
463
463
463
545
545
542
542
542
540
540
540
538
537
537
537
536
535
535
535
535
534
533
533
533
533
532
532
532
532
532
531
531
531
530
530
530
530
530
529
529
529
529
529
529
529
528
528
528
528
528
528
528
528
534
534
527
527
527
527
524
524
527
527
527
527
526
526
445
445
448
449
452
452
453
455
456
456
457
458
458
458
459
459
460
460
459
459
460
460
460
460
460
462
461
462
462
462
462
462
462
462
462
463
463
463
463
463
463
463
463
463
464
464
464
464
464
465
465
474
465
465
465
465
465
465
465
466
466
466
466
467
539
539
537
536
536
535
534
534
533
532
532
531
531
531
529
528
517
522
522
527
527
527
526
526
525
525
525
524
524
524
524
524
523
523
523
523
523
523
526
526
522
522
522
522
522
518
518
520
521
521
521
521
520
520
521
521
521
521
521
521
521
521
521
521
451
451
451
456
456
456
459
460
460
460
461
461
461
461
462
462
462
462
463
463
463
463
463
463
463
463
463
463
463
463
463
463
463
463
463
463
462
463
463
463
463
464
464
464
463
463
464
464
463
463
463
463
463
463
463
463
463
463
463
463
463
463
464
463
534
534
530
529
529
528
528
532
532
525
524
524
524
524
523
527
522
521
521
521
521
527
520
524
524
524
521
521
521
522
522
522
522
522
525
525
526
526
526
526
526
525
525
525
525
524
524
524
523
522
522
521
521
521
521
521
521
520
521
520
521
522
523
523
450
450
453
454
455
456
456
457
455
459
459
460
465
465
463
463
463
463
464
464
465
465
465
465
465
465
466
466
466
466
466
466
465
465
464
464
464
464
464
473
473
463
463
463
463
464
464
465
466
466
467
467
467
468
468
469
469
469
469
469
469
469
469
468
542
542
542
541
540
540
539
538
537
537
536
535
535
534
533
530
529
529
529
528
527
527
525
525
525
525
524
524
524
524
524
524
524
524
525
526
526
526
526
526
526
527
528
528
527
527
527
526
526
526
525
524
524
524
524
522
522
522
521
521
522
522
522
522
453
453
453
455
453
455
456
456
456
457
457
457
457
457
457
458
458
460
460
460
461
462
462
462
464
464
464
478
478
465
465
465
465
465
465
465
465
465
465
465
464
464
464
464
464
465
465
465
465
465
465
465
466
466
467
468
468
469
469
469
469
468
469
469
541
541
540
540
539
539
538
538
538
538
538
537
536
535
535
534
534
533
532
531
530
529
529
528
528
526
526
526
525
524
524
524
524
523
524
523
523
523
523
524
525
525
525
526
526
526
526
526
526
526
526
526
526
525
525
525
523
523
523
523
522
522
522
522
449
449
451
451
453
456
456
456
456
456
456
456
456
457
457
457
458
458
458
458
458
459
460
460
461
461
462
464
464
464
464
464
465
465
465
466
466
466
465
465
465
465
465
465
465
465
464
468
465
465
465
465
465
465
465
465
466
467
467
467
468
468
469
469
542
542
540
540
538
538
537
537
537
536
535
535
535
535
534
534
533
533
543
543
532
531
530
530
530
529
528
528
528
527
528
526
524
524
524
523
523
523
523
523
523
523
523
524
524
524
524
524
525
525
525
525
525
525
525
525
525
525
524
524
524
524
523
523
469
456
456
450
450
455
455
455
456
456
457
457
457
457
457
458
458
458
458
458
458
458
458
459
459
460
460
460
460
460
461
462
463
463
463
464
465
466
466
466
466
466
466
466
466
466
466
466
466
466
466
466
465
465
466
466
466
466
467
467
467
467
467
468
545
545
543
541
540
539
537
537
542
542
534
534
533
533
533
533
533
532
532
532
531
531
531
530
530
530
529
528
528
528
527
527
526
526
525
524
524
524
523
523
523
523
523
522
523
523
523
524
524
524
524
524
524
524
524
524
524
524
523
523
523
523
523
523
446
446
449
450
452
454
455
456
457
457
458
458
458
458
458
458
458
458
458
457
458
458
459
459
459
459
460
461
461
461
461
462
464
464
464
464
466
466
466
458
458
460
467
467
468
467
466
466
466
467
466
466
466
466
466
466
467
467
467
467
468
468
468
468
537
537
534
532
532
530
529
527
524
521
521
522
522
523
523
523
522
522
521
523
522
524
524
524
523
521
520
520
520
523
523
523
523
522
521
520
520
521
521
522
515
521
521
521
520
518
520
520
522
521
521
520
520
520
521
521
521
521
521
521
524
524
520
520
444
444
444
447
453
455
455
455
457
458
459
461
464
464
464
465
465
465
466
467
468
469
469
469
468
468
469
469
470
470
470
470
470
472
472
472
472
472
472
472
472
473
471
471
471
472
472
472
472
472
471
473
472
472
471
471
472
472
471
471
471
471
472
472
545
545
541
539
537
534
531
530
529
529
528
527
526
524
522
522
521
521
521
520
520
519
518
518
517
517
517
517
517
517
517
516
516
515
513
513
516
516
516
515
515
515
515
515
515
515
515
515
514
514
514
514
515
515
515
515
515
514
514
514
515
515
514
514
446
446
449
450
452
453
454
455
457
458
458
459
461
461
462
463
465
465
466
467
468
468
468
468
468
470
470
470
470
470
470
470
470
470
471
471
471
471
471
471
471
471
472
472
472
472
472
472
472
472
472
472
472
472
472
471
471
471
471
472
472
472
472
472
544
544
540
538
535
534
533
532
530
528
527
524
524
523
522
521
521
520
518
518
517
516
516
516
516
516
515
515
515
513
513
514
514
514
514
513
512
512
512
512
512
513
513
513
512
512
512
512
512
512
512
512
512
512
512
511
511
511
512
512
512
511
511
511
445
445
447
452
454
454
456
457
458
459
459
459
463
465
465
465
466
466
467
467
468
469
469
469
470
470
470
470
470
471
471
471
471
472
472
472
471
471
472
472
472
472
472
472
472
474
473
473
473
473
472
472
472
472
473
473
473
473
473
473
473
473
473
473
541
541
539
537
535
533
531
528
527
527
526
523
520
520
520
518
518
518
516
516
515
514
514
514
513
513
513
513
512
512
512
511
511
511
511
511
511
511
511
510
510
510
510
511
510
510
510
510
510
510
510
510
510
510
510
510
510
501
501
510
510
510
511
511
447
447
449
451
453
455
456
458
459
460
461
462
463
464
465
466
468
468
468
468
469
469
469
470
470
471
471
472
472
471
471
472
472
472
473
473
473
473
473
473
473
473
473
473
473
473
473
473
473
473
473
473
474
474
473
473
473
473
473
473
473
473
473
473
537
537
540
537
536
531
530
530
528
524
524
523
523
523
523
517
517
516
515
514
514
512
512
512
512
512
511
511
511
511
511
511
512
512
510
509
510
509
509
509
509
509
509
509
508
508
508
508
508
509
509
509
509
509
508
508
507
508
508
509
508
509
508
508
471
447
454
454
455
455
458
460
461
462
463
464
465
466
467
468
468
469
469
470
470
471
471
471
472
472
472
473
473
473
473
473
473
474
474
474
474
474
475
475
475
475
475
475
474
473
473
474
475
475
475
475
475
475
475
475
475
475
475
475
475
475
474
474
525
525
519
515
511
509
509
508
508
508
508
508
508
507
508
508
508
508
508
514
514
510
510
504
512
515
516
515
514
514
514
512
512
512
510
513
507
514
507
515
506
515
507
514
508
513
511
512
512
512
514
512
513
513
513
513
513
514
514
514
514
514
515
514
447
447
447
454
437
462
465
467
467
468
468
470
472
472
472
473
473
473
472
473
473
473
473
473
473
473
472
473
472
473
472
473
472
472
472
472
472
472
471
471
471
471
472
471
471
471
471
470
471
471
471
473
471
471
471
470
471
470
471
470
470
470
470
470
538
541
541
531
527
521
518
518
518
516
513
511
511
511
510
510
510
510
510
509
509
509
510
510
510
510
509
509
509
510
510
509
509
509
511
511
510
510
510
508
508
511
511
511
502
502
511
511
511
511
510
512
512
512
512
512
512
513
512
513
513
514
514
514
445
445
452
457
461
463
466
470
470
470
472
473
473
474
474
475
475
475
475
475
475
475
475
475
475
475
475
475
475
475
474
474
474
474
474
474
473
473
474
474
473
473
473
473
473
472
472
472
472
472
472
472
472
471
471
471
471
471
471
471
470
470
470
470
535
535
533
527
523
520
518
516
516
513
511
511
510
509
509
509
509
509
508
508
508
508
508
508
508
508
509
509
509
509
509
508
508
508
508
508
508
508
509
509
509
510
510
510
510
510
511
511
511
510
510
510
511
511
511
511
511
511
512
512
512
513
512
512
447
447
452
458
461
464
464
467
471
473
473
473
474
475
475
476
476
476
476
477
477
477
477
477
477
476
477
476
476
476
477
477
477
476
476
476
476
476
476
476
476
475
475
475
475
475
475
475
475
474
474
474
474
474
473
473
473
473
473
473
473
473
472
473
534
534
525
521
521
519
517
514
514
511
511
510
509
509
509
508
511
511
511
508
507
507
507
508
514
508
508
507
507
507
508
508
508
500
500
509
509
508
508
509
509
509
509
509
509
510
510
511
510
510
510
510
510
510
510
510
511
513
511
511
511
511
512
512
447
447
454
458
463
464
468
469
471
472
473
474
475
475
476
475
476
475
477
476
477
477
477
477
477
476
476
476
476
476
476
475
475
476
476
476
480
475
475
475
475
475
475
475
475
475
474
474
474
474
474
473
473
473
473
473
473
474
474
473
473
472
472
472
535
535
532
527
523
519
514
513
513
512
511
509
509
508
508
508
508
508
508
507
507
507
507
507
508
508
508
507
505
504
505
507
507
507
508
508
508
508
508
509
509
509
509
508
509
509
509
516
516
510
510
510
510
510
510
510
511
510
511
510
510
510
510
511
447
447
460
463
463
468
468
469
473
474
474
475
476
476
476
476
477
477
477
488
488
477
477
477
477
477
478
478
481
477
477
477
477
478
478
477
477
477
477
477
476
476
477
477
477
476
476
476
476
476
475
475
475
475
475
474
479
474
474
474
474
474
474
474
