305
309
315
323
324
326
328
330
332
334
336
337
341
341
343
343
344
345
347
351
351
351
351
351
351
352
354
355
355
357
357
357
357
358
358
359
359
359
362
362
362
363
362
363
364
364
365
365
366
366
366
366
367
367
367
368
368
368
368
368
369
369
370
370
747
747
735
721
720
712
707
702
697
693
689
686
682
678
676
673
671
667
665
664
661
659
655
653
653
652
650
648
648
644
643
644
643
642
640
639
638
636
635
635
635
634
632
632
631
630
630
628
628
628
628
626
626
625
624
624
624
623
623
623
622
621
621
621
227
227
240
248
255
261
268
274
275
283
287
287
294
301
302
305
307
309
313
316
317
319
322
324
326
328
329
332
334
337
338
339
339
340
344
347
346
347
348
350
351
351
352
352
354
355
356
356
357
358
359
359
360
361
361
362
363
363
363
364
364
365
370
370
751
751
738
730
722
717
712
708
700
698
694
690
687
684
682
677
674
667
667
667
666
662
660
658
656
654
652
650
649
646
646
646
643
642
641
638
630
635
634
635
634
636
632
631
631
629
628
627
627
627
625
623
622
623
622
623
622
622
622
619
619
619
619
619
222
222
236
245
255
261
263
266
278
280
283
283
290
294
296
301
303
305
307
312
314
317
321
323
323
323
327
329
333
333
333
335
337
338
341
341
343
345
346
349
350
350
350
352
353
355
355
355
356
357
357
358
359
360
360
361
362
363
363
363
364
364
365
365
752
752
740
730
723
717
713
703
703
699
695
691
684
681
681
678
675
672
670
668
665
662
658
657
656
654
652
650
648
646
646
644
643
641
639
638
637
635
634
632
632
630
629
629
629
627
627
625
623
623
623
623
623
622
621
621
621
620
620
619
619
618
617
618
215
215
235
245
251
257
261
267
273
277
281
285
289
292
296
297
302
305
307
309
312
312
314
319
322
324
326
328
330
331
333
333
335
340
344
343
343
343
347
347
347
349
350
352
352
352
353
353
355
357
358
358
360
360
360
360
361
362
363
363
363
364
364
365
753
753
739
731
724
717
716
708
704
699
695
692
688
684
681
678
672
671
669
667
665
662
659
658
657
653
650
650
648
646
644
642
641
641
636
635
635
633
632
632
630
630
629
628
627
626
625
624
624
623
623
623
621
620
620
620
620
619
618
618
617
618
617
617
220
220
235
239
244
256
261
267
272
275
281
287
290
295
297
297
301
303
303
309
312
314
316
318
321
323
327
329
329
331
333
335
337
337
339
345
345
344
344
346
347
349
349
350
352
353
353
354
355
355
357
358
358
358
360
360
360
362
362
362
363
364
364
364
753
753
741
731
724
720
715
708
703
696
695
692
687
684
678
677
674
672
669
667
664
659
658
657
655
652
651
651
646
645
644
643
640
640
638
637
635
634
632
632
631
630
628
627
626
626
625
624
623
623
623
623
621
620
620
619
619
618
618
617
614
617
613
616
219
219
232
241
248
261
265
265
271
273
279
287
287
291
294
296
300
303
303
306
308
315
318
318
320
321
324
326
326
330
332
334
335
337
339
340
342
343
345
345
347
348
349
349
350
353
353
354
355
355
356
357
358
359
359
360
361
361
362
362
362
363
364
364
677
677
657
642
631
624
619
615
613
611
611
609
609
609
609
609
607
607
607
607
607
607
607
606
606
605
602
602
605
605
605
605
605
605
605
605
605
605
605
605
605
605
605
605
605
605
605
605
604
605
604
604
604
604
604
604
604
604
604
604
604
604
604
604
258
258
275
288
298
306
313
317
324
328
336
338
337
338
344
346
348
350
351
354
355
356
357
359
359
361
362
364
364
366
366
367
367
368
368
369
370
371
371
372
372
373
373
373
373
374
375
376
376
376
376
376
376
378
378
378
378
379
380
380
380
380
380
381
690
701
701
689
675
665
658
651
644
639
638
632
630
628
627
624
622
619
619
619
619
616
615
615
614
613
613
612
611
611
610
606
609
608
608
608
608
608
608
607
607
606
606
606
605
605
605
605
604
604
604
604
604
604
604
604
604
604
604
604
605
605
603
603
256
256
281
283
295
302
310
317
322
326
328
333
335
339
340
342
346
347
349
350
351
355
355
357
358
360
361
363
364
364
365
366
368
368
368
370
370
370
371
373
373
374
374
374
376
376
376
377
377
378
378
378
379
379
380
380
380
385
386
385
382
382
382
383
687
704
704
687
685
670
661
654
647
642
638
634
634
628
627
625
624
621
621
620
618
617
616
616
615
614
613
612
611
610
610
609
609
608
608
608
610
607
607
606
602
605
605
605
605
605
604
604
603
603
603
603
603
603
602
602
602
602
602
602
602
602
602
602
256
256
271
281
293
303
310
316
321
329
330
332
336
340
343
343
344
345
350
352
352
353
354
355
356
359
361
361
363
365
365
367
367
368
369
369
369
371
371
372
373
373
373
374
375
376
377
377
377
378
379
379
379
380
381
381
381
381
381
382
382
382
382
384
676
706
706
694
682
671
663
655
648
643
640
633
629
627
627
626
622
621
621
619
618
616
615
615
615
614
614
613
611
610
610
610
608
608
608
608
608
606
605
605
605
604
604
604
604
604
603
603
603
602
602
602
602
602
601
602
601
602
601
601
600
600
600
600
254
254
271
282
293
304
310
315
321
326
330
333
338
341
341
343
345
347
347
349
352
353
355
355
358
359
359
360
363
363
365
366
367
368
368
369
370
370
371
372
372
373
374
374
375
376
376
377
377
378
379
379
379
380
380
381
382
382
382
382
382
382
383
384
690
707
707
695
683
674
664
656
650
643
639
635
629
627
627
625
623
622
620
619
619
612
615
612
613
612
612
611
610
609
608
609
609
609
607
607
606
605
605
605
604
604
603
603
603
603
602
602
602
601
601
600
600
600
600
600
600
600
600
600
599
599
599
599
254
254
270
281
292
302
309
317
323
329
329
333
336
341
343
343
345
346
348
350
352
353
355
355
356
360
360
360
363
364
364
365
367
367
368
368
369
370
371
372
373
374
374
374
375
376
377
377
377
378
379
379
379
380
380
382
382
382
382
382
382
382
383
383
658
658
635
625
616
614
611
608
606
606
604
601
600
600
599
598
598
597
597
597
597
597
597
596
596
596
596
596
596
596
595
596
595
595
595
595
595
595
595
595
595
595
595
595
595
595
595
595
596
596
596
595
595
595
595
594
595
595
595
595
595
595
595
595
291
291
307
312
322
326
331
335
338
344
346
346
348
351
351
351
352
355
358
358
358
359
360
361
362
362
364
366
366
366
367
368
368
371
371
372
372
374
376
376
376
378
378
379
380
380
381
382
382
383
383
383
384
386
386
386
387
387
387
388
388
389
389
390
683
683
669
655
646
641
636
633
628
626
624
622
618
618
616
615
613
612
612
611
610
609
608
607
605
604
604
604
604
602
602
601
601
600
600
599
598
597
597
596
595
595
595
595
595
594
594
594
594
594
593
594
594
594
593
592
593
592
593
592
592
592
592
592
290
290
305
314
320
328
328
331
338
341
341
343
345
347
349
350
353
354
354
356
356
358
360
361
361
362
364
364
364
366
366
369
370
371
372
374
375
375
376
377
379
379
379
380
381
382
383
383
383
385
386
386
388
390
389
389
389
388
389
391
391
391
391
391
689
689
664
656
649
644
636
632
632
629
627
626
622
622
621
618
616
615
615
614
612
608
608
608
609
607
607
606
605
605
604
603
602
602
602
600
599
599
599
598
597
597
597
597
596
595
595
594
594
594
594
594
593
593
593
593
592
592
592
592
592
592
592
592
289
289
305
314
320
325
328
331
337
340
340
342
344
345
347
348
350
352
352
354
355
356
357
357
360
360
362
364
364
365
366
366
368
368
370
371
372
372
375
376
377
378
378
379
380
382
382
384
384
384
386
387
387
388
388
389
390
390
390
391
391
392
392
392
686
686
668
659
653
646
642
638
636
631
628
624
624
624
621
620
618
616
615
613
613
612
611
610
609
609
608
608
606
606
606
603
603
601
601
600
600
599
599
597
597
597
596
595
595
595
594
594
593
593
593
592
592
592
592
592
591
591
591
591
591
591
591
591
289
289
305
312
314
323
326
331
337
338
340
342
344
345
346
348
351
353
353
353
354
354
356
358
360
364
361
361
361
363
365
366
367
367
368
371
372
372
372
373
375
376
378
378
379
380
382
383
383
385
385
386
386
387
388
388
389
390
390
390
390
391
391
391
692
692
664
655
653
647
643
639
636
633
630
628
628
624
623
621
621
620
617
616
615
613
612
612
611
610
609
607
607
607
605
604
604
602
601
601
600
599
600
599
598
597
597
597
596
595
595
595
594
594
593
593
593
594
593
592
592
592
592
592
591
591
591
591
288
288
305
316
317
323
326
333
333
337
339
341
343
343
346
349
349
349
351
352
353
354
356
357
357
358
359
360
361
362
364
365
365
367
368
369
370
372
372
374
375
376
376
378
379
379
380
383
383
384
385
385
386
387
388
389
388
389
389
389
390
391
391
391
640
640
630
623
617
612
612
609
601
598
596
595
593
592
592
591
590
590
590
589
586
589
588
588
587
587
587
586
586
586
586
586
587
587
586
586
586
586
586
585
587
587
587
587
587
587
587
587
587
587
588
588
588
588
588
588
588
588
588
588
588
588
588
588
300
300
308
314
324
325
331
337
338
340
341
340
341
343
344
346
347
347
350
351
352
353
354
355
355
360
362
362
366
368
369
370
373
376
378
378
379
381
381
383
384
385
386
387
387
389
390
390
390
390
389
392
392
394
394
393
393
394
394
394
394
395
395
395
672
672
659
653
635
629
632
629
628
624
622
622
621
620
618
617
615
615
611
611
610
608
608
607
605
603
603
602
598
598
598
598
597
596
596
593
593
593
593
592
591
591
590
590
590
590
590
590
589
589
589
589
588
588
588
588
588
588
588
589
589
588
588
588
293
293
301
306
311
311
320
323
326
329
329
332
334
334
334
339
340
340
341
343
345
346
346
349
350
353
354
357
360
363
365
368
369
371
371
375
380
382
384
384
386
387
388
390
391
392
393
393
393
393
394
394
394
394
395
395
395
395
395
395
395
395
395
394
673
673
669
661
654
649
644
638
637
635
632
631
628
627
624
622
622
621
613
613
613
613
610
609
607
606
605
604
603
600
599
598
597
595
594
594
592
592
591
590
590
589
589
588
588
588
588
587
587
587
587
587
586
586
586
586
586
586
586
586
586
586
586
586
296
296
299
305
310
313
319
321
324
326
326
328
330
331
333
333
336
337
339
339
342
344
346
347
347
351
354
355
358
360
363
366
369
371
374
376
376
378
382
384
384
386
387
396
396
391
391
391
391
392
393
393
397
397
394
394
394
395
395
395
395
395
395
395
681
681
668
666
665
660
650
647
644
643
639
638
636
634
634
630
628
626
624
622
620
615
614
614
612
610
609
605
604
604
602
602
599
598
596
594
593
593
592
592
592
591
591
590
590
590
589
588
588
587
587
587
587
586
586
586
586
586
586
585
585
585
586
586
288
288
296
306
312
313
315
318
320
324
325
325
326
328
330
331
333
333
335
337
337
341
343
343
346
350
352
352
357
359
359
361
367
370
373
375
379
380
382
384
385
385
388
389
389
390
391
392
392
392
392
393
394
394
394
395
395
395
395
395
395
395
395
395
684
684
675
667
661
656
652
649
644
643
643
640
639
638
635
632
632
631
627
624
621
619
617
615
614
612
610
608
607
604
604
600
599
597
596
596
595
593
593
593
591
591
591
590
590
589
589
588
588
588
587
587
587
587
587
587
587
587
586
586
586
586
586
586
282
282
293
300
304
305
316
316
318
321
322
323
324
326
327
329
333
333
334
336
337
339
341
343
344
351
353
355
357
357
361
364
368
370
372
373
377
379
381
382
382
384
386
388
389
389
391
391
392
392
392
392
392
392
392
392
393
393
394
394
394
395
395
394
