304
310
317
320
323
324
328
329
332
334
336
337
338
339
341
342
344
346
346
346
347
348
348
349
350
350
351
352
353
353
354
355
355
356
356
357
357
357
358
359
359
359
359
360
360
360
361
361
361
362
362
363
364
365
364
364
364
364
364
365
365
365
365
365
740
740
730
721
715
710
703
702
700
693
691
685
683
683
677
676
675
671
667
665
665
663
661
661
658
655
655
654
653
652
651
650
649
648
647
646
644
644
644
642
642
641
640
639
639
638
637
638
637
636
635
635
635
634
633
633
633
632
631
631
631
631
631
630
230
230
243
252
259
265
270
276
280
284
289
294
297
300
303
306
309
314
315
316
318
319
322
324
327
328
330
331
335
337
337
339
339
339
344
347
354
347
348
348
349
351
351
351
352
352
353
351
355
355
356
356
356
358
358
359
360
360
360
361
363
362
362
362
745
745
733
730
719
713
708
702
699
692
689
689
685
683
682
676
674
668
666
665
665
664
661
659
654
651
653
650
651
650
647
647
646
646
642
642
642
640
640
640
636
636
636
635
635
634
633
633
633
632
631
630
630
630
630
629
628
628
628
627
627
627
626
626
223
223
239
249
256
265
268
275
277
282
286
290
294
296
300
303
303
305
311
311
312
317
319
323
325
325
327
328
331
334
334
335
337
338
340
340
341
345
352
346
348
348
349
350
352
362
353
354
354
354
353
353
357
357
357
358
361
361
360
360
361
361
362
362
745
745
734
725
720
713
708
705
700
696
692
688
686
682
680
677
674
672
670
668
666
664
664
661
657
655
655
654
651
649
646
646
646
644
641
640
641
640
638
638
636
635
634
634
634
633
632
632
631
629
629
629
628
628
627
627
627
627
625
625
625
625
624
624
228
228
248
266
262
266
268
273
278
282
289
289
293
299
301
302
304
307
312
312
316
318
318
320
321
324
326
328
329
334
337
336
337
336
337
340
341
343
344
345
345
346
347
349
350
352
354
353
353
353
353
354
355
357
357
358
359
359
359
359
360
362
362
362
746
746
741
728
719
718
708
704
699
688
688
688
685
680
677
677
676
670
668
670
668
663
661
659
657
654
653
652
651
650
647
647
647
645
641
640
640
640
637
636
636
636
633
633
632
628
628
629
629
629
628
627
627
627
626
626
625
625
625
625
623
623
623
623
235
235
238
248
254
261
263
266
277
279
289
292
292
295
298
299
304
306
308
311
311
315
315
322
324
324
326
328
331
332
332
335
336
337
337
338
341
342
342
345
345
346
350
350
349
349
351
354
354
354
354
355
356
356
357
358
358
358
358
359
355
360
360
361
751
751
733
726
719
717
708
704
699
696
691
688
684
682
679
677
674
670
667
659
663
660
660
659
657
655
653
652
650
650
646
645
644
642
641
640
637
636
636
635
634
633
633
631
631
630
630
629
629
627
627
627
626
626
626
624
624
624
623
623
623
623
623
623
225
225
238
247
256
266
269
275
278
280
285
289
294
301
300
303
303
303
306
309
312
315
315
319
320
320
321
326
328
330
331
334
335
336
339
340
340
347
347
347
346
346
347
347
350
351
351
352
353
353
353
354
355
356
356
357
358
358
358
360
360
360
364
364
676
676
660
645
635
628
624
622
621
619
618
617
617
616
616
615
615
615
615
615
615
614
614
614
614
613
613
613
614
613
613
613
613
612
612
612
612
612
612
610
610
612
612
612
612
612
612
612
611
611
611
611
611
611
611
611
610
605
610
610
610
610
610
610
262
262
275
287
295
304
310
317
323
327
332
334
337
340
342
344
348
348
351
352
352
355
356
355
356
359
360
360
361
362
363
363
366
367
367
367
368
369
371
371
371
370
371
373
373
373
372
373
375
375
375
375
376
376
376
377
377
378
377
378
379
379
379
379
716
716
696
688
678
671
655
649
649
644
640
637
634
633
630
629
627
625
625
623
622
622
620
618
618
618
618
617
615
615
615
615
614
614
613
613
613
613
611
611
611
611
610
610
610
609
610
609
609
609
609
608
608
608
608
608
608
608
608
608
607
607
607
607
264
264
271
286
295
303
311
317
322
330
331
333
335
339
342
342
344
341
345
350
352
353
355
356
356
360
360
360
361
362
363
364
365
366
367
367
369
370
374
372
375
373
374
374
374
375
376
376
376
376
378
378
378
379
379
379
379
380
380
381
381
381
381
381
717
717
702
691
680
672
664
657
651
646
642
639
636
633
632
631
626
625
625
622
622
622
621
620
619
618
617
616
616
615
615
615
615
613
613
613
612
611
610
610
610
610
609
609
609
608
608
608
607
607
607
607
607
607
606
606
606
605
605
605
605
605
605
605
262
262
274
287
297
305
311
318
323
327
331
335
336
339
343
344
346
350
351
351
352
354
355
356
357
358
360
360
362
363
363
363
366
367
369
369
369
369
370
371
372
373
374
375
375
376
376
376
377
377
378
378
379
380
380
381
381
381
381
381
381
381
382
383
712
712
703
692
681
674
665
658
652
642
641
636
633
634
633
629
627
626
624
622
621
621
621
620
618
617
616
616
615
614
614
614
613
611
611
611
609
610
610
610
609
608
608
608
609
608
607
607
607
606
606
605
605
605
605
605
605
604
604
604
604
604
604
604
262
262
276
287
297
305
312
324
325
328
332
335
337
341
342
343
347
348
352
352
352
355
355
356
357
359
361
362
362
363
366
366
366
367
367
368
370
370
370
373
373
374
374
375
376
376
377
377
378
378
379
379
379
379
380
381
382
382
382
382
383
383
383
383
717
717
708
694
682
674
665
658
651
646
640
638
635
633
628
627
627
625
623
621
621
621
620
620
617
615
615
615
614
613
613
613
613
611
611
610
609
609
609
609
608
608
608
607
607
607
607
608
607
605
605
604
605
604
605
604
604
604
603
603
603
603
603
603
261
261
271
276
300
305
312
318
324
328
332
336
341
343
343
347
349
349
351
352
354
355
357
357
359
359
360
362
362
363
365
366
366
367
369
372
371
372
371
372
372
374
375
376
376
377
378
378
378
378
379
379
379
379
380
381
381
381
381
382
383
383
384
384
659
659
628
625
622
620
614
612
609
609
606
605
604
603
602
602
602
601
600
600
599
599
594
599
599
599
599
598
599
600
600
599
598
598
598
598
598
598
598
598
598
598
598
598
598
598
598
598
598
598
598
597
597
597
598
598
598
598
598
597
597
594
594
597
297
297
312
322
328
333
337
339
341
346
347
348
350
352
351
353
355
355
355
357
355
359
362
363
364
365
366
367
372
372
372
372
373
374
374
377
378
378
380
381
381
382
382
383
384
385
385
386
386
387
388
388
388
390
390
390
390
391
391
392
391
392
393
393
687
687
665
652
644
640
635
632
628
625
623
620
620
620
618
616
614
613
613
612
609
609
609
608
608
607
607
606
605
605
605
603
603
603
602
601
601
601
601
599
594
594
599
599
599
591
598
598
598
598
598
598
597
597
596
595
595
596
596
596
596
595
595
595
297
297
312
322
328
332
336
339
341
344
346
349
351
351
351
352
354
357
358
358
359
360
361
362
364
366
366
366
368
369
370
371
373
373
373
374
376
378
379
381
382
383
383
384
385
385
385
392
392
389
389
389
389
390
391
391
391
392
392
392
393
394
394
394
688
688
667
655
648
641
637
634
631
629
627
626
623
621
619
618
615
615
614
613
611
610
610
609
609
609
608
606
606
605
605
604
604
603
603
602
602
602
602
601
600
600
600
599
599
599
598
598
597
597
597
597
597
598
596
597
596
595
595
595
595
595
595
595
301
301
308
312
332
335
336
339
341
342
345
349
349
349
351
352
353
355
356
359
360
360
361
362
363
363
365
365
367
369
370
370
373
373
373
375
375
376
378
379
380
381
381
384
384
384
386
386
386
387
388
389
389
390
390
390
392
392
392
393
394
394
395
395
689
689
669
656
648
642
638
635
632
628
627
627
623
622
620
619
618
616
614
613
613
613
613
611
609
607
607
607
606
606
605
602
602
603
603
602
601
601
601
600
599
599
598
598
598
597
597
596
596
596
596
596
596
596
596
595
595
595
595
594
594
594
594
594
297
297
313
322
328
328
328
328
342
344
346
348
351
348
350
350
354
355
357
357
358
361
361
361
361
363
364
366
367
367
368
369
374
374
374
374
377
377
377
379
379
381
383
384
384
384
385
386
387
387
388
389
390
390
391
391
392
392
393
394
394
394
395
395
687
687
672
657
648
645
643
636
633
630
629
626
624
620
619
619
617
616
612
612
612
611
611
609
609
608
608
607
606
606
604
604
603
603
602
602
601
600
600
599
599
599
598
598
598
598
597
596
596
596
596
595
595
595
595
595
595
594
594
594
594
593
593
593
296
296
313
323
327
333
336
339
344
345
345
346
349
350
352
353
356
356
356
357
359
359
360
361
362
363
364
365
366
370
370
370
371
372
372
374
374
376
376
378
378
379
381
382
383
383
385
385
386
387
390
390
390
390
391
391
391
392
393
393
393
394
394
395
637
637
625
618
613
603
602
602
599
596
595
594
593
593
592
592
591
590
590
589
589
589
588
588
588
588
588
588
588
588
588
588
588
588
588
588
588
588
588
588
589
589
589
590
588
589
588
588
588
589
589
589
589
589
589
589
590
590
590
591
591
591
591
591
317
317
329
330
334
340
342
345
347
350
351
354
354
355
355
358
358
358
360
361
361
363
365
367
370
372
372
374
376
379
382
382
383
386
387
388
390
392
392
392
393
395
395
395
396
397
397
398
398
398
400
400
400
401
400
401
401
401
401
402
402
402
402
402
664
664
646
642
636
633
627
624
620
616
613
612
610
610
608
607
606
606
603
602
602
601
600
600
598
598
597
596
595
595
595
593
593
593
593
590
590
590
589
588
587
586
586
586
586
585
585
585
585
585
585
584
584
585
585
585
585
586
586
586
586
585
585
586
320
318
320
332
336
339
343
345
347
348
350
351
353
354
356
356
359
361
359
361
366
368
368
370
373
375
378
382
382
383
389
391
391
392
394
395
396
397
398
398
399
399
400
401
401
402
402
402
402
402
403
404
404
404
404
404
404
405
405
405
404
404
404
405
665
665
653
645
637
630
629
621
607
607
612
612
608
607
607
606
603
602
601
600
599
598
598
596
596
595
594
593
593
591
591
590
590
590
589
589
587
588
588
588
588
587
587
587
587
587
587
587
586
586
586
586
586
586
586
586
586
586
586
586
586
586
586
586
313
313
322
329
333
336
339
342
343
343
343
348
349
351
352
353
356
356
358
360
361
374
374
369
369
373
375
375
377
379
382
382
386
387
389
391
393
393
394
396
397
399
399
399
400
400
401
401
401
402
402
403
403
403
403
404
404
404
404
404
404
404
404
404
669
669
659
650
643
640
634
628
625
618
618
616
614
612
610
610
609
607
605
604
604
602
601
600
599
598
596
596
595
593
593
593
592
591
589
589
590
590
589
589
589
589
588
588
588
587
587
587
587
587
587
586
586
586
586
586
586
586
586
585
585
585
586
586
311
311
318
324
330
337
339
339
342
344
345
346
347
349
351
353
353
355
356
358
358
361
362
365
366
368
371
373
377
380
383
381
383
387
388
390
392
392
393
395
396
396
399
399
400
400
400
401
403
402
402
402
400
403
404
404
404
404
404
404
404
405
405
405
669
669
659
650
643
640
631
631
626
626
622
617
617
613
612
611
609
607
607
605
604
604
601
600
600
599
598
597
596
595
593
593
591
590
590
590
590
589
588
588
588
588
588
587
587
587
586
586
586
586
586
586
586
586
586
586
586
585
585
585
585
586
585
585
309
309
321
324
332
333
335
340
341
341
343
346
346
348
349
350
352
353
355
356
360
363
363
363
364
367
370
371
371
376
378
381
382
385
387
389
390
393
393
394
395
397
397
398
399
400
400
400
400
400
402
402
403
403
403
403
403
403
403
403
403
403
403
403
