203
203
213
220
223
234
238
238
241
241
245
247
250
251
254
255
255
257
259
259
259
261
262
263
264
264
266
266
266
267
268
268
268
268
268
270
270
270
271
272
272
273
273
274
273
274
274
275
275
275
276
276
276
276
276
276
276
277
278
277
277
277
277
278
492
539
576
604
625
671
686
698
707
718
722
726
730
730
730
731
731
731
731
731
727
725
721
717
713
709
709
709
713
731
731
730
730
726
722
719
716
715
714
713
711
709
703
700
695
695
722
722
718
718
714
714
710
707
706
705
701
695
689
689
707
715
715
714
117
117
137
149
160
166
171
181
188
194
199
204
208
213
216
219
222
227
230
230
232
233
235
239
239
240
243
243
245
247
248
250
250
252
253
254
254
256
257
259
260
259
260
261
263
264
265
264
265
266
274
268
268
268
268
269
270
270
271
272
272
272
272
272
866
866
851
834
819
817
816
802
797
792
781
780
777
771
768
765
762
760
756
753
751
748
746
744
742
741
739
738
738
736
734
734
732
730
729
728
727
726
726
724
723
723
723
721
721
721
721
720
719
719
719
719
718
717
717
717
717
717
716
715
715
715
715
714
112
112
129
142
154
165
171
177
185
192
196
199
201
209
212
220
221
221
224
226
229
230
233
236
238
238
239
241
242
244
245
245
248
248
250
250
252
253
254
255
255
257
257
257
260
260
261
262
263
264
264
265
266
266
267
267
267
268
269
269
269
269
271
272
866
866
849
840
828
815
803
796
796
789
784
780
776
771
767
763
761
758
754
751
749
747
746
742
742
738
738
737
735
733
732
729
729
728
727
727
726
724
724
723
722
718
720
719
719
719
718
718
718
717
717
716
715
715
715
715
714
714
714
714
713
713
713
713
109
109
128
142
153
162
169
176
184
189
195
204
205
207
208
215
218
220
224
227
229
229
231
233
237
238
238
240
241
242
243
244
245
248
248
250
250
253
253
254
255
255
257
258
259
260
260
261
261
263
263
271
270
270
267
267
267
268
268
268
268
270
270
271
866
866
850
841
832
818
810
793
792
790
785
782
776
772
772
764
761
757
755
753
750
748
746
743
740
739
739
736
735
734
734
731
730
728
727
727
726
725
724
724
723
723
721
721
721
720
719
719
718
718
717
717
716
715
715
715
715
714
714
714
714
713
712
712
109
109
128
141
151
161
168
175
182
187
194
199
202
207
210
213
219
222
222
224
225
229
230
232
236
237
237
240
240
240
241
248
248
247
247
248
250
251
252
253
255
256
256
257
257
258
261
261
262
262
262
263
265
265
265
266
267
268
268
269
269
269
269
270
868
868
850
839
828
819
810
802
800
790
785
778
776
772
768
767
761
758
755
752
749
747
744
742
740
740
738
735
735
734
732
731
729
729
728
726
726
724
723
723
723
722
721
720
720
719
719
718
717
717
716
715
715
716
716
716
713
713
713
712
712
712
712
711
110
110
127
141
152
160
168
175
182
182
192
198
203
206
210
213
213
216
222
224
226
228
232
233
232
234
237
239
239
240
242
243
244
245
245
247
249
250
252
253
253
255
257
257
258
259
259
260
261
262
262
264
264
265
265
267
267
267
268
269
269
270
272
272
772
772
742
730
723
718
712
711
712
709
706
705
705
705
704
703
703
703
703
702
700
700
700
700
699
699
699
699
699
697
696
697
697
697
698
698
697
694
696
696
696
697
697
695
694
694
694
694
693
693
693
693
693
693
693
692
692
692
692
692
692
692
691
691
165
165
189
201
209
216
220
225
229
232
237
238
240
242
244
246
248
250
252
253
255
256
257
259
260
262
264
266
267
267
269
269
271
273
274
275
275
278
278
278
279
280
281
282
282
283
284
286
286
285
285
285
288
289
289
291
291
291
292
292
292
293
294
294
801
801
786
772
768
758
752
747
743
738
735
731
729
726
723
722
719
717
711
711
712
712
712
709
708
707
706
705
704
702
700
699
699
700
700
698
698
698
697
696
695
695
694
694
693
693
693
693
692
692
692
692
691
691
691
690
690
690
690
690
689
686
689
687
167
167
190
202
210
216
221
225
229
234
235
238
240
242
244
245
247
250
251
253
254
255
258
265
265
263
263
265
266
267
270
271
273
273
276
276
278
278
281
281
282
283
284
285
286
286
286
288
288
290
290
292
292
293
295
294
295
295
295
296
296
297
298
298
807
807
790
775
766
759
753
749
744
739
731
728
726
726
725
721
719
718
715
715
712
710
710
709
706
706
705
704
703
702
701
700
700
699
698
698
696
695
695
695
694
694
693
692
692
691
691
691
691
691
690
690
690
689
689
688
689
688
688
683
683
687
687
688
169
169
187
201
201
211
223
223
229
232
238
239
243
244
245
247
248
251
252
254
255
258
261
262
262
264
264
265
268
269
270
272
275
276
276
277
279
280
282
283
284
284
286
287
288
289
289
290
291
291
292
294
294
294
294
295
297
297
298
298
298
299
299
299
811
811
786
776
767
756
754
750
741
739
735
728
724
724
722
719
718
716
714
713
711
710
708
707
707
706
704
701
702
701
702
699
698
696
696
695
694
694
693
692
692
691
690
690
690
689
689
688
688
688
688
685
687
687
688
688
687
686
686
685
685
685
685
686
171
171
190
211
212
219
224
228
232
237
238
239
247
248
249
251
251
252
255
256
257
260
262
263
264
266
269
270
271
271
273
274
276
276
279
280
280
283
283
285
285
287
288
289
292
290
292
292
293
293
293
297
297
297
297
297
298
299
300
300
300
300
301
303
812
812
792
775
766
759
754
753
743
740
734
730
728
726
721
721
715
714
712
711
708
708
706
705
704
703
701
701
699
698
697
696
695
695
694
694
692
692
691
690
690
689
688
688
688
688
688
687
687
686
685
685
685
685
685
684
684
684
684
683
683
683
683
683
171
171
191
204
212
219
224
230
233
236
238
242
244
251
251
251
251
255
256
259
259
262
263
264
266
267
270
270
271
273
275
277
277
277
279
281
283
285
287
287
286
286
289
290
290
291
292
293
293
293
295
295
296
297
299
299
299
299
299
300
301
302
303
303
746
746
729
715
709
704
699
692
692
690
687
685
684
682
681
681
681
680
679
679
678
678
678
677
677
677
677
678
677
676
676
676
676
676
676
675
675
675
675
676
675
674
674
674
674
673
673
673
673
673
673
672
672
672
672
672
671
670
670
670
670
669
669
669
198
198
211
219
226
236
238
242
246
249
253
253
255
255
261
262
265
275
275
270
270
273
274
276
278
279
280
280
283
284
286
287
288
290
291
294
295
296
298
299
300
303
303
304
305
307
307
309
309
310
312
314
314
315
316
317
317
317
318
318
319
320
320
321
776
776
765
761
754
745
736
725
722
713
708
707
703
702
699
697
695
693
692
690
688
687
684
684
679
679
681
682
681
679
678
678
678
677
676
676
676
674
672
672
672
672
672
671
670
669
668
667
667
666
666
666
665
665
665
664
664
664
663
662
662
661
661
661
199
199
210
220
227
235
239
243
247
250
254
261
261
265
265
267
269
269
270
273
274
275
278
278
280
281
283
284
287
288
290
292
292
294
296
298
299
301
303
305
306
309
310
310
312
313
314
315
316
317
318
319
321
322
322
322
322
322
324
324
325
325
326
326
777
777
769
763
757
748
741
729
723
719
712
709
706
701
699
696
696
694
690
690
689
686
686
684
682
679
679
678
678
676
675
675
673
673
672
672
671
670
669
668
667
667
666
665
664
664
663
663
662
661
661
660
660
659
659
658
658
657
657
657
657
656
655
655
201
201
210
226
237
237
240
245
249
252
256
259
259
260
266
267
268
272
274
274
277
278
279
280
282
283
286
287
287
290
290
282
282
297
297
300
303
304
305
308
310
312
312
315
315
316
316
319
320
321
321
321
322
324
324
325
325
326
326
327
327
328
328
329
784
784
770
764
758
750
741
731
724
717
713
708
701
699
695
694
693
691
689
687
686
684
683
679
679
678
675
675
671
673
672
672
672
672
672
668
667
665
664
664
664
663
662
662
661
660
659
656
656
655
656
656
656
655
655
655
654
653
652
652
652
652
652
651
203
203
211
221
234
236
244
247
251
255
257
264
265
270
274
276
276
277
279
284
285
286
288
289
291
291
293
293
296
299
302
304
305
309
309
312
315
316
319
319
322
322
323
323
325
327
328
328
328
329
330
331
332
332
333
333
333
332
332
333
335
335
335
335
774
774
766
759
753
745
740
727
719
714
703
701
698
694
688
687
686
684
682
681
679
678
676
674
673
672
670
670
668
668
666
665
664
664
663
662
661
660
659
658
657
657
656
655
655
654
653
653
653
651
651
651
650
650
649
649
649
649
649
648
648
648
648
648
204
204
214
224
231
245
245
251
255
259
263
263
268
269
272
275
277
278
280
282
284
286
288
289
290
292
292
295
296
299
300
302
303
303
309
310
310
312
313
315
317
319
322
323
323
324
325
327
328
328
329
330
331
332
333
333
334
334
334
334
336
336
336
337
729
729
702
689
679
675
664
663
660
657
654
652
649
649
647
647
647
647
647
646
651
646
646
646
646
646
646
645
645
645
645
645
645
645
645
645
645
645
645
645
643
643
644
644
644
644
644
644
644
644
644
644
644
645
645
645
645
645
645
645
645
645
645
645
203
203
215
227
241
249
257
262
266
270
273
277
283
287
287
287
293
293
296
297
302
307
308
310
313
316
319
324
327
327
328
330
331
333
333
333
333
336
337
338
341
341
341
343
344
344
344
344
344
344
345
345
345
345
345
345
347
345
347
347
347
347
348
348
775
775
767
758
748
736
727
713
702
693
693
681
679
676
673
671
668
667
666
664
662
661
660
658
655
654
654
653
652
650
649
648
648
647
646
646
646
646
646
645
645
644
645
644
645
644
644
644
644
644
645
645
645
645
645
644
644
644
644
645
645
645
645
645
201
201
222
225
244
247
254
258
263
267
273
273
276
278
282
282
285
288
290
296
296
300
302
307
309
314
317
321
324
324
327
332
333
334
336
338
339
339
340
342
342
344
344
345
345
346
346
346
347
347
349
349
349
352
352
350
349
349
349
350
350
350
350
351
777
777
770
764
753
744
734
721
711
698
692
686
681
679
676
674
673
668
668
665
664
662
662
659
655
654
654
652
651
649
648
647
646
646
645
644
643
643
643
643
643
643
643
643
643
643
643
643
643
643
643
642
643
643
643
643
643
643
643
643
643
644
644
644
204
204
218
228
239
245
256
258
262
266
272
274
274
278
281
283
283
289
291
295
296
299
302
307
308
313
316
320
323
327
327
332
333
335
336
340
340
340
342
343
345
347
348
348
348
348
349
349
350
350
351
351
352
352
352
352
353
352
353
353
353
353
354
354
779
779
772
764
751
745
733
726
712
699
695
689
683
681
677
675
673
670
668
668
666
663
661
659
657
656
655
653
652
650
649
647
647
646
646
646
646
645
644
643
643
643
643
643
642
642
643
643
642
642
643
643
643
643
643
643
643
643
643
643
643
643
643
643
205
205
218
227
239
248
253
258
262
266
272
274
274
274
278
284
287
289
291
294
299
301
303
305
309
317
321
321
324
328
331
334
336
337
341
342
345
354
348
349
349
349
351
351
352
352
351
351
356
356
355
354
354
354
355
355
355
356
358
356
356
356
356
356
780
780
772
762
752
743
732
723
715
705
696
689
686
681
680
677
673
670
668
668
665
663
659
659
659
656
655
653
650
648
647
647
647
645
644
644
644
643
643
642
639
641
641
641
641
641
641
642
642
641
641
641
641
642
642
642
642
642
642
642
642
642
642
641
202
202
225
231
240
248
254
259
264
267
270
273
276
279
282
285
286
290
293
295
298
298
304
305
311
315
319
322
327
330
333
336
339
341
341
345
346
350
354
352
353
353
353
355
355
356
356
357
357
357
360
358
359
359
359
359
359
359
359
359
359
360
359
360
