480
480
480
480
479
480
479
480
481
493
481
480
480
482
482
481
480
480
480
479
480
480
480
479
479
479
479
479
480
480
480
480
480
480
480
481
481
481
481
481
481
480
479
480
479
480
480
480
480
481
480
479
479
480
481
481
481
480
480
480
480
480
481
480
524
524
521
521
521
521
511
511
518
518
519
518
519
519
520
520
520
520
519
518
518
518
517
517
519
519
519
519
519
518
518
518
518
518
518
518
518
519
519
519
519
519
518
518
518
518
518
518
518
519
519
519
519
518
518
518
518
518
516
516
518
518
516
516
450
450
455
455
456
459
459
461
462
463
464
464
464
464
464
465
465
467
467
467
467
467
467
467
467
468
468
468
470
470
468
468
468
468
468
469
469
469
469
469
469
469
469
468
468
467
470
470
470
469
469
469
469
469
469
469
469
470
470
469
469
469
469
469
531
533
533
532
532
530
530
529
528
528
528
527
527
527
525
525
524
524
524
524
524
522
522
521
521
521
522
521
521
521
521
521
521
521
521
521
519
519
518
518
518
519
519
518
518
518
518
518
518
518
518
518
518
517
515
515
515
517
517
517
516
516
516
514
455
455
458
459
460
461
463
463
464
465
465
465
465
465
467
467
468
468
468
468
468
468
469
469
469
469
469
469
469
469
470
470
470
470
470
470
470
469
469
471
471
470
469
469
470
470
470
470
470
469
470
470
470
470
470
470
469
469
470
470
470
470
470
470
534
534
533
532
531
531
531
528
520
520
520
525
527
528
528
528
525
525
526
526
524
524
524
523
523
523
523
522
522
522
522
522
523
523
522
521
521
521
521
521
521
521
521
520
520
520
520
520
520
520
520
519
519
519
520
520
519
519
519
520
520
520
520
520
453
453
454
457
458
459
459
460
461
463
463
463
463
465
465
464
464
465
465
466
466
466
466
467
467
467
467
467
467
467
467
467
467
466
465
465
465
468
468
468
468
468
468
468
468
468
469
469
468
467
468
467
469
468
469
469
469
469
467
467
467
469
472
472
536
543
536
535
532
531
531
530
530
530
528
527
527
527
526
526
526
526
511
511
524
524
522
517
498
517
522
522
522
522
523
522
521
521
520
520
520
520
520
520
519
519
519
519
519
518
518
518
517
517
517
518
518
519
517
518
517
517
517
517
516
516
515
517
454
454
457
459
459
459
459
460
462
462
462
464
465
465
465
465
465
466
468
468
468
467
467
467
468
468
468
469
469
469
469
468
468
468
468
468
468
468
460
470
469
469
469
470
470
472
471
471
471
471
471
469
469
469
469
467
467
467
468
470
470
469
469
470
535
535
535
533
532
530
530
530
530
528
527
526
526
526
526
526
526
525
524
524
524
526
528
528
524
523
521
521
521
520
520
520
522
522
522
521
521
521
520
520
520
520
518
518
518
520
518
519
519
520
520
520
520
520
519
519
520
524
520
520
519
519
519
519
464
464
456
457
457
458
460
460
460
459
459
463
463
464
464
464
465
465
465
465
465
466
466
466
466
466
467
467
467
467
467
467
467
467
467
467
467
467
467
467
467
468
468
469
468
468
468
468
468
468
468
468
468
468
468
468
468
469
469
469
468
468
468
468
529
529
523
520
520
520
518
518
518
516
516
517
517
517
515
516
516
516
516
515
515
516
517
517
517
514
515
515
515
515
514
514
514
514
514
515
514
514
514
513
514
512
514
513
513
513
514
515
515
515
513
515
513
515
514
514
514
514
515
515
515
514
515
514
461
461
464
465
465
465
467
467
467
468
467
469
469
469
469
469
469
469
470
468
470
467
470
468
470
470
470
470
470
470
470
470
472
472
471
471
471
471
471
471
472
471
472
471
471
471
471
471
471
471
470
470
471
471
471
471
471
470
470
468
468
471
471
471
531
531
529
529
527
527
526
525
525
523
524
524
526
526
522
522
520
527
520
521
521
521
520
520
520
519
519
517
519
517
518
517
510
510
517
517
517
517
515
516
515
515
515
515
515
515
515
515
515
515
515
516
516
515
514
515
515
516
515
516
515
515
515
515
458
458
460
462
465
465
465
466
467
466
468
467
468
468
468
468
468
468
468
469
469
469
470
470
470
469
469
469
469
469
469
469
469
470
469
469
467
469
469
470
470
470
470
470
471
469
472
468
472
470
470
470
471
472
471
472
471
472
471
471
470
470
470
470
534
536
534
532
532
532
532
530
527
527
526
525
525
524
524
524
524
523
522
522
520
521
520
520
520
520
520
520
519
519
519
517
519
518
518
517
517
517
517
517
504
518
515
516
516
516
516
516
516
516
516
515
516
515
514
514
514
515
515
515
515
515
515
517
456
456
458
458
458
463
464
464
465
465
465
464
464
464
466
467
467
468
468
468
468
469
467
466
466
467
468
469
469
469
468
468
468
467
469
468
470
468
468
468
468
469
469
471
471
471
471
471
470
470
471
471
471
471
471
471
470
471
470
472
469
471
469
470
533
533
532
532
531
531
530
527
527
527
527
526
526
524
523
523
523
523
523
522
523
522
521
521
521
520
519
520
519
520
520
520
518
518
518
516
518
517
517
516
516
516
516
516
516
514
514
514
515
516
515
515
515
515
515
513
514
514
515
515
515
515
514
514
458
458
458
461
461
462
463
463
464
465
466
466
465
465
465
466
468
468
468
468
468
468
468
468
468
469
467
469
467
469
469
469
469
470
470
470
470
467
470
467
468
468
469
469
469
470
468
467
467
467
470
470
470
470
470
470
473
471
472
471
471
471
471
471
533
533
532
531
532
531
531
530
529
529
528
527
526
526
526
526
529
525
522
521
521
520
520
518
519
518
519
518
518
518
517
517
523
523
523
517
517
517
506
517
518
518
518
517
518
517
517
517
516
517
516
517
516
516
514
515
514
514
514
514
514
513
514
514
459
458
459
459
463
462
463
463
464
464
465
465
476
476
467
467
465
467
467
467
467
467
467
467
469
467
469
468
468
468
469
469
469
469
469
469
469
469
469
469
469
471
471
469
469
469
469
469
469
470
468
469
468
469
486
486
471
471
471
470
472
469
472
469
529
529
525
523
521
520
520
519
516
515
516
516
516
516
516
515
514
514
514
514
514
514
515
514
514
514
514
514
514
514
514
514
513
513
514
515
514
515
514
515
514
514
514
514
514
514
515
515
514
514
513
513
513
513
514
512
513
513
513
513
513
513
513
514
467
458
460
460
461
461
461
465
466
466
467
467
467
468
468
469
469
470
470
470
470
469
470
469
471
472
472
472
470
470
473
473
473
472
472
472
472
473
472
473
473
473
473
473
472
472
472
474
474
473
473
474
474
473
472
472
474
475
474
474
474
475
475
475
513
533
533
530
529
527
527
526
525
525
522
523
522
520
519
518
518
515
515
516
516
517
515
515
515
514
514
514
514
513
513
513
513
512
512
513
513
513
512
511
511
511
511
510
511
512
512
512
510
510
510
512
512
512
511
512
511
511
511
512
512
512
512
511
452
452
456
459
459
462
453
462
464
465
465
465
466
467
468
467
466
466
469
469
469
469
470
471
471
471
471
471
471
471
471
471
472
473
473
472
472
472
472
472
472
473
473
473
473
473
472
472
473
473
473
474
474
474
474
474
474
473
473
475
475
475
475
475
535
535
535
532
529
529
528
527
524
522
522
522
520
519
519
518
518
518
518
515
515
515
512
512
513
514
514
513
512
512
512
511
511
511
511
511
511
509
510
510
511
511
511
510
511
510
511
509
509
509
510
510
510
510
510
514
514
511
510
510
509
510
509
510
453
453
456
457
459
459
459
461
464
464
465
465
466
467
467
467
466
468
469
469
469
469
471
471
470
470
471
472
471
471
471
472
472
472
472
470
470
473
473
473
473
473
473
473
473
474
474
474
473
473
474
474
474
472
472
472
475
475
474
474
475
475
475
475
535
535
533
531
530
528
527
526
523
522
522
521
521
518
518
518
517
516
514
514
514
514
513
512
512
512
512
512
511
511
512
512
511
510
510
510
510
509
509
509
516
516
508
508
509
509
509
509
508
508
508
508
508
509
509
509
509
508
508
508
507
507
507
508
455
454
455
459
460
460
461
461
462
463
463
463
466
467
467
467
467
469
469
469
469
469
470
470
470
469
469
472
472
471
471
471
472
473
473
475
474
474
473
473
473
473
473
473
473
474
474
474
474
474
475
475
475
474
474
475
476
475
475
474
475
475
475
475
536
536
534
531
528
527
527
527
523
523
523
522
520
519
517
517
517
518
517
515
511
511
510
512
512
512
512
511
511
511
511
510
509
509
509
510
510
510
507
507
509
510
509
508
508
510
513
510
508
508
508
508
508
508
508
508
508
508
508
508
508
507
507
508
453
453
456
458
458
459
462
462
462
464
465
465
465
465
465
465
468
468
469
466
467
467
469
470
470
470
470
465
475
470
470
470
473
473
472
472
472
472
474
474
473
473
473
473
472
472
472
474
475
474
475
475
475
474
474
475
475
475
475
474
474
474
474
476
526
526
522
514
511
511
510
510
508
508
507
507
507
507
507
506
506
506
508
508
507
507
507
507
507
509
509
507
507
507
508
508
506
506
505
508
508
508
508
507
506
507
508
508
507
507
499
499
508
508
507
507
508
508
506
506
507
507
507
507
508
508
508
507
454
454
458
460
462
465
466
467
469
469
470
471
472
472
473
474
473
474
474
475
475
475
472
472
475
476
476
477
476
476
476
476
476
476
476
476
477
477
476
476
476
476
477
477
477
476
475
475
477
477
479
477
477
477
477
478
478
476
474
476
478
478
477
476
527
527
526
524
521
516
516
516
513
511
510
508
508
508
507
506
506
506
512
512
506
506
506
506
506
506
506
505
505
505
506
505
505
505
505
505
505
505
505
505
505
505
505
505
504
504
504
504
504
504
504
504
505
504
505
505
505
504
504
504
504
504
505
505
468
468
464
470
467
470
470
471
473
474
474
474
475
477
477
476
476
477
477
477
477
477
477
481
491
481
479
479
477
479
481
482
482
481
477
481
479
479
479
478
478
478
481
477
481
481
481
481
481
479
480
480
480
480
480
480
478
478
479
480
480
481
480
481
524
524
519
517
515
514
511
510
507
507
507
504
504
504
503
503
505
506
506
505
504
505
504
506
504
504
503
503
505
505
504
504
503
503
504
504
503
502
503
505
505
505
505
504
504
505
506
506
505
504
504
505
505
505
505
504
504
502
504
504
504
504
510
510
457
457
461
462
470
472
472
472
472
474
474
476
476
476
474
476
476
478
478
478
477
477
478
479
479
479
479
478
478
480
480
478
477
477
478
479
479
479
479
479
479
479
480
479
479
479
479
479
479
479
479
479
479
479
479
479
479
480
480
480
479
479
479
479
532
532
524
520
518
516
513
510
510
508
507
507
506
505
505
505
505
504
504
503
504
503
504
503
503
503
503
503
504
503
504
503
504
504
504
504
503
504
504
504
504
503
503
503
504
504
504
501
501
504
504
504
503
502
502
502
504
503
503
503
503
503
503
504
460
460
463
465
469
471
471
471
474
474
475
475
476
476
476
477
477
476
476
477
477
477
476
476
476
478
479
479
479
479
478
478
480
480
480
479
479
479
480
480
480
480
479
479
479
479
480
479
480
480
480
480
479
478
478
479
480
480
480
480
480
480
480
480
523
524
523
521
517
515
515
515
510
509
507
506
504
504
495
504
504
504
502
502
502
503
502
503
502
503
502
502
502
502
502
502
502
502
502
501
503
502
503
502
503
502
502
502
502
503
503
504
504
502
502
503
503
503
503
503
503
502
503
503
503
503
503
503
461
461
463
466
468
470
475
475
476
480
480
477
476
477
478
478
477
477
478
479
479
479
479
477
479
479
479
479
480
479
480
480
481
481
481
479
480
480
481
481
479
479
481
483
481
480
480
480
480
482
480
479
479
481
481
481
481
479
479
481
481
481
481
481
