256
268
275
279
283
292
293
298
299
301
303
305
307
309
310
312
313
315
317
318
319
322
322
323
324
325
326
326
328
329
330
330
331
335
333
333
333
333
334
335
336
336
336
337
337
338
338
339
339
339
340
340
340
344
344
341
341
341
342
342
342
342
342
343
482
527
565
622
646
664
680
690
698
702
705
705
706
707
706
699
696
691
689
686
682
679
677
675
671
669
668
664
662
662
659
658
655
654
653
651
650
648
643
640
643
643
643
642
641
640
640
640
638
638
638
636
635
635
634
634
633
633
633
632
631
631
630
629
181
181
193
204
211
219
226
231
239
243
250
258
259
264
268
274
279
281
281
289
290
291
293
293
298
303
305
308
309
311
311
314
316
316
316
317
321
324
325
325
325
325
327
328
328
329
331
331
331
332
333
334
334
335
335
335
337
338
338
338
338
339
340
343
498
546
584
616
640
656
673
685
689
692
692
692
717
717
709
697
697
694
691
684
682
681
677
675
671
670
667
665
662
660
657
657
657
653
651
649
647
646
644
644
642
640
640
640
639
638
637
636
635
635
634
633
633
632
632
632
631
630
629
629
628
628
627
627
176
176
199
201
209
215
225
230
240
241
247
252
256
261
265
267
274
279
282
279
282
288
291
294
296
299
302
304
304
307
309
311
313
315
317
319
320
321
323
323
323
324
327
327
329
329
331
331
332
333
333
334
335
335
335
336
337
337
337
338
338
339
340
340
493
540
579
611
635
655
668
677
684
689
689
690
708
708
709
701
701
694
692
687
677
673
677
673
671
669
668
664
661
658
657
656
653
651
651
647
645
644
644
643
642
642
640
639
638
637
635
635
635
635
633
633
633
631
630
630
630
630
629
628
628
628
628
626
176
176
190
200
208
214
226
233
234
239
243
247
255
259
264
267
271
275
278
281
283
289
292
293
295
298
300
303
304
307
309
313
313
314
316
317
319
322
323
323
324
326
326
328
328
329
331
332
332
332
335
335
335
335
336
336
337
339
339
339
339
340
340
340
495
542
580
612
635
655
669
677
681
688
689
717
717
706
706
701
694
692
690
687
684
677
677
674
672
669
667
665
662
659
658
653
647
649
648
648
645
643
643
642
641
639
635
635
635
635
635
634
633
633
632
632
631
631
630
629
629
629
627
627
627
627
626
625
174
174
194
200
207
215
227
228
233
239
245
251
255
260
264
271
275
275
280
282
288
291
291
294
298
301
305
305
306
307
312
314
314
318
319
319
319
321
323
324
324
326
328
328
329
330
332
333
333
334
335
335
332
332
337
338
338
338
339
339
339
340
343
342
488
537
572
599
621
666
682
691
699
706
706
706
706
703
703
703
698
691
687
687
684
681
677
677
675
674
670
667
661
659
657
655
653
652
649
649
646
644
644
642
641
640
638
638
637
636
635
635
633
633
632
632
630
629
630
629
629
627
627
627
627
626
626
626
158
158
189
197
210
210
218
228
240
240
245
251
255
257
262
268
275
275
282
282
285
288
292
294
297
299
303
304
308
308
308
312
315
320
320
323
321
323
323
325
326
327
327
329
330
331
332
333
333
334
335
336
337
337
337
337
338
340
343
343
341
341
342
342
679
679
674
654
640
636
631
624
622
619
617
615
614
612
611
611
609
608
608
606
605
603
603
603
603
601
601
600
600
599
599
598
598
597
597
596
595
595
595
595
594
594
594
594
593
593
593
593
593
592
592
592
591
591
591
591
591
591
591
591
590
590
590
589
225
225
248
265
277
287
295
301
306
310
314
319
322
325
328
330
335
336
337
339
342
344
343
345
345
346
347
347
347
347
349
350
351
351
352
352
352
354
354
353
353
353
355
357
362
360
360
358
358
358
359
359
360
360
360
361
361
361
362
362
362
362
363
363
685
714
714
705
692
681
668
660
655
655
652
645
645
640
636
634
632
629
626
624
621
620
617
615
615
614
612
611
609
608
608
607
606
605
604
604
604
603
602
602
602
602
600
600
599
599
598
598
598
598
597
597
597
597
596
595
595
595
594
594
594
594
593
593
226
226
249
265
279
289
297
304
307
312
316
320
325
326
329
332
334
337
338
341
342
342
344
345
347
347
348
350
350
350
351
352
353
353
354
356
356
357
358
358
358
359
362
362
362
362
362
362
362
362
362
363
363
363
363
364
364
364
364
364
366
366
366
366
694
721
721
695
693
683
673
669
660
656
653
647
644
641
638
635
632
629
627
624
623
620
617
617
617
616
612
612
611
611
609
608
607
606
606
605
604
604
603
603
602
602
601
600
600
600
599
599
599
598
598
597
596
596
596
596
596
595
595
594
595
594
595
594
225
225
250
267
280
290
299
304
308
314
318
324
327
327
330
332
336
337
340
341
342
345
346
347
348
349
350
351
351
352
353
354
355
356
356
356
357
358
359
359
360
361
361
362
363
363
363
363
364
364
365
365
365
366
366
366
367
367
366
366
368
368
368
368
698
701
702
701
695
682
675
667
661
656
652
649
645
642
637
636
633
629
626
626
623
620
620
618
617
615
614
613
611
611
609
608
609
608
607
605
605
604
604
603
602
602
602
601
601
600
600
598
598
598
598
598
598
597
594
593
594
596
596
596
596
595
595
595
227
227
247
268
281
291
299
306
311
314
321
322
325
329
331
334
336
338
340
342
343
345
345
349
350
350
351
352
352
354
354
354
355
356
358
359
359
359
361
361
361
362
363
364
364
364
364
366
366
366
367
367
367
367
368
368
368
369
368
369
369
369
370
370
673
715
715
710
694
684
675
667
661
656
652
649
646
642
639
633
631
631
628
627
623
622
619
618
616
614
614
612
611
610
610
609
608
606
605
605
605
605
604
604
602
601
601
601
601
600
599
599
599
598
598
598
598
598
597
596
596
596
595
595
595
590
595
592
227
227
247
268
282
292
301
307
312
316
320
323
326
332
332
336
337
340
342
343
345
346
348
349
351
351
351
353
354
356
356
356
357
358
360
360
360
360
361
361
362
364
364
364
364
365
365
365
366
367
367
366
366
368
368
368
369
369
370
370
370
370
370
370
667
667
649
642
626
614
612
605
603
604
603
600
598
597
596
595
595
594
593
592
592
591
591
591
590
590
590
590
589
589
589
589
589
589
589
588
589
588
588
588
588
589
588
588
588
588
588
588
588
588
588
588
588
588
587
587
587
587
587
588
587
587
587
587
280
280
295
303
309
314
320
322
329
333
337
339
343
347
349
351
354
351
354
358
359
360
361
363
363
364
366
366
367
367
367
369
370
370
371
371
372
373
373
373
373
374
374
374
374
376
376
377
377
377
379
379
378
378
379
379
380
380
380
380
380
383
381
386
703
703
680
672
668
660
658
652
647
642
634
627
626
623
619
617
614
613
610
609
606
606
605
605
604
604
601
601
601
600
599
599
599
596
596
596
596
595
595
594
594
593
593
593
593
589
589
589
592
592
592
591
591
590
590
590
590
590
589
589
589
589
589
589
277
277
292
301
306
311
316
320
325
331
334
337
341
344
345
349
351
352
353
355
357
358
358
358
360
364
364
364
365
366
366
368
368
368
369
370
371
371
379
373
381
374
375
375
376
376
377
377
378
378
378
378
379
379
379
380
381
382
382
382
382
381
382
383
702
702
683
675
668
666
662
658
650
646
640
635
630
627
624
620
617
615
614
611
611
608
608
607
605
603
601
601
601
601
600
600
599
597
596
596
596
596
595
595
594
594
594
594
594
593
593
592
593
592
594
591
593
591
591
591
591
591
590
590
590
590
587
587
280
280
296
302
309
313
314
322
326
330
336
340
342
344
346
348
350
352
355
355
357
359
360
362
364
365
367
367
369
369
371
371
373
374
375
375
375
375
375
377
377
377
379
379
379
380
380
380
380
382
383
383
383
383
383
384
384
383
383
383
383
383
385
385
706
706
686
677
671
667
662
658
654
649
644
640
634
626
622
622
617
617
613
610
609
608
607
607
605
604
603
602
601
601
600
598
598
597
597
596
596
595
595
595
594
594
594
594
593
593
592
592
591
591
591
590
590
590
590
590
590
589
590
589
589
589
589
589
278
278
293
301
304
304
321
321
325
329
333
336
341
343
345
347
350
354
354
354
354
356
356
358
360
362
363
363
364
367
368
368
369
370
370
370
370
372
373
374
373
376
376
377
378
378
379
380
381
381
382
383
383
384
384
384
384
385
385
385
386
386
386
386
699
699
684
678
672
670
664
661
655
651
646
641
636
632
628
624
621
618
615
613
611
610
609
608
606
605
605
603
603
602
601
599
600
599
600
598
597
595
595
595
595
595
595
594
593
593
593
593
593
592
592
591
591
591
590
590
590
590
590
590
590
590
589
590
277
277
287
300
306
313
316
321
326
330
333
341
343
343
346
347
349
350
351
352
355
355
356
357
360
361
363
364
365
366
367
367
369
369
369
371
372
372
372
374
375
376
378
378
378
378
379
381
381
381
382
383
384
384
384
385
385
385
386
386
386
387
387
388
660
660
639
624
613
608
601
598
598
595
593
593
592
591
590
590
590
590
590
590
590
590
591
591
591
591
591
591
591
591
590
590
591
591
591
591
591
591
590
590
590
590
590
590
590
590
590
590
590
590
590
590
589
589
589
589
591
591
590
590
590
590
590
590
288
288
299
307
316
330
331
335
336
346
349
351
356
357
361
362
363
366
368
368
369
370
373
374
375
376
377
378
379
380
382
388
382
383
383
384
384
384
384
385
385
385
385
385
385
385
385
385
386
386
386
386
386
386
386
391
386
386
386
386
386
386
387
387
696
696
686
681
673
666
659
650
641
631
624
623
614
612
610
608
607
604
604
602
601
600
600
598
597
597
596
595
594
594
593
593
593
592
592
592
591
591
591
591
591
591
591
591
590
590
590
591
590
590
590
590
590
590
590
590
590
590
590
590
590
591
591
591
286
286
289
299
307
313
320
325
329
338
338
338
344
347
349
351
353
356
357
359
361
363
364
366
367
368
371
374
376
378
379
380
381
383
384
388
384
386
386
387
387
387
387
387
388
388
388
388
388
389
389
390
390
390
390
391
391
391
391
391
391
391
391
391
704
704
692
685
676
668
660
652
643
635
626
621
618
616
613
612
610
610
609
607
606
605
603
602
601
599
599
599
598
597
597
596
595
595
594
594
594
594
594
594
594
593
593
593
593
594
594
594
593
592
592
594
594
594
594
594
594
594
594
594
594
594
594
596
278
278
289
293
301
311
315
319
328
329
332
339
339
339
345
347
347
351
353
355
358
360
361
363
366
368
371
375
377
375
377
379
382
382
383
383
385
386
386
387
388
389
389
389
390
390
391
391
391
391
391
391
391
391
391
391
392
392
392
392
391
391
391
391
710
710
702
690
678
673
664
655
647
639
631
626
624
622
618
617
616
614
612
612
612
609
607
606
605
603
602
602
602
601
600
600
600
599
597
597
598
598
598
598
598
598
598
598
598
597
597
597
597
597
597
597
597
597
597
598
598
598
598
598
598
597
597
598
270
270
280
290
298
304
312
316
321
325
329
332
335
340
342
343
348
350
350
352
354
357
359
361
364
367
373
373
373
377
379
380
381
384
384
385
386
391
391
389
389
389
390
391
391
392
394
394
392
392
392
393
392
392
392
392
393
393
393
392
392
392
393
392
711
711
703
693
685
677
665
648
640
640
633
629
628
624
622
620
618
616
614
612
610
609
607
605
604
604
602
601
600
600
600
599
599
599
599
599
598
598
598
598
598
598
597
597
597
598
598
598
598
598
598
598
598
598
598
598
598
598
598
598
598
598
599
599
263
263
280
290
299
306
312
317
322
328
333
333
336
342
344
344
346
347
352
352
355
357
359
361
365
367
371
373
376
378
380
381
384
385
387
388
389
389
390
391
391
392
392
392
392
392
392
393
393
393
393
393
393
393
393
393
394
394
394
393
393
393
394
394
