425
428
429
430
431
431
432
433
433
433
433
434
434
434
434
435
435
436
436
436
436
436
436
436
436
437
437
437
437
437
437
437
437
438
438
438
439
439
439
439
439
439
439
440
440
441
441
440
440
440
440
440
440
441
440
442
441
441
441
441
441
441
441
441
556
559
557
557
555
554
552
552
552
551
551
547
547
548
549
548
547
546
547
546
545
545
545
545
544
544
543
543
543
542
542
541
541
541
540
540
540
540
540
538
538
537
538
538
538
538
538
537
537
537
537
537
537
536
536
536
536
536
536
536
535
535
535
535
414
413
414
415
416
417
419
419
420
421
423
423
423
423
425
425
426
426
427
427
428
428
429
429
430
433
431
431
431
432
432
432
432
433
433
433
434
434
434
434
435
435
435
436
436
436
436
436
436
437
437
437
437
438
438
438
438
438
438
438
439
439
439
439
560
560
558
557
556
553
553
553
552
552
552
550
550
549
548
548
548
547
547
546
545
545
545
544
544
544
544
543
543
542
542
542
541
541
541
540
540
540
540
540
539
539
539
538
538
538
538
537
538
537
537
537
537
537
537
537
536
536
536
536
536
536
536
536
411
411
411
412
412
417
418
418
419
421
421
421
421
421
423
423
424
425
425
426
422
427
427
428
428
429
429
430
430
431
431
431
432
432
432
432
432
433
434
434
434
435
435
435
435
435
435
435
436
436
436
436
437
437
437
437
437
438
438
438
438
438
439
439
560
560
558
556
556
555
554
554
553
552
551
551
550
549
549
547
547
547
547
547
546
546
545
545
544
544
544
543
546
543
542
542
541
541
540
540
540
540
539
539
538
538
538
538
537
537
537
537
537
537
537
537
537
537
537
535
537
536
536
536
535
536
536
536
412
412
413
414
416
416
416
419
419
419
420
421
422
422
423
423
424
424
424
426
426
427
427
428
429
429
429
429
430
430
430
431
431
432
432
433
433
433
433
433
434
434
436
435
435
435
435
435
435
436
436
436
437
437
437
437
437
437
438
438
437
437
438
438
553
557
557
557
556
555
554
553
551
551
551
550
550
550
549
548
548
547
547
547
546
546
545
545
545
544
544
543
543
542
542
542
540
540
541
541
540
540
539
539
539
539
539
539
539
538
538
538
538
538
538
537
537
537
537
537
537
536
536
536
536
536
536
536
410
410
412
413
415
416
417
419
419
419
421
421
421
422
422
423
423
424
424
425
426
427
427
428
428
428
428
429
430
430
431
431
431
431
431
432
432
432
432
432
433
434
434
434
434
434
435
435
435
435
435
436
436
436
436
436
436
437
437
437
438
438
438
438
562
563
562
557
556
555
554
554
553
553
551
550
550
550
549
548
548
548
547
547
546
546
545
545
544
543
544
543
544
543
542
542
541
541
541
541
541
540
540
539
539
539
539
539
539
539
538
538
538
538
537
537
537
537
537
537
537
537
536
536
536
536
536
536
410
410
413
414
415
416
417
418
419
419
420
420
421
422
423
423
423
424
425
428
426
426
426
427
428
428
428
431
429
430
430
431
431
432
432
432
433
432
432
432
433
433
433
434
434
434
435
435
435
435
436
437
437
439
439
437
436
437
436
437
438
438
438
438
549
549
545
544
542
538
537
535
535
535
535
537
532
532
531
531
531
531
530
530
530
529
529
529
529
528
528
528
528
528
527
527
527
527
527
527
526
526
526
526
526
526
526
525
525
525
525
525
525
525
525
525
525
525
525
524
524
524
524
524
524
524
524
524
410
410
414
417
419
421
422
422
424
426
426
427
430
430
431
431
434
435
435
436
437
437
438
439
439
440
440
441
441
442
442
442
443
443
444
444
444
445
445
446
448
448
447
447
449
449
448
448
448
448
448
449
449
449
449
449
449
450
450
450
450
451
451
451
559
559
556
554
552
550
548
547
545
543
543
541
541
541
540
540
539
537
537
536
536
535
534
534
534
533
533
532
532
532
531
531
530
530
529
529
529
529
528
528
528
528
528
527
527
527
527
527
527
526
526
526
526
526
525
525
525
525
525
525
525
525
525
525
410
410
414
416
418
420
420
420
422
425
426
427
427
429
429
433
433
433
433
434
435
436
437
438
437
439
439
439
440
441
441
442
442
443
443
443
444
445
445
445
445
445
446
447
447
447
448
448
448
448
448
449
449
449
449
450
450
451
451
451
451
451
451
451
560
560
557
555
553
551
549
548
547
546
544
544
543
541
541
541
540
540
539
539
536
536
535
535
535
535
533
533
532
532
532
531
531
530
530
529
529
529
528
528
528
528
528
527
527
527
526
526
526
526
526
525
525
525
525
525
525
524
524
524
524
524
524
524
409
409
412
416
416
418
420
421
421
424
424
426
426
427
429
430
431
431
432
433
434
435
435
436
437
438
438
439
439
440
441
441
442
443
443
443
444
444
444
445
445
446
446
446
446
447
448
448
448
448
449
449
449
449
449
449
451
451
450
450
450
451
453
451
561
561
556
556
553
552
550
548
547
547
545
544
544
542
542
541
539
539
538
538
538
537
535
535
534
534
533
533
532
532
532
534
531
530
530
530
529
529
529
528
528
528
528
527
527
526
526
526
525
525
526
526
525
521
521
525
525
525
524
524
524
524
524
524
410
410
412
414
414
416
419
421
422
423
424
426
426
427
428
429
430
430
432
433
434
435
435
436
437
438
438
438
438
439
440
441
441
442
443
443
444
445
446
446
445
445
446
446
447
447
447
448
448
448
449
449
449
449
450
450
450
450
450
450
451
451
451
451
562
562
558
556
554
553
553
551
548
547
546
545
544
543
542
541
540
538
538
537
536
536
536
536
534
534
534
533
532
532
531
531
530
530
530
529
529
529
528
528
528
527
527
527
527
526
526
526
526
526
525
525
525
525
525
525
525
524
524
524
526
526
524
523
409
409
412
414
415
418
419
420
421
423
424
424
426
427
427
427
430
431
431
432
433
434
435
436
436
437
437
438
438
439
440
441
442
442
443
443
443
444
444
450
450
446
446
446
446
447
447
447
447
448
449
449
449
449
449
449
450
453
451
451
451
451
451
452
550
550
545
541
538
535
532
531
529
528
527
526
525
524
524
523
523
522
522
522
521
521
521
521
521
521
521
520
520
520
520
520
520
520
520
520
519
519
519
519
521
521
519
519
519
519
519
518
518
518
518
518
518
518
518
518
518
518
518
518
518
518
518
518
415
415
419
422
427
427
429
430
433
434
435
437
438
439
440
441
442
444
444
444
445
446
447
447
447
448
448
449
449
449
450
450
451
451
451
451
451
451
451
452
452
452
452
452
452
453
453
454
454
454
454
454
454
453
455
455
455
455
455
455
455
456
455
456
557
557
552
549
546
544
541
539
538
534
534
533
532
531
530
528
528
527
526
526
525
525
523
523
522
522
522
522
521
521
520
520
520
520
520
519
519
519
519
519
519
518
518
519
519
518
518
518
518
518
518
518
518
517
517
517
517
517
517
517
517
517
518
518
415
415
418
421
424
426
428
430
431
433
434
436
437
439
440
441
442
443
444
444
445
446
446
446
447
447
448
449
450
450
450
450
451
451
451
451
452
452
452
452
453
453
453
453
454
454
454
454
454
455
455
455
456
456
457
456
456
456
456
456
456
456
456
455
557
557
553
548
546
544
542
540
538
538
536
533
532
531
530
528
527
526
526
525
524
523
523
522
522
521
521
521
521
522
520
520
519
519
519
518
518
518
518
518
518
518
518
517
517
517
526
526
517
517
517
517
516
517
516
516
516
516
516
516
516
518
516
516
414
414
417
420
426
426
426
428
431
433
435
436
438
439
440
440
442
442
444
444
446
446
447
447
448
449
449
449
450
450
450
450
450
451
452
452
452
452
452
453
453
453
453
453
453
454
454
454
454
454
454
454
454
455
455
455
455
456
456
456
456
456
456
457
559
559
556
550
547
545
543
539
538
536
535
533
531
530
529
529
527
526
525
524
520
522
522
522
521
521
521
521
520
519
519
519
519
519
519
518
518
518
518
518
518
517
517
517
517
517
517
517
517
517
516
516
516
516
516
516
519
519
518
516
516
516
515
515
413
413
417
420
421
425
428
429
431
432
434
436
437
438
438
440
442
443
445
446
446
446
447
448
448
449
449
449
450
450
450
450
451
451
451
451
452
452
452
452
452
452
453
453
453
454
454
454
456
456
457
455
455
455
455
455
455
455
455
455
455
455
455
456
559
559
556
551
548
548
545
541
539
537
535
533
532
530
529
528
527
526
526
525
524
524
522
522
522
520
520
520
520
520
520
519
519
519
518
518
518
518
518
518
517
517
517
517
517
517
517
517
517
517
516
516
516
516
516
516
516
516
516
516
516
516
516
516
412
412
419
419
422
425
425
428
429
432
434
435
436
438
440
441
441
445
445
445
445
446
446
449
446
436
436
449
450
450
450
450
450
450
451
451
451
454
456
456
452
452
452
453
453
453
453
453
453
453
453
454
454
454
454
454
454
455
454
455
455
455
455
455
543
543
535
528
525
523
521
520
519
519
517
517
517
517
516
516
516
516
515
516
516
516
516
515
515
515
515
514
515
515
515
515
514
514
514
514
514
514
514
514
514
514
514
514
515
515
515
514
514
514
514
514
514
514
514
514
514
514
514
515
515
515
515
515
419
419
424
429
432
435
437
439
440
441
442
443
444
444
444
445
446
446
447
447
448
448
448
448
448
448
449
449
449
449
449
450
450
450
450
450
451
451
451
451
452
452
452
452
452
453
453
453
453
453
453
453
453
454
454
452
452
453
455
455
455
456
456
455
555
555
542
537
537
534
532
530
528
527
526
525
524
524
523
523
522
522
522
521
521
520
520
520
520
520
519
519
519
519
518
519
518
518
518
518
518
518
517
517
517
517
517
517
517
517
517
517
517
517
517
517
517
517
517
517
517
517
517
517
517
516
516
517
414
414
421
424
429
432
434
435
438
439
440
441
442
443
443
444
444
445
445
446
446
446
446
447
448
448
448
448
448
448
449
449
449
449
450
450
450
451
451
451
451
451
452
452
452
453
453
453
453
454
454
454
456
457
457
455
455
455
456
456
456
456
457
457
552
552
547
542
537
534
531
529
527
526
524
524
524
524
523
523
522
521
521
520
519
519
519
519
518
518
518
517
517
517
517
517
517
517
516
516
516
516
515
515
515
515
515
515
515
515
515
515
514
514
514
514
514
514
513
513
514
515
514
514
514
514
514
514
414
414
421
426
430
434
436
438
441
441
441
442
443
443
444
445
446
446
447
447
448
448
448
449
449
449
449
450
450
450
450
451
451
451
451
451
451
451
451
453
453
453
453
454
454
454
454
454
454
455
455
455
456
456
456
456
456
456
457
457
457
457
457
457
554
554
546
541
537
532
529
526
525
525
524
524
523
522
522
521
520
519
519
518
518
517
517
517
516
516
516
515
515
515
515
515
514
514
514
514
514
514
514
514
514
514
514
513
513
513
513
513
513
513
513
513
513
513
513
512
512
513
513
512
512
512
512
512
415
415
422
427
430
434
437
439
440
441
441
442
447
447
446
446
447
447
448
448
449
449
449
450
450
450
450
450
451
451
451
451
451
452
452
452
453
453
453
453
454
454
454
454
454
454
455
455
455
455
456
456
456
456
456
456
457
457
457
457
457
457
457
457
553
553
546
540
534
532
529
527
527
525
523
522
522
522
520
520
518
518
517
517
517
517
516
516
515
514
514
514
514
513
513
513
512
513
512
512
511
511
511
511
511
494
494
510
510
510
510
510
510
510
510
510
509
509
510
510
510
510
510
510
510
510
510
510
421
421
425
433
434
435
438
440
440
443
444
445
446
448
448
449
450
450
451
451
452
452
452
452
453
453
453
453
454
454
454
454
455
455
455
455
455
455
455
456
456
456
456
457
456
457
458
458
458
458
458
458
458
459
459
460
460
460
460
460
460
461
461
461
