479
479
479
480
479
479
479
480
480
480
480
480
480
480
481
480
481
480
480
480
480
481
481
481
481
481
480
480
480
480
480
479
480
479
480
479
480
474
479
479
479
480
480
480
480
479
479
479
481
481
481
479
479
479
480
481
481
480
480
481
481
481
480
481
537
542
542
541
540
540
539
540
539
539
538
538
538
538
536
536
536
537
536
536
536
536
537
537
535
535
535
536
536
536
536
536
537
537
535
535
534
535
535
541
541
536
536
536
535
535
535
535
535
535
535
535
535
535
535
535
534
534
534
534
534
534
534
533
423
423
427
433
435
435
436
438
439
439
442
443
444
445
445
442
442
447
447
447
448
448
449
448
449
449
449
448
448
449
449
450
450
451
453
451
451
450
450
450
450
450
451
451
451
451
451
451
451
452
452
452
451
451
451
451
451
451
451
452
452
452
452
452
566
566
563
559
558
557
555
554
553
551
550
550
550
548
548
547
547
546
546
544
544
541
541
541
542
542
542
541
541
540
540
539
539
538
538
538
538
538
538
538
537
538
537
539
536
539
536
536
536
536
536
536
536
536
535
535
535
535
535
534
534
534
535
535
426
426
429
433
433
435
436
438
439
441
443
443
443
443
445
446
446
448
446
448
449
449
447
447
447
446
446
448
448
448
450
450
450
450
450
449
449
450
450
450
450
450
451
451
451
451
449
452
449
451
450
450
450
451
451
451
451
451
451
451
451
451
451
452
567
567
564
560
560
560
556
556
556
553
552
550
549
549
548
548
548
548
548
547
546
546
545
544
543
542
543
543
543
542
542
542
542
541
541
541
540
539
539
539
539
539
538
538
542
542
539
539
537
536
536
535
536
537
537
536
536
536
536
536
536
536
536
536
422
422
428
429
430
435
435
435
439
440
440
441
441
443
443
443
445
445
445
445
442
442
447
447
447
447
450
449
449
448
448
449
449
449
449
449
449
448
449
449
450
451
451
450
450
450
450
450
451
451
452
452
450
450
451
451
451
451
453
451
451
451
451
451
568
568
566
562
562
561
558
556
556
556
553
552
552
550
550
550
548
548
547
547
547
547
546
545
544
544
543
543
543
542
542
542
541
540
540
539
539
540
540
539
539
539
538
538
538
538
537
537
537
537
537
537
536
536
536
537
536
536
535
535
535
534
534
536
424
424
427
430
433
435
437
437
441
441
441
441
443
443
443
444
445
445
446
447
447
447
447
447
448
448
448
448
448
448
448
448
448
448
449
450
450
450
450
450
450
452
451
451
451
451
451
451
451
451
451
451
451
451
451
451
451
451
451
451
452
452
452
452
567
567
562
558
558
558
558
557
554
554
553
552
552
552
550
550
550
538
538
547
547
546
545
546
545
545
544
543
542
542
542
541
541
541
542
540
540
540
540
540
539
539
538
538
538
537
537
537
536
537
537
537
537
536
536
536
536
536
536
536
536
536
536
536
423
423
425
433
433
433
435
437
438
439
440
440
441
443
443
443
444
444
445
446
446
446
446
447
447
448
448
448
448
448
448
449
449
449
448
448
448
447
447
451
451
450
450
450
449
449
449
450
449
451
430
451
451
451
450
450
450
451
451
451
451
451
451
451
536
545
541
541
539
537
537
536
544
535
534
531
532
531
532
531
531
531
531
532
531
532
531
531
531
531
531
531
531
531
531
531
531
529
529
529
529
529
529
529
529
529
529
529
529
529
530
528
529
528
529
528
529
529
529
530
530
533
533
531
529
529
529
529
424
424
436
437
438
441
441
442
444
444
445
449
449
449
447
449
447
446
446
447
447
449
449
449
449
449
451
448
451
448
451
450
451
450
452
452
452
453
450
453
450
451
451
453
453
453
453
453
455
454
455
454
453
453
454
455
471
455
456
456
456
455
455
455
559
559
557
557
557
556
555
553
552
551
549
549
548
547
546
545
545
543
543
543
543
543
543
543
541
540
539
539
538
538
538
536
537
536
536
536
536
534
534
534
535
534
533
533
532
533
533
533
533
531
530
522
522
531
532
531
521
521
530
531
530
531
531
531
429
429
434
435
437
438
440
440
441
442
443
444
445
445
445
445
445
446
445
447
445
448
448
448
449
449
448
448
448
448
450
449
450
450
450
452
452
452
451
453
450
453
452
453
453
453
453
453
453
454
454
454
454
454
454
454
455
455
456
456
456
456
456
456
563
563
561
558
557
557
556
556
555
552
551
550
549
548
547
546
546
546
545
545
545
543
543
540
540
542
542
540
539
539
538
538
538
538
537
536
536
535
535
534
534
534
534
534
533
534
533
533
533
533
533
531
533
532
532
532
532
532
529
535
529
531
529
531
428
428
432
436
436
436
437
439
441
442
443
443
445
445
445
445
445
445
445
445
445
447
445
447
441
448
448
448
449
448
450
450
450
450
450
450
451
451
451
451
450
452
450
452
451
452
452
452
454
454
454
455
455
455
454
453
454
455
455
455
455
455
456
457
564
564
562
560
559
559
558
555
554
554
553
552
552
551
548
547
547
547
547
547
545
544
543
542
539
535
539
540
540
540
539
538
538
537
537
536
536
535
535
535
535
535
535
532
532
518
533
533
533
533
533
533
533
532
532
532
533
533
533
531
530
530
530
531
428
428
432
433
435
435
427
427
440
442
442
442
443
443
443
444
445
444
446
445
445
445
447
447
447
448
448
449
449
449
449
449
449
450
450
450
450
451
451
452
452
452
450
452
450
452
451
453
453
454
454
454
454
453
455
454
455
454
454
454
457
457
457
457
565
565
562
562
559
559
559
557
555
554
554
552
552
550
549
549
548
547
546
546
544
543
543
543
543
545
541
541
538
539
539
539
538
537
537
537
537
533
535
534
535
534
534
534
534
534
534
534
532
533
532
532
532
532
532
526
526
531
532
531
530
530
530
530
428
428
433
436
436
438
436
438
438
440
441
441
443
443
443
444
444
444
444
445
446
446
446
447
447
450
448
450
450
450
449
449
449
448
450
450
450
451
451
451
466
455
455
452
452
452
452
452
453
453
453
453
454
454
455
453
455
454
455
454
455
456
457
457
556
556
552
550
545
543
539
536
536
536
536
534
531
531
531
530
529
529
530
530
530
528
528
529
529
529
529
529
530
529
529
529
529
529
529
529
530
530
530
529
529
529
530
530
530
530
530
530
530
530
530
530
530
530
530
532
532
531
530
530
530
531
531
530
427
427
431
434
434
432
432
439
442
445
445
445
446
448
449
449
450
451
453
453
453
454
454
457
457
457
458
458
459
460
460
458
458
461
462
461
462
462
462
461
461
462
462
462
462
462
463
463
463
463
463
463
463
461
461
463
464
464
463
463
463
464
464
463
561
561
558
558
556
552
551
548
547
545
544
543
542
538
538
538
538
536
534
533
533
533
531
530
530
530
530
528
528
529
529
528
528
528
528
528
528
527
530
527
528
527
527
527
527
527
527
527
527
527
527
527
527
528
528
528
527
528
528
528
528
527
527
529
427
427
431
433
433
436
441
445
443
445
445
446
445
447
447
449
450
451
450
451
453
454
454
454
455
456
457
457
457
458
460
460
460
460
461
461
461
465
460
463
462
463
463
463
464
464
464
465
464
465
464
463
463
463
464
464
464
464
464
463
465
463
466
465
556
556
555
555
553
548
547
546
545
544
540
540
539
538
536
534
534
533
531
530
528
528
528
527
527
526
526
525
525
523
523
524
524
524
523
523
524
524
523
523
523
523
523
521
521
522
523
523
522
522
522
522
522
522
522
524
524
524
523
523
523
523
523
523
421
421
432
437
440
440
442
443
444
444
445
445
448
450
450
450
452
452
453
453
455
455
456
456
456
457
457
460
460
460
459
460
462
462
462
463
464
464
465
466
466
465
464
464
454
454
465
465
465
465
465
466
466
465
465
465
465
465
465
467
467
467
467
469
552
554
554
550
550
549
547
547
545
542
541
539
537
534
533
533
532
532
528
529
528
527
525
525
526
526
522
522
524
524
522
521
521
521
521
520
520
520
520
520
520
520
520
520
520
520
519
519
520
523
523
520
520
520
520
520
520
519
508
508
519
519
520
520
433
433
435
436
440
443
444
443
444
446
448
449
453
454
455
455
452
452
452
458
458
456
455
456
458
458
459
459
460
461
461
459
459
462
463
463
463
463
464
464
464
464
464
466
466
465
465
465
466
466
466
466
466
466
466
466
466
466
466
466
466
466
466
466
556
556
554
553
550
547
546
544
544
540
539
537
536
530
530
530
530
530
529
527
526
526
526
525
525
522
522
522
521
521
520
520
520
517
517
517
518
518
517
517
517
517
516
516
516
516
516
515
515
516
518
518
516
516
517
517
517
516
516
516
516
516
516
517
434
434
437
439
440
442
442
444
448
449
449
449
449
451
451
453
454
455
455
455
456
457
457
458
459
459
460
461
461
461
461
463
464
464
465
465
465
464
464
467
467
466
466
466
466
466
466
467
467
467
467
467
467
467
467
467
467
468
467
467
467
467
468
468
543
543
536
530
525
525
522
516
516
515
515
514
513
513
513
514
515
515
515
514
514
514
515
515
515
515
515
516
517
516
516
515
514
514
515
516
516
516
516
516
516
517
517
517
517
516
515
513
515
517
517
517
516
515
516
516
517
517
517
517
517
517
518
518
435
435
438
444
448
451
455
456
459
460
463
464
465
465
465
465
465
467
468
468
468
467
469
469
469
468
468
468
468
469
469
469
470
470
468
468
468
469
470
470
468
467
468
469
469
468
468
468
468
469
468
468
468
467
466
466
468
468
468
468
467
467
467
467
544
544
540
537
533
530
526
522
520
518
518
517
514
513
513
512
513
512
512
510
510
510
512
512
510
510
509
509
511
511
511
511
510
510
511
511
512
512
512
511
511
511
512
512
512
512
512
512
514
512
512
512
512
512
512
514
514
513
512
513
512
513
512
513
440
440
444
451
453
455
458
462
462
462
462
466
467
467
467
468
468
465
464
464
469
469
469
471
471
472
472
472
471
471
471
471
471
470
470
470
471
471
471
471
470
470
470
470
471
469
469
469
471
472
472
472
470
469
470
470
470
470
470
470
470
470
470
470
542
550
542
540
534
527
523
518
518
518
516
515
511
511
512
512
512
512
510
510
510
510
511
511
511
511
509
509
511
511
510
510
509
509
508
511
511
511
511
511
512
511
511
511
511
511
511
509
509
511
512
511
512
512
513
512
512
510
510
511
512
512
512
512
441
441
445
449
453
456
458
462
462
464
467
468
468
469
470
471
471
471
471
471
471
471
471
471
471
470
470
471
471
470
454
454
472
472
472
472
472
472
472
470
472
472
472
473
472
472
472
470
472
472
472
472
472
472
472
472
470
470
470
471
471
471
472
471
535
537
537
533
525
521
521
520
517
517
515
513
512
512
512
512
509
509
509
507
509
510
512
512
510
509
510
509
509
508
508
509
510
510
509
508
508
508
508
510
510
510
509
508
508
509
510
510
510
509
509
510
511
511
510
510
510
510
511
511
511
511
511
513
443
443
445
450
454
455
459
459
461
447
465
469
469
471
471
471
471
471
472
472
472
472
472
472
472
472
473
473
473
473
472
472
472
473
473
464
464
470
472
472
472
472
472
472
473
474
474
473
471
472
472
473
473
474
471
471
470
471
471
472
472
473
473
471
541
541
536
533
529
525
524
523
524
518
514
514
514
512
510
510
509
509
510
510
509
507
507
509
509
509
508
508
508
508
509
509
471
471
506
511
511
510
509
509
509
509
508
508
510
510
510
509
509
510
510
510
510
509
509
510
511
511
511
508
511
511
511
511
441
441
448
450
455
459
460
460
463
463
464
469
469
469
469
471
471
472
472
472
471
471
472
472
473
473
473
471
471
473
473
473
472
472
472
472
472
473
473
472
471
472
473
473
472
472
472
472
472
472
472
472
472
472
472
472
472
471
470
470
471
471
471
470
