481
481
481
480
480
481
483
483
481
480
480
480
480
481
482
482
482
482
480
482
486
486
488
481
480
480
481
481
481
484
484
480
480
480
480
481
481
481
480
479
479
479
480
479
478
467
467
480
480
480
480
480
480
480
478
481
480
481
480
481
480
480
480
480
515
515
515
512
512
512
512
512
512
512
511
511
511
511
511
512
512
512
511
511
511
511
511
511
511
511
511
511
511
512
512
508
508
511
511
511
511
511
511
512
512
510
510
510
509
509
510
510
510
511
511
511
511
512
515
512
511
511
511
511
511
510
510
510
463
463
465
466
467
467
468
469
469
469
470
470
470
470
472
472
472
473
473
473
476
476
473
473
473
476
474
475
474
474
474
474
473
474
473
475
476
476
475
475
475
475
475
475
475
475
475
475
474
474
475
476
475
476
475
475
475
475
475
476
476
476
476
476
525
525
524
524
524
521
519
519
519
519
520
520
517
517
517
517
517
518
518
516
515
515
515
517
517
517
516
516
515
514
513
513
513
513
513
517
514
514
513
513
513
512
512
512
512
512
512
512
512
513
513
512
512
512
511
511
511
511
511
511
510
511
511
511
462
462
464
465
465
467
467
470
470
471
471
471
472
472
472
473
473
473
474
474
474
474
474
475
477
475
475
475
475
475
475
475
475
475
475
476
476
475
473
473
474
476
476
474
474
474
476
474
473
473
475
476
476
476
476
476
476
476
476
476
476
476
475
475
526
526
526
524
522
521
520
515
515
519
519
519
518
518
517
516
515
516
516
516
516
516
515
515
515
514
512
514
514
514
514
513
521
514
514
514
513
513
513
512
512
512
510
510
511
511
511
512
512
512
512
512
511
511
512
519
520
520
512
511
511
511
512
513
459
459
464
464
466
466
468
468
468
469
469
470
471
471
471
471
471
472
472
472
472
473
473
473
473
474
474
474
474
474
474
474
474
474
474
475
475
475
476
476
475
475
475
475
475
475
475
475
475
473
471
473
476
476
476
476
476
477
477
477
476
476
476
476
525
525
524
524
524
521
521
520
520
518
518
518
519
519
518
516
515
515
517
517
515
515
511
512
512
515
515
515
515
515
514
514
514
514
514
513
514
513
513
512
512
512
512
512
512
512
512
511
511
511
511
512
512
511
511
511
512
511
511
511
511
510
510
508
462
462
465
467
467
469
469
469
470
470
470
472
472
472
473
473
474
474
474
474
474
474
474
474
474
473
474
474
475
475
474
474
474
476
475
476
475
476
475
476
476
476
476
476
476
476
476
476
476
478
478
479
477
477
477
477
477
477
477
479
477
478
476
477
524
524
524
523
520
520
520
519
518
518
518
517
517
508
508
516
516
515
515
515
514
514
514
514
513
513
514
514
513
512
512
512
512
512
512
512
516
516
512
511
511
511
511
511
511
511
511
511
511
511
511
511
511
510
510
510
509
508
509
509
510
511
511
510
464
464
467
468
468
468
468
471
471
471
471
472
471
472
472
472
472
473
473
473
473
474
474
474
474
474
474
476
476
474
474
475
475
476
475
471
471
465
475
475
476
476
476
476
476
476
476
476
476
476
476
475
489
476
476
476
476
476
476
476
476
476
476
477
485
516
516
513
513
513
510
510
510
515
515
510
510
509
510
510
510
509
508
509
509
510
509
510
509
510
509
509
509
508
509
509
509
509
509
509
509
509
507
507
508
508
508
508
508
508
509
509
510
508
510
508
508
508
508
508
508
508
508
508
512
512
509
508
462
462
467
468
471
471
471
474
474
474
474
472
475
474
474
474
475
475
475
475
475
477
476
477
476
477
477
477
477
477
477
476
478
476
477
477
477
475
475
476
478
478
478
477
478
477
478
476
478
476
478
478
478
478
478
478
478
479
477
478
477
478
478
478
522
523
526
526
520
519
516
519
516
516
516
516
516
515
515
515
499
499
512
512
512
512
511
511
511
511
511
511
510
511
511
511
510
510
510
510
510
510
510
509
509
503
503
507
507
509
508
509
508
509
508
509
509
509
512
508
508
508
508
509
509
508
508
509
467
467
468
471
471
471
471
472
470
473
473
473
473
474
475
475
475
475
475
475
476
476
476
475
474
474
476
477
477
477
475
477
478
478
479
480
480
475
475
476
477
477
477
478
477
478
477
479
476
478
477
477
477
477
478
478
475
475
478
479
479
479
478
479
521
521
520
520
519
519
519
516
516
515
513
513
515
515
513
513
513
513
513
513
513
510
512
510
512
511
512
511
511
510
509
509
511
511
509
509
509
509
509
509
510
510
510
508
509
508
509
508
508
508
508
508
509
510
510
509
508
508
508
507
508
508
508
507
472
467
471
467
471
471
472
473
473
473
474
475
474
476
473
476
476
476
475
475
475
476
477
476
477
475
477
476
476
476
476
477
477
478
478
478
478
478
478
477
477
477
478
478
478
478
478
479
478
479
478
479
477
479
477
478
478
478
479
478
477
477
477
477
520
520
520
519
519
519
518
517
517
515
517
514
515
514
515
514
517
514
514
513
512
513
511
513
511
511
511
511
510
510
510
509
512
510
510
510
507
507
509
509
509
509
509
509
508
508
508
506
508
506
508
507
508
507
507
507
508
508
508
507
506
507
507
508
465
465
469
469
469
470
470
471
472
473
474
474
474
475
475
476
476
476
474
476
476
476
477
477
477
477
477
477
478
479
479
478
477
477
477
478
478
477
468
468
468
479
476
477
477
478
478
478
479
478
479
478
480
478
479
479
479
480
479
480
479
481
480
480
521
521
520
519
519
519
516
516
516
517
515
515
514
514
514
513
513
512
512
512
512
512
511
510
510
510
508
509
508
508
508
509
509
509
509
507
509
507
508
508
508
508
508
508
508
508
508
509
507
507
507
480
486
486
507
507
507
507
507
507
506
506
506
507
471
469
470
470
471
471
471
471
471
474
474
474
474
475
475
475
475
475
477
474
477
474
477
477
477
477
477
479
478
479
479
479
478
477
477
478
478
479
479
479
479
479
479
479
479
480
480
479
479
479
479
479
480
479
480
478
479
477
479
479
479
479
479
480
517
517
513
513
512
512
512
511
508
508
508
507
506
506
506
506
507
507
507
507
506
507
506
505
505
506
506
506
506
507
507
506
506
506
506
506
506
506
506
507
506
507
507
507
507
508
508
507
506
507
507
507
510
506
512
507
507
507
506
507
507
507
507
507
467
467
471
472
472
473
473
474
474
476
460
476
477
477
477
477
477
478
480
480
479
479
479
480
479
480
480
480
480
481
481
481
481
481
480
480
481
481
481
481
481
482
482
482
482
482
482
482
482
482
482
483
483
483
480
480
483
483
483
483
483
483
483
482
517
517
510
510
514
514
514
515
515
513
511
511
511
513
511
510
510
511
511
508
508
509
509
507
507
507
507
507
506
506
506
506
505
505
506
506
507
507
505
505
504
505
506
506
505
505
506
506
505
505
505
506
506
506
505
505
505
505
505
505
505
506
506
505
468
467
468
471
473
471
473
473
474
475
475
476
480
480
477
477
477
477
477
478
478
478
478
478
480
480
479
479
480
481
481
481
480
481
481
481
481
481
481
481
480
480
480
480
483
483
482
482
482
482
482
482
481
476
476
482
482
481
481
483
483
483
483
484
516
516
516
516
515
515
515
511
511
514
514
511
511
510
510
510
509
509
509
509
508
508
507
507
505
506
506
506
506
508
506
505
505
506
506
505
504
504
504
504
505
504
504
504
504
504
504
505
505
504
504
504
504
504
504
504
504
504
504
508
505
505
505
505
467
467
469
469
470
470
471
474
474
474
475
475
476
476
477
477
478
478
478
478
478
479
479
479
479
479
480
479
480
480
480
481
481
481
481
481
482
482
481
481
482
482
482
482
482
483
483
483
483
483
483
483
483
482
482
483
484
484
483
483
483
483
483
484
517
517
517
515
514
514
515
515
516
512
512
511
511
510
509
509
507
508
507
507
507
507
507
507
506
506
506
505
505
505
506
506
504
504
504
505
502
505
504
504
504
504
503
503
503
504
504
504
503
503
503
503
503
504
504
504
492
492
503
504
504
502
502
504
466
466
469
470
470
472
472
473
474
476
478
478
477
477
477
478
478
478
478
478
478
478
479
480
480
480
479
480
480
480
480
482
479
479
479
479
481
482
482
482
482
482
484
484
481
481
481
483
483
483
483
483
484
484
483
483
483
484
484
484
483
483
483
482
515
516
515
514
511
512
512
513
514
514
510
487
487
509
509
508
508
508
507
507
507
506
506
506
506
505
505
505
503
503
504
504
504
503
503
503
504
511
511
503
503
503
503
503
503
503
503
503
503
502
502
503
503
502
502
503
503
503
503
502
502
504
504
503
468
468
469
469
471
474
474
474
474
475
476
476
477
477
478
478
479
480
480
482
480
480
480
481
481
482
482
481
481
483
483
483
483
483
484
484
484
484
484
484
484
484
482
482
485
485
485
484
484
485
485
484
484
485
485
485
485
485
485
485
485
485
485
485
506
507
506
506
506
503
501
501
501
505
505
501
501
499
499
501
501
508
501
501
501
501
501
501
504
504
501
501
501
502
502
504
504
501
501
502
503
503
502
502
502
503
503
503
503
503
503
503
503
503
503
503
502
502
503
504
503
503
503
503
503
504
504
504
472
471
472
474
475
477
477
477
477
477
480
482
482
484
483
484
484
484
484
482
482
485
485
485
485
484
485
483
485
484
486
485
485
485
484
484
485
485
485
486
486
485
485
486
486
486
486
485
485
486
486
487
486
485
485
486
486
486
485
486
486
487
487
486
509
520
509
504
504
505
505
504
504
507
507
512
501
500
499
499
498
499
498
497
497
497
497
497
497
497
497
497
497
497
497
497
497
497
497
496
496
496
498
498
498
497
496
496
498
498
497
497
496
496
497
497
497
497
498
498
492
492
497
498
503
503
498
498
475
475
477
480
480
480
481
482
483
483
481
481
485
486
486
486
485
485
486
487
487
487
485
485
487
488
488
486
486
488
488
488
489
487
487
487
488
488
488
488
488
489
488
486
486
488
488
488
488
488
488
488
488
488
487
486
486
488
488
488
488
488
488
489
506
506
503
501
491
498
498
502
514
502
500
497
497
497
497
497
497
497
497
497
497
496
496
496
496
496
496
496
496
496
495
495
495
495
496
496
496
496
495
496
497
497
496
496
496
496
497
497
496
496
496
496
496
499
499
486
486
496
496
495
495
495
496
496
476
476
476
479
481
481
482
483
484
484
486
486
486
486
487
487
487
487
487
487
488
488
488
488
492
492
490
489
489
489
489
489
489
489
490
488
489
488
489
488
488
488
488
490
490
489
489
489
490
489
489
488
488
488
489
489
488
488
488
488
489
489
489
487
505
505
504
504
504
502
501
499
498
498
498
498
497
496
496
497
497
495
495
495
495
497
497
495
495
495
495
495
495
495
494
494
495
495
494
494
494
495
496
496
495
495
498
498
496
495
495
497
500
497
496
495
495
495
495
495
495
495
495
495
496
495
494
494
477
477
479
483
482
483
483
484
485
484
486
487
488
488
488
488
487
487
487
488
488
489
489
489
489
489
488
488
490
491
491
491
488
491
490
491
490
489
489
492
492
493
492
490
490
490
492
492
489
489
491
491
491
490
491
489
491
489
491
488
489
489
490
491
503
504
503
496
496
498
499
498
498
496
496
495
496
495
495
493
493
493
492
494
492
492
492
493
493
493
493
494
494
493
493
492
492
493
493
493
493
493
493
493
495
495
494
492
494
494
494
494
492
492
493
494
493
493
492
493
494
494
492
492
493
494
495
494
480
480
481
482
482
485
485
486
487
488
487
487
487
490
490
490
490
490
490
490
490
491
490
491
491
492
491
491
490
491
491
491
491
490
490
492
492
491
491
491
491
492
492
491
491
490
490
491
491
491
491
491
491
491
491
491
491
491
492
492
492
492
492
492
