479
480
480
480
480
481
480
480
480
480
481
481
481
480
478
478
480
480
480
480
480
480
480
481
480
481
480
480
480
480
480
480
480
480
480
481
481
481
481
481
481
480
480
481
481
481
480
481
480
480
480
479
481
479
481
482
482
481
480
480
480
481
481
481
519
519
520
520
519
519
519
518
518
518
518
517
517
517
517
517
517
517
517
517
517
517
517
514
514
517
517
524
516
516
516
516
516
517
517
517
516
516
516
515
515
516
516
516
515
516
516
516
516
515
516
516
516
515
515
515
515
515
515
515
515
515
515
515
451
451
457
457
457
459
460
461
461
462
462
463
463
464
465
466
466
466
466
466
467
466
467
466
467
467
467
467
467
468
468
468
468
468
468
468
468
469
469
469
468
468
469
469
469
469
470
471
471
470
469
469
470
470
470
470
470
470
470
470
470
471
469
470
529
531
531
530
529
528
527
526
525
524
524
524
523
523
522
522
523
523
520
520
520
520
523
523
519
519
519
519
519
519
518
518
518
518
517
517
517
517
517
517
517
518
517
517
517
518
518
516
516
516
517
517
517
516
517
516
516
516
516
516
515
515
515
516
454
454
456
458
458
458
459
461
463
463
463
463
463
464
464
464
465
466
466
466
466
466
467
467
468
468
468
468
468
468
468
468
468
468
469
469
468
468
468
468
469
469
469
468
468
468
470
470
469
469
470
470
470
471
470
471
470
470
470
470
470
469
469
469
497
531
531
529
529
528
527
527
527
527
532
532
530
530
523
522
522
522
522
522
520
520
520
520
520
520
520
520
519
519
519
518
516
516
517
518
518
518
518
517
517
517
517
517
517
517
517
517
517
516
516
516
518
520
518
518
517
517
514
514
515
516
516
516
457
456
457
458
460
460
460
462
460
462
456
463
463
464
464
464
466
466
466
470
468
468
468
467
467
467
467
467
467
468
468
468
467
467
468
469
469
469
469
469
470
470
469
467
468
468
469
469
470
469
469
468
469
470
470
469
468
469
469
470
471
471
471
471
532
532
528
528
528
528
526
526
526
525
525
525
525
523
521
521
521
522
522
520
520
521
521
521
520
520
519
519
519
519
519
519
519
519
519
519
519
518
518
518
516
516
516
518
518
518
518
518
518
518
517
517
517
517
517
517
517
517
517
517
517
516
516
516
454
454
456
457
458
460
460
461
462
462
463
465
465
464
464
464
458
458
466
466
466
467
467
467
467
467
467
467
467
467
467
468
468
468
468
469
469
469
469
469
468
469
469
469
469
469
469
469
469
474
474
473
473
470
470
470
470
470
470
469
469
470
470
470
533
533
533
531
530
529
528
528
528
528
525
525
525
524
524
523
536
523
523
523
523
522
521
521
522
522
521
521
521
520
520
520
520
519
519
519
519
519
519
519
519
518
518
518
518
525
518
518
518
518
519
519
517
517
517
517
517
517
517
516
516
516
517
517
453
451
453
458
458
458
458
460
461
462
463
463
464
464
464
464
465
465
467
467
465
465
467
467
467
467
467
467
467
468
468
468
468
468
469
466
468
468
469
469
469
469
469
469
469
470
470
470
473
473
471
471
470
469
469
470
470
470
470
470
470
470
470
470
523
523
520
518
517
517
517
516
515
516
515
516
516
516
514
513
514
514
515
514
515
515
515
515
512
515
513
515
514
514
514
514
514
514
514
514
514
515
515
514
513
513
513
513
513
514
513
514
513
513
513
513
513
513
513
513
514
513
513
513
513
513
513
513
458
458
460
460
461
462
464
464
464
465
466
466
466
467
467
467
468
467
468
467
468
468
468
468
469
472
472
470
470
470
470
470
470
470
470
470
470
470
469
470
470
471
470
471
469
471
470
471
471
471
471
471
472
470
471
469
471
470
471
470
471
471
471
471
530
530
529
526
526
526
526
524
524
524
524
522
522
522
521
520
519
519
519
519
519
519
519
518
518
517
516
516
515
516
516
516
516
517
516
515
515
515
516
514
515
514
515
514
514
514
514
514
514
515
513
515
513
514
513
513
513
513
513
513
515
515
514
513
458
458
459
461
462
463
462
461
461
461
463
464
464
465
466
466
466
466
466
465
467
465
468
468
468
468
468
469
469
469
467
469
468
469
469
469
469
469
469
469
469
470
470
470
469
469
469
470
469
470
470
471
471
470
469
469
469
469
470
469
471
471
471
471
534
534
529
529
527
527
526
525
525
525
525
524
524
524
524
524
523
521
521
520
520
520
520
520
519
519
519
517
519
518
518
518
517
516
516
516
516
517
516
516
516
516
516
516
516
516
516
515
515
515
513
515
513
514
514
514
514
514
514
514
514
514
515
512
455
455
458
459
461
461
462
463
463
463
463
463
463
463
465
465
465
466
465
466
466
466
466
464
464
464
465
467
467
467
467
467
467
468
467
469
468
468
468
468
469
469
470
469
470
468
470
468
469
469
469
472
472
471
470
471
468
471
468
470
470
470
470
470
537
537
537
537
529
528
528
528
526
525
525
525
524
523
523
523
522
522
520
521
520
521
520
521
520
520
520
519
519
518
518
517
518
518
518
518
518
517
517
517
517
517
515
517
516
516
516
516
515
515
515
511
506
511
515
515
515
514
514
514
514
514
515
515
452
452
456
457
458
459
460
461
461
461
462
462
463
464
465
465
465
465
466
467
466
467
467
467
467
466
466
466
466
467
467
467
468
468
468
468
467
467
466
468
468
469
469
469
469
469
461
468
468
468
470
468
470
470
470
470
469
470
468
471
469
471
470
470
531
531
531
531
528
528
528
528
526
526
525
525
525
524
523
523
523
523
523
521
523
521
521
520
520
520
520
520
520
519
519
519
518
517
518
518
518
518
517
516
516
516
516
516
515
515
514
515
514
515
515
515
515
515
515
513
514
513
514
513
514
513
514
514
455
452
455
459
459
459
460
461
462
462
463
463
463
463
464
463
464
465
470
468
468
468
467
467
466
469
466
469
461
469
469
469
469
469
469
467
468
468
468
468
469
468
469
469
470
470
470
470
470
470
470
471
471
471
471
471
472
471
471
471
471
471
471
472
526
527
526
522
520
518
517
516
515
515
515
512
512
512
526
512
510
510
511
511
511
511
508
511
495
510
509
510
510
510
510
510
510
510
510
510
510
509
510
509
510
509
510
510
511
511
510
510
510
511
511
510
510
510
509
510
511
511
512
512
511
510
510
511
457
457
459
461
463
463
463
465
465
465
466
466
466
467
467
467
468
468
470
470
470
470
470
470
471
471
471
471
471
471
471
471
471
471
473
473
473
473
473
473
474
475
474
475
474
475
475
475
475
475
476
476
476
475
476
475
475
475
477
478
478
476
476
476
528
528
525
525
525
525
524
516
516
522
522
521
521
519
518
518
518
518
518
517
517
515
515
516
516
516
516
515
515
514
514
513
513
514
514
514
510
510
513
513
513
513
513
513
513
510
510
512
512
513
512
510
510
512
513
514
514
512
512
510
512
512
513
513
461
456
456
456
458
458
459
461
462
462
463
465
465
465
465
465
466
466
466
466
466
468
469
469
469
469
470
470
470
470
470
470
470
470
470
471
472
474
472
471
471
471
472
471
470
470
472
472
472
473
473
473
475
475
475
475
475
474
475
475
475
475
475
476
516
528
528
529
529
529
527
526
524
524
524
523
522
521
521
521
519
518
518
518
518
517
517
516
516
516
514
514
514
514
514
513
513
513
513
513
513
512
512
512
512
511
511
512
512
511
511
511
511
511
510
510
510
510
510
510
510
510
511
511
509
509
511
511
457
457
458
459
459
460
462
461
461
461
461
465
465
465
466
466
467
467
467
467
468
469
468
468
468
470
470
470
470
470
470
471
471
471
471
472
472
472
470
470
473
473
474
473
473
473
473
472
472
474
474
475
482
482
475
475
473
475
476
476
477
476
476
476
528
528
528
527
525
525
524
523
523
523
521
520
520
520
521
521
519
518
517
518
517
516
515
515
515
515
515
515
514
514
514
512
512
512
512
512
512
512
513
513
512
511
511
511
511
511
510
511
511
511
511
510
510
510
510
511
510
510
510
510
510
509
510
510
462
456
456
457
458
459
460
461
461
462
451
463
463
464
466
466
467
467
476
476
469
469
469
470
469
470
470
471
471
471
471
471
471
471
471
472
472
472
470
472
472
472
472
472
475
475
475
476
476
475
475
475
475
476
476
476
476
475
476
476
476
476
476
477
531
531
531
527
526
526
525
524
523
523
522
522
520
520
519
519
519
517
517
517
517
516
515
515
516
516
513
513
517
517
513
510
510
510
512
512
511
510
510
510
510
508
508
511
513
511
510
509
510
509
508
508
508
509
509
508
507
507
507
510
510
508
508
508
459
459
461
461
461
462
463
463
463
463
468
468
468
467
465
465
468
470
470
471
471
471
471
471
471
471
471
472
472
473
472
472
465
465
465
470
474
474
473
473
474
474
474
474
475
475
475
475
475
476
476
477
475
476
476
478
478
476
476
477
478
477
478
482
523
523
518
517
515
511
509
509
508
508
508
506
506
508
508
507
506
506
505
506
506
507
506
506
506
507
507
509
507
508
506
508
506
506
505
505
506
506
506
505
504
504
505
505
506
506
505
503
502
503
505
505
504
504
504
504
504
503
503
503
504
504
504
503
471
468
468
468
470
470
470
471
472
473
474
475
474
475
475
477
477
478
478
479
479
479
479
471
471
481
482
482
482
481
481
481
482
482
482
480
480
483
483
482
482
482
482
482
482
482
482
482
482
482
482
482
482
482
482
482
482
482
482
482
482
482
482
482
521
521
518
515
514
511
511
511
510
508
508
507
506
507
507
507
505
504
504
504
504
505
503
503
503
503
503
503
501
503
504
504
503
503
503
502
502
503
503
502
502
502
503
502
501
501
503
503
503
502
501
501
502
502
501
501
502
502
502
501
502
502
502
502
469
467
469
469
469
469
472
473
473
473
473
477
477
477
477
477
477
477
478
479
479
480
480
480
481
481
481
481
480
480
481
482
482
481
481
481
481
481
482
481
481
481
481
481
481
481
481
481
482
484
482
489
481
484
482
482
481
481
481
481
481
480
481
481
520
520
518
515
514
514
514
512
512
510
509
508
508
507
505
505
505
505
504
504
505
505
504
503
503
500
500
498
498
495
495
495
492
495
494
495
494
494
494
494
494
494
495
494
494
494
495
495
494
494
494
495
495
496
493
493
493
493
496
496
496
495
493
493
477
477
479
480
480
480
481
481
481
482
483
484
484
484
481
483
483
484
484
484
484
485
485
485
484
484
483
484
484
485
486
485
485
485
488
488
486
486
486
486
486
486
486
485
485
485
485
485
486
485
486
486
486
486
486
485
486
485
486
485
485
485
485
485
512
512
511
508
507
507
504
502
502
501
501
501
501
500
499
499
499
499
499
499
497
497
497
497
497
497
498
497
497
497
497
497
505
497
497
496
496
497
497
498
498
498
496
497
497
497
497
497
497
497
498
498
498
498
498
500
498
498
498
498
498
498
499
499
470
470
474
474
475
477
477
477
479
480
480
480
480
480
481
482
482
482
481
481
482
483
484
483
482
482
483
484
484
484
483
483
483
483
486
483
485
485
486
486
485
483
483
485
485
485
485
485
484
482
484
484
484
484
484
484
484
484
484
483
483
484
484
491
516
516
515
513
512
509
508
507
505
504
504
503
503
503
502
502
501
500
499
499
499
499
499
499
499
499
498
498
498
498
497
497
496
497
497
497
497
497
495
495
496
496
497
497
497
497
497
496
498
498
498
497
497
498
498
497
497
497
495
495
495
495
496
496
474
474
475
475
475
475
479
481
482
481
481
481
483
484
483
483
483
483
484
484
484
483
484
485
489
485
485
484
485
485
486
486
486
485
485
485
486
486
486
485
485
486
490
487
487
486
486
486
487
487
487
486
486
487
487
487
486
486
486
485
484
484
484
484
