481
481
481
481
481
481
481
480
481
481
481
481
481
481
481
481
481
481
480
480
481
481
482
481
481
481
481
481
481
481
481
482
483
483
481
481
481
481
481
481
481
480
480
480
481
481
481
481
481
483
481
481
481
481
481
481
481
481
481
481
481
481
481
481
516
520
521
520
520
520
520
519
520
519
520
519
519
519
518
519
518
518
518
519
519
518
518
518
518
518
518
518
518
518
517
518
518
518
519
519
518
518
518
518
518
518
518
518
519
518
518
518
518
518
518
517
517
517
517
517
517
517
517
519
519
518
518
518
467
467
460
461
461
463
464
465
465
466
466
466
466
467
467
467
468
468
468
469
469
469
469
470
470
469
469
469
470
469
470
470
471
471
470
470
470
470
470
470
474
474
471
470
471
470
471
470
470
470
470
470
470
470
470
470
470
470
470
470
470
470
470
470
531
531
529
528
528
528
527
526
526
525
520
524
524
524
524
523
523
523
523
523
523
522
522
522
522
522
521
521
521
521
521
521
521
520
520
520
520
519
519
520
520
527
527
524
519
518
518
519
519
519
519
519
518
518
518
518
518
518
518
518
518
518
518
518
459
459
459
460
456
463
464
464
465
465
466
466
467
467
467
467
467
467
468
468
468
468
468
483
469
469
469
469
469
469
469
469
469
469
469
468
468
469
469
469
469
469
469
469
469
469
469
459
459
460
469
469
470
470
469
469
468
468
469
469
469
469
469
469
533
534
533
530
529
529
528
527
527
526
526
526
525
525
525
523
523
523
515
523
523
523
529
529
529
525
521
521
520
520
520
519
535
520
520
519
519
519
519
519
519
519
519
519
519
518
518
518
518
518
518
518
518
518
518
518
518
518
518
518
518
518
518
518
457
457
461
461
462
463
463
464
465
465
466
466
466
467
467
467
468
468
468
469
468
469
469
469
469
469
469
469
470
470
470
470
470
470
470
470
470
471
471
471
471
471
471
471
471
472
472
472
471
472
472
472
472
472
472
472
472
472
466
466
472
473
473
473
527
528
527
525
525
524
524
524
523
522
522
522
521
521
510
520
520
520
520
520
520
520
512
512
519
520
519
523
518
518
518
518
518
518
518
517
518
517
518
517
517
517
517
517
517
516
516
517
517
517
517
517
517
517
517
516
516
516
516
516
516
516
516
516
461
461
463
464
465
465
466
467
467
468
468
469
469
467
467
468
469
469
470
470
470
471
471
471
471
471
470
470
471
471
471
471
471
471
470
471
471
471
471
471
471
471
471
471
471
471
471
471
471
471
471
471
471
471
471
471
471
471
471
471
471
471
471
471
516
529
528
529
532
532
526
526
525
525
525
525
524
524
523
522
522
522
522
522
521
521
521
521
521
521
521
520
520
520
520
520
520
520
520
519
519
509
509
519
519
519
519
518
518
518
518
518
518
518
518
518
517
517
517
517
517
517
517
517
517
518
518
517
459
457
459
463
463
463
465
465
466
466
466
467
468
468
468
468
469
469
469
469
469
469
469
469
469
469
470
470
470
470
470
470
470
470
470
470
470
470
470
470
470
470
470
470
470
470
471
471
471
471
473
471
475
471
470
470
471
471
471
471
471
471
471
471
523
523
521
521
521
519
519
519
522
522
520
517
516
516
515
515
515
515
515
515
515
515
515
515
515
513
515
513
515
515
515
515
515
516
516
516
516
515
515
515
514
515
514
514
514
514
513
513
512
512
512
513
513
513
512
512
513
513
513
513
513
513
513
514
467
465
436
465
466
468
468
468
469
469
470
470
471
474
474
470
470
470
470
470
470
470
471
471
471
471
472
472
471
471
470
470
470
470
470
470
470
470
470
470
470
470
470
470
471
471
471
471
471
470
471
471
471
472
472
472
472
473
473
473
473
472
472
472
529
529
528
526
526
526
523
523
523
523
523
522
522
522
522
522
521
521
521
520
519
519
519
517
517
517
517
517
517
517
516
517
517
517
516
516
516
516
517
516
517
517
517
517
518
518
518
518
518
518
517
517
516
516
516
514
513
513
512
513
513
513
513
514
463
463
464
465
466
466
467
467
467
467
466
466
466
467
467
467
468
468
469
470
471
471
471
472
472
472
473
472
472
472
472
472
473
472
472
472
472
472
472
473
473
473
473
473
473
473
473
473
472
474
474
474
475
475
475
475
475
475
476
475
476
476
478
478
518
518
518
517
516
515
515
515
514
514
515
516
516
516
516
516
516
516
515
515
514
514
514
514
514
514
513
513
513
512
511
511
510
510
510
508
508
507
507
507
506
506
506
506
507
507
510
508
510
510
512
512
512
512
512
513
513
513
513
513
513
512
512
511
466
464
466
471
472
473
473
475
476
476
476
476
477
477
477
477
477
477
477
477
477
477
477
475
475
473
473
473
472
472
472
472
472
473
473
473
473
473
474
474
476
476
477
477
477
478
478
478
478
477
477
478
478
478
478
478
478
478
478
477
477
476
475
474
524
524
523
520
520
520
519
504
518
517
517
517
516
514
502
513
511
511
511
510
509
508
508
507
507
507
507
507
508
508
508
509
509
509
509
509
509
510
510
510
510
510
510
510
511
511
509
509
509
508
509
508
508
508
508
509
509
509
509
509
509
510
510
516
464
464
466
467
469
469
469
470
470
469
469
471
472
473
473
474
474
475
476
477
477
477
477
477
477
477
478
478
477
476
476
476
476
476
475
475
474
474
474
475
475
475
475
475
475
475
475
475
475
475
475
472
472
475
475
475
475
475
475
475
475
476
475
475
524
524
524
522
521
520
519
519
519
518
518
518
517
516
516
516
515
515
515
515
515
514
514
514
514
514
514
514
513
513
513
513
513
513
512
512
512
512
512
512
512
511
511
511
511
511
511
511
512
511
510
510
511
511
511
511
511
511
510
510
510
510
510
515
464
464
465
466
467
468
468
470
470
470
470
470
471
471
471
471
471
472
475
472
472
472
472
472
472
472
472
473
473
473
473
474
473
473
473
473
473
473
473
473
473
474
474
473
473
473
473
474
474
474
473
473
473
473
473
474
474
473
473
473
474
474
474
474
520
522
520
518
517
516
515
513
513
513
513
504
512
511
511
511
511
511
511
511
511
510
510
510
510
509
509
509
510
510
510
509
509
508
508
508
508
510
510
510
510
509
509
509
509
509
509
509
509
509
509
508
507
507
508
508
509
509
509
507
507
507
507
507
466
466
466
467
471
471
472
472
472
471
471
472
473
474
474
474
474
474
474
474
476
476
477
477
477
476
476
477
477
477
477
478
478
478
478
477
477
477
478
479
479
479
479
479
479
479
478
478
479
480
480
480
480
480
480
480
480
481
481
481
480
480
480
481
518
518
515
515
514
514
514
514
514
511
511
511
511
511
511
512
512
509
508
508
507
506
506
506
506
505
504
504
504
504
503
503
503
503
503
503
503
503
503
503
503
504
503
503
503
503
503
503
502
502
502
502
503
503
503
503
503
502
502
502
502
503
503
504
478
478
476
476
476
476
476
476
476
477
478
478
478
478
478
478
478
478
478
479
479
479
479
479
478
478
479
479
479
479
479
479
479
479
479
479
479
480
480
480
479
480
479
479
479
480
480
480
480
483
480
480
480
480
484
481
481
480
480
480
480
480
481
481
518
518
518
518
518
517
515
515
514
513
513
513
513
513
512
511
510
510
509
509
510
510
509
509
508
507
507
508
508
508
507
507
507
507
506
505
505
505
506
506
506
507
505
505
505
505
505
505
505
505
505
505
505
504
504
504
505
505
505
505
505
505
505
505
469
468
469
469
472
473
473
474
474
474
475
475
475
476
475
475
475
476
476
476
476
477
477
477
477
477
477
477
477
478
478
478
477
477
477
478
479
478
479
479
479
478
478
478
478
479
479
479
479
479
480
480
480
480
480
480
480
480
480
480
480
480
480
480
520
520
518
518
517
516
517
522
522
514
513
512
512
512
512
512
511
510
510
509
509
509
509
508
508
508
508
507
507
507
507
507
507
507
507
506
506
506
506
505
505
505
505
505
504
503
504
504
504
504
504
504
504
504
504
503
503
503
504
503
504
503
504
503
469
469
471
472
472
472
473
473
474
475
475
475
475
476
476
476
476
477
477
477
477
477
476
478
478
478
478
472
472
478
478
478
478
478
478
478
478
479
479
479
479
480
480
480
480
480
480
480
480
480
480
480
480
480
480
480
480
480
481
481
481
481
481
481
518
518
518
516
514
514
514
513
513
513
511
511
511
518
510
509
509
509
508
507
507
507
507
507
506
506
506
506
505
505
505
505
505
505
504
504
504
504
504
504
504
504
504
504
504
503
503
503
503
503
503
503
503
503
503
503
503
503
503
503
503
503
503
503
470
470
471
471
472
473
474
474
475
476
476
476
476
476
476
476
477
477
477
471
471
477
478
478
478
479
478
479
478
479
479
479
479
479
479
479
479
479
479
480
480
480
480
480
480
480
480
480
480
483
480
480
480
480
480
481
481
481
480
480
480
481
481
481
514
514
512
510
508
507
507
525
525
504
504
503
503
503
504
504
504
503
504
503
503
503
503
503
503
503
504
504
504
504
504
504
505
505
505
504
504
504
505
505
505
505
505
505
505
505
505
505
505
505
505
505
505
506
506
506
506
506
506
506
506
506
506
506
462
462
463
467
470
472
474
478
476
477
477
477
478
478
478
479
480
480
480
480
481
481
481
484
484
482
482
482
482
483
482
483
482
483
483
483
483
483
483
483
483
483
483
483
483
483
483
483
483
483
484
483
483
483
483
483
483
483
483
483
483
483
483
483
518
520
518
515
515
513
510
510
509
508
504
504
505
505
505
504
507
515
515
503
502
502
502
502
502
502
502
502
502
502
501
501
501
502
502
502
502
502
501
502
502
502
502
502
502
502
502
502
502
502
502
502
502
502
502
502
502
502
502
503
503
503
503
503
468
468
470
472
473
473
475
476
476
477
477
478
478
478
479
479
479
479
480
480
480
481
481
481
481
481
481
481
482
482
479
479
482
482
483
483
483
483
482
483
483
483
483
484
483
484
483
484
484
484
483
483
487
487
483
483
483
484
485
485
484
483
483
483
517
519
517
515
513
512
512
510
508
507
506
505
504
503
503
503
503
502
502
501
501
502
502
501
501
501
501
501
500
500
500
500
500
500
500
500
500
500
500
500
500
500
500
500
500
499
499
500
500
505
500
501
500
501
500
501
500
500
500
500
500
501
501
501
468
468
470
471
473
474
475
477
477
478
478
479
479
479
479
480
480
480
481
481
481
481
481
481
482
482
482
482
483
483
483
483
483
484
483
483
483
483
483
483
484
484
484
484
484
484
484
484
484
484
484
484
484
484
484
484
484
484
484
485
485
485
485
485
515
515
514
512
511
510
509
507
507
505
504
503
503
503
503
503
502
502
502
502
501
501
501
501
501
501
501
501
501
501
501
501
500
501
496
501
500
500
500
501
501
504
501
501
488
501
500
501
501
501
501
501
501
501
501
505
505
501
500
501
501
501
501
501
470
470
471
475
475
477
479
478
479
479
480
480
480
483
483
480
480
480
480
480
480
481
481
481
481
481
481
482
482
482
482
482
482
482
483
483
483
483
483
483
484
483
483
483
483
483
483
484
484
484
484
484
484
484
484
484
484
484
484
484
484
484
484
484
518
518
514
514
513
512
513
510
508
507
506
506
506
504
506
509
509
502
502
502
500
501
501
501
500
500
500
500
500
500
500
500
500
500
499
500
500
500
500
500
500
500
500
500
500
500
500
500
499
499
499
499
500
500
500
499
499
500
500
500
500
500
500
500
467
467
468
473
473
473
473
473
476
477
478
478
479
479
480
480
480
480
480
481
481
481
481
481
482
482
482
482
482
482
482
483
483
483
482
482
483
483
483
484
484
484
484
483
484
484
484
484
484
484
484
484
484
484
484
484
483
483
484
484
484
484
484
484
