419
419
422
424
424
425
426
426
427
428
428
428
428
428
428
428
429
430
430
430
430
430
430
431
431
431
431
431
431
431
432
432
432
432
432
432
432
432
432
432
432
432
433
433
433
433
433
432
432
433
433
433
433
433
433
433
433
433
433
433
434
434
434
434
564
564
562
561
559
558
557
556
556
554
554
553
552
551
551
550
550
549
549
549
548
548
547
546
546
546
545
545
545
545
545
544
544
544
543
543
543
542
542
542
542
541
541
541
541
541
540
540
540
540
540
539
539
539
539
539
539
539
538
538
538
538
538
538
406
406
409
409
411
412
414
415
417
417
417
419
419
419
419
421
421
422
422
423
423
424
424
425
425
425
426
426
426
426
427
427
428
428
427
427
428
428
428
429
429
429
428
429
429
429
429
429
430
430
430
431
431
431
431
430
431
431
432
432
432
432
432
432
566
566
561
559
559
559
557
556
555
556
554
552
552
551
551
549
549
549
550
550
549
547
546
546
546
546
546
545
544
544
543
543
543
542
541
542
542
542
542
541
541
541
541
540
540
540
540
540
540
539
539
538
538
538
539
538
538
538
538
538
538
538
538
538
405
405
408
410
412
413
415
416
415
417
417
417
418
419
419
420
420
420
420
422
423
423
423
424
424
424
425
427
427
425
425
425
426
427
427
427
425
427
428
428
428
428
428
429
429
429
429
429
430
431
430
430
430
430
431
431
431
431
431
431
431
431
431
432
563
563
561
560
559
557
557
557
556
554
554
554
554
551
550
550
550
549
548
548
548
547
546
546
546
545
545
544
544
544
544
543
543
543
542
542
542
542
542
542
541
541
540
540
540
540
540
540
540
539
539
539
539
539
538
538
538
538
538
538
538
538
538
538
406
406
408
409
411
411
413
415
417
417
418
418
418
419
419
419
420
420
421
421
422
422
422
422
423
424
424
424
424
424
424
426
426
426
426
427
427
429
427
428
428
429
429
429
429
428
429
429
429
429
429
430
430
430
430
430
431
431
431
431
431
431
431
432
564
564
562
560
559
558
557
556
555
554
554
553
551
548
550
550
550
549
549
548
548
548
547
546
546
546
545
545
545
544
544
544
543
543
543
543
543
542
542
542
541
541
541
541
541
540
540
540
540
540
539
539
539
539
539
539
539
538
538
538
538
538
537
537
407
407
408
410
412
412
412
414
415
416
416
416
417
418
418
419
419
420
420
421
421
423
423
423
423
424
425
426
425
425
425
425
426
426
426
426
425
426
427
427
427
427
428
428
428
428
428
429
429
431
429
429
429
430
430
430
431
431
431
431
431
431
432
432
564
567
564
560
559
558
558
555
555
554
553
552
551
551
551
551
550
545
545
548
548
546
546
546
545
545
545
544
544
543
543
543
543
543
542
542
542
542
541
541
541
541
541
541
540
540
540
540
540
539
539
539
539
539
538
538
538
538
537
537
537
537
537
538
406
406
409
409
411
412
412
414
414
416
416
417
417
417
418
419
419
420
421
421
422
422
422
423
423
422
422
425
425
425
425
425
425
425
426
426
426
426
427
427
428
428
428
428
428
429
429
429
428
428
429
429
430
430
430
430
430
431
431
431
431
431
431
431
551
551
548
547
541
541
539
537
537
536
534
534
534
534
533
532
532
532
532
532
532
531
531
530
530
530
530
530
529
529
528
529
529
529
528
528
528
528
528
528
528
528
528
528
526
526
528
528
527
527
527
527
527
527
527
527
527
526
526
526
526
526
526
526
411
411
416
417
418
420
421
422
425
425
425
425
427
427
428
429
430
430
431
432
433
433
434
434
434
435
435
435
435
436
436
436
437
437
437
437
438
438
438
438
439
439
439
439
439
439
439
440
440
440
440
440
440
441
441
442
441
441
441
441
442
442
442
442
560
560
554
551
549
548
546
545
544
543
543
542
541
540
540
540
538
538
537
537
537
536
535
535
534
534
534
533
533
533
533
532
532
532
531
531
531
531
530
530
530
529
529
529
529
528
528
528
528
528
528
527
528
527
527
527
527
527
527
527
526
526
526
525
413
413
417
419
420
421
422
424
424
425
426
426
428
428
428
428
430
431
431
431
432
432
433
433
434
434
434
435
435
435
435
436
436
436
437
437
438
438
438
438
438
438
438
439
439
439
439
440
440
440
440
440
441
440
440
440
441
442
442
442
442
442
442
442
557
557
554
552
550
548
548
546
544
544
544
542
542
541
541
540
540
539
539
538
539
537
537
536
536
535
534
534
534
533
533
533
532
532
532
531
531
531
531
531
529
529
529
529
529
529
529
529
529
529
528
528
527
527
528
528
527
527
527
527
527
527
527
526
413
413
414
418
418
419
420
421
422
424
424
425
426
426
427
428
428
429
430
430
431
432
433
433
433
434
434
434
434
435
435
436
436
436
436
437
439
440
439
438
438
438
438
439
439
439
442
442
442
441
441
441
441
441
441
442
442
442
442
442
442
442
443
443
560
560
556
554
552
550
549
547
546
545
545
543
543
543
541
541
541
540
539
538
538
537
537
536
536
535
535
534
534
534
534
533
533
532
532
532
531
530
531
531
531
530
530
530
529
529
528
528
528
529
528
529
528
528
527
527
527
527
527
527
527
527
526
526
410
408
410
415
417
419
423
423
423
423
423
424
425
425
426
427
428
429
430
431
432
432
432
433
433
433
433
434
434
435
435
435
434
434
436
436
437
437
438
438
438
438
438
438
438
439
439
440
440
440
440
440
441
441
441
441
441
442
442
442
442
442
442
442
566
566
559
555
553
551
549
547
545
545
545
545
544
543
542
541
540
540
539
539
538
538
537
536
536
536
535
535
535
535
534
534
533
532
532
532
532
531
531
531
530
530
530
535
530
534
529
529
529
529
528
528
528
528
527
527
527
527
527
527
526
526
526
525
412
412
415
417
419
420
421
421
422
423
424
425
425
426
427
427
429
430
430
430
431
430
432
433
433
433
435
436
436
436
437
437
436
436
437
437
437
437
438
440
440
440
440
440
440
440
441
441
442
442
442
442
442
443
443
443
444
444
445
445
444
444
444
444
544
544
541
538
535
532
532
531
530
527
527
526
526
525
525
524
524
523
523
523
523
522
521
521
521
521
521
519
519
519
520
520
520
520
518
520
518
518
518
519
520
520
520
520
520
520
519
519
519
519
519
519
519
519
519
518
519
518
521
521
521
519
518
518
417
417
421
421
426
429
431
431
431
435
436
439
439
439
439
440
440
441
442
443
443
443
444
444
444
445
445
445
446
446
446
446
447
447
447
447
447
447
448
448
448
448
448
448
448
448
448
448
448
448
449
449
449
449
449
449
449
449
449
449
449
449
449
449
553
553
550
547
544
542
540
539
537
535
534
532
532
531
530
529
528
527
526
526
525
524
524
524
524
523
523
522
522
521
521
521
521
521
520
520
520
520
520
519
519
519
519
518
518
518
518
517
517
517
518
518
518
518
518
518
518
518
517
518
517
517
517
518
416
416
421
423
425
427
429
430
432
434
437
437
437
438
439
440
440
441
442
442
443
443
444
444
444
444
445
445
446
446
446
446
446
446
448
448
448
448
448
448
448
448
448
448
449
449
449
449
449
449
450
450
449
449
450
450
450
450
451
451
450
450
450
450
555
555
551
548
545
543
541
537
537
537
535
534
532
530
529
529
528
528
526
525
525
525
524
523
523
523
522
522
521
521
520
522
520
520
520
520
520
519
519
519
519
518
518
518
518
518
518
518
518
518
518
518
518
518
517
517
517
518
517
517
517
517
517
517
411
411
417
420
423
425
430
430
431
433
434
435
435
438
438
438
438
441
441
442
442
442
443
443
444
444
445
445
445
445
446
447
447
447
447
447
448
448
448
448
448
448
448
448
448
449
449
449
449
450
449
450
449
449
449
451
451
450
450
450
450
450
450
450
557
557
552
549
547
544
542
540
537
536
536
535
532
531
530
529
528
527
526
526
525
525
524
523
523
523
522
522
521
521
521
520
520
520
520
525
525
519
519
519
519
519
519
518
517
518
517
518
517
517
517
517
517
517
518
518
517
517
517
517
517
517
517
517
411
411
416
420
423
424
427
429
431
432
432
435
436
438
438
439
440
440
441
441
442
443
443
444
446
445
445
445
445
445
445
446
446
447
447
448
448
448
448
448
448
449
449
449
449
449
449
449
448
449
448
448
448
450
450
450
450
450
450
450
450
450
451
451
559
559
554
550
548
546
543
541
540
538
536
534
533
532
530
529
529
528
526
526
526
526
524
523
523
522
522
521
521
520
520
520
520
519
519
519
519
518
518
518
518
518
517
518
518
518
518
518
517
517
517
517
518
518
518
517
517
517
517
517
517
517
516
516
410
410
417
421
424
424
425
428
430
430
432
434
437
437
438
439
440
440
441
444
444
444
444
444
444
444
445
445
446
446
446
447
447
448
448
448
447
448
448
448
448
449
449
449
449
449
450
449
450
450
450
450
450
450
450
450
450
450
450
450
447
447
450
450
543
543
535
530
530
526
521
520
518
518
518
517
517
517
517
517
517
516
516
516
516
516
516
516
516
516
516
515
516
515
516
516
516
516
515
515
515
515
515
515
515
515
515
515
515
515
515
515
515
515
515
514
514
514
514
514
514
514
514
514
514
514
514
514
418
418
424
428
429
437
437
438
441
441
443
444
445
445
447
447
447
448
448
449
449
449
450
449
450
450
450
450
450
450
451
451
451
450
451
451
451
451
452
452
451
451
452
452
452
453
453
453
452
452
452
452
452
452
452
452
452
452
452
452
452
452
452
452
550
550
541
540
536
532
531
531
526
525
523
521
520
519
519
519
519
518
518
518
517
517
517
517
517
517
517
516
516
516
516
516
515
515
515
515
515
515
515
515
515
515
515
515
515
515
514
514
514
514
514
514
514
513
513
513
510
510
513
513
513
513
513
513
419
419
427
431
433
437
437
439
442
443
444
445
446
446
447
448
449
450
451
451
451
450
450
450
450
450
451
451
451
450
450
450
451
451
451
451
451
451
451
451
450
450
451
452
452
452
452
452
452
453
453
454
452
452
452
452
452
452
452
453
453
453
452
452
552
552
550
541
538
534
531
529
525
525
524
522
522
521
520
519
519
518
518
518
517
517
517
517
517
517
517
517
516
516
516
516
516
516
516
516
515
515
515
515
514
514
515
515
514
514
514
514
514
514
513
513
513
512
512
512
512
513
512
512
512
511
511
508
418
418
424
430
433
435
438
439
441
445
446
448
448
447
447
447
448
449
449
449
449
449
449
450
450
450
451
450
451
451
451
451
451
451
451
451
451
451
451
451
451
451
451
451
451
452
451
452
451
452
451
452
452
453
452
452
452
453
453
453
453
453
453
453
554
554
546
543
539
536
533
530
527
526
524
523
521
520
519
519
518
515
518
518
518
518
520
518
518
517
517
517
517
517
517
517
516
516
516
516
515
515
515
515
514
514
514
514
514
514
513
513
513
513
513
513
513
513
513
515
513
513
513
513
512
512
512
512
418
418
424
429
432
435
436
439
440
442
443
445
445
447
447
447
447
448
448
448
448
448
449
449
450
450
450
450
450
450
451
450
451
451
451
451
450
450
450
451
451
451
451
451
451
451
451
451
451
452
452
452
451
452
452
452
454
453
453
453
453
453
453
453
555
555
550
544
540
537
535
533
528
526
525
524
522
522
522
520
519
519
518
518
518
518
518
517
517
517
517
517
517
516
515
515
515
515
515
515
515
515
514
514
514
514
514
514
514
514
514
514
513
513
513
513
513
512
513
512
512
512
512
512
512
512
512
512
410
410
423
427
431
432
436
438
440
441
443
444
444
445
446
446
448
448
448
448
449
449
449
449
449
450
450
450
450
450
450
450
450
451
451
450
450
449
450
453
453
451
451
451
451
452
452
451
451
451
452
452
452
452
452
452
451
453
453
454
454
454
453
453
