311
319
319
319
325
331
333
334
336
336
337
340
341
341
342
343
345
344
345
347
347
347
347
348
349
350
351
351
351
352
352
353
353
353
354
354
355
356
356
356
356
357
358
358
358
358
359
359
359
360
360
360
360
360
360
361
360
362
361
362
362
362
362
362
716
716
708
700
698
691
688
683
678
678
676
674
670
670
667
666
664
662
660
660
657
655
655
653
651
650
650
650
647
647
645
644
643
643
643
641
641
639
639
639
639
638
638
637
637
636
635
634
634
634
633
632
632
632
632
631
631
631
630
629
629
629
628
628
261
261
271
276
279
285
288
292
295
298
301
304
309
310
310
313
315
318
320
320
321
323
324
326
328
329
331
332
332
333
336
337
338
339
340
341
342
342
343
345
347
348
347
348
349
349
350
350
352
354
354
354
354
355
356
356
356
357
358
358
359
359
359
359
716
716
707
702
701
694
689
686
683
680
679
675
672
670
669
666
664
663
660
659
659
659
659
655
652
651
649
647
646
646
646
645
646
643
641
640
639
639
639
638
637
636
635
634
634
633
633
633
632
631
631
630
630
629
629
629
628
627
627
627
624
624
624
626
259
259
269
278
279
285
286
292
295
295
298
300
303
306
307
312
313
313
315
317
319
320
320
321
322
325
327
329
332
333
333
334
335
336
338
339
339
341
342
343
344
345
345
347
348
347
348
350
351
351
352
352
353
354
354
354
355
356
357
357
358
358
358
359
714
714
707
701
696
695
688
685
682
680
675
674
674
671
669
667
666
664
661
661
659
657
654
653
652
651
649
648
648
648
645
644
642
642
640
639
639
639
639
640
638
638
635
634
634
632
632
632
631
630
630
629
629
628
628
628
627
627
627
627
627
625
627
625
271
268
271
273
281
281
285
288
291
291
300
302
302
305
306
308
312
314
313
314
320
321
321
321
322
327
328
328
330
331
332
332
334
335
337
339
339
340
341
343
343
344
344
349
349
348
348
348
349
351
351
352
353
353
354
354
355
356
356
357
357
357
358
358
716
716
707
696
694
692
688
685
685
679
677
675
674
670
670
666
664
662
661
661
659
656
654
653
652
650
650
649
645
645
645
644
643
642
642
641
645
640
638
636
636
635
635
634
633
627
631
631
631
630
630
629
629
629
630
627
627
627
626
626
625
625
625
625
260
260
264
273
276
280
282
291
294
294
296
299
300
302
305
308
311
313
313
319
319
320
320
322
322
325
325
327
328
330
330
334
335
335
336
337
337
337
339
340
342
343
344
344
345
347
347
349
349
350
352
352
352
352
354
354
354
354
353
352
353
356
357
357
716
716
707
701
696
692
687
687
687
681
678
675
672
672
667
666
664
662
661
660
657
655
653
653
653
653
652
650
647
645
644
643
643
642
640
639
639
638
637
637
636
635
635
634
633
632
632
631
629
629
629
629
629
628
627
627
627
626
625
625
625
624
624
624
259
259
265
273
276
281
284
287
290
292
296
298
301
303
305
307
311
311
312
314
316
317
318
321
322
324
325
326
329
331
332
339
332
335
335
338
338
339
340
340
342
342
343
344
345
346
348
348
349
350
350
351
352
352
352
354
354
354
354
356
357
357
357
357
668
668
653
635
630
630
626
624
622
622
618
618
617
616
616
616
615
614
614
613
613
613
613
613
613
613
612
612
612
611
611
611
611
611
611
611
611
611
610
609
606
606
610
610
610
610
609
609
609
609
609
609
609
609
609
609
609
609
609
609
609
609
609
609
279
279
289
296
303
309
314
318
323
326
329
332
335
338
340
343
344
345
346
349
351
352
352
352
352
356
356
350
350
359
363
363
362
362
363
364
364
364
364
366
367
367
367
368
368
371
371
371
371
371
371
372
372
373
373
373
373
374
375
375
375
375
376
376
693
693
683
675
668
660
655
652
643
643
639
636
634
631
629
628
626
624
624
623
621
621
620
619
618
618
617
617
616
616
615
615
613
613
614
614
613
613
613
613
612
612
612
612
612
611
610
611
610
611
613
613
612
610
610
610
610
610
609
609
609
609
609
609
277
277
287
294
301
305
309
315
315
323
326
332
335
335
337
340
341
344
345
345
348
348
350
353
353
353
354
356
357
358
358
359
360
360
361
362
363
364
365
365
365
367
368
369
369
369
370
371
371
372
377
377
374
374
374
375
375
375
375
375
376
376
376
377
696
696
685
678
672
664
659
654
650
646
643
639
638
634
632
629
627
627
626
625
623
623
622
621
621
621
620
619
618
617
616
616
615
616
615
615
615
614
614
613
613
613
613
612
612
612
612
612
611
611
611
611
611
610
610
610
610
611
611
610
610
609
609
609
276
276
284
293
302
304
318
319
322
324
325
328
331
334
336
339
340
342
343
345
348
348
348
349
350
352
353
355
355
356
357
358
359
360
362
363
363
363
363
364
365
365
366
367
368
370
370
370
371
371
372
373
373
373
374
374
374
375
381
381
376
376
377
377
697
697
688
679
674
659
656
656
652
647
641
638
638
635
633
631
631
631
629
625
623
623
623
622
621
620
619
619
619
618
617
616
616
616
614
614
615
615
614
614
614
613
613
613
612
612
612
612
612
611
611
611
611
611
611
610
610
610
610
610
610
610
609
609
275
275
294
298
298
304
306
317
318
321
323
327
333
334
334
338
339
341
343
345
346
347
347
348
351
352
353
353
356
356
357
357
358
359
361
361
361
361
365
365
366
366
366
367
368
368
369
370
370
370
371
372
372
373
373
374
374
375
375
375
376
376
376
377
698
698
689
680
673
667
662
656
649
648
644
641
638
636
634
631
630
628
627
626
620
620
623
623
622
621
620
619
619
619
618
617
617
616
616
616
616
615
615
613
613
613
613
613
612
612
612
612
612
612
611
611
611
611
610
610
610
610
610
610
609
606
609
609
276
276
284
292
304
305
308
317
317
321
324
327
327
332
336
337
339
341
342
344
346
347
348
348
351
353
353
353
353
355
356
357
358
358
360
360
361
362
362
365
365
365
365
366
367
367
367
368
369
370
379
379
372
371
372
373
373
374
374
375
375
375
376
376
653
653
642
632
627
623
620
618
616
614
613
612
610
610
610
609
609
608
608
608
607
606
607
606
606
606
606
606
606
606
606
605
605
605
605
604
604
604
604
604
604
602
602
604
605
604
603
603
603
603
603
603
603
602
602
602
602
602
602
602
602
602
602
602
295
295
307
314
322
326
330
331
334
335
338
339
339
342
343
344
344
347
348
350
350
350
352
353
354
354
355
356
357
359
359
360
361
362
363
364
365
366
367
368
368
369
371
371
372
373
374
374
376
376
376
378
378
378
377
379
381
381
382
382
383
383
383
383
675
675
660
650
643
639
636
634
634
630
629
628
627
626
626
625
623
622
621
621
621
620
619
620
618
617
617
617
616
615
614
614
613
613
612
612
611
611
610
610
610
610
609
609
608
608
608
607
607
607
608
606
605
605
605
605
605
604
604
604
604
604
603
603
291
291
304
311
319
324
326
328
328
332
334
336
337
338
339
341
342
344
345
346
347
348
349
350
351
353
354
355
354
355
355
360
361
361
362
363
364
365
366
368
368
369
370
378
378
373
373
375
377
377
377
379
379
380
380
381
382
382
383
384
384
385
385
385
679
679
664
650
648
643
640
637
636
635
633
632
631
631
631
628
627
626
626
624
623
623
623
622
622
622
621
621
620
618
617
617
615
614
614
614
613
613
612
605
611
610
610
610
610
609
609
609
608
608
607
607
607
607
606
606
606
605
605
605
605
605
604
604
288
288
302
307
316
320
322
326
328
330
332
335
335
335
337
338
340
341
342
344
345
345
346
348
348
349
351
351
352
355
357
358
358
359
359
362
363
364
370
370
368
368
369
370
371
372
374
374
376
378
378
378
379
379
381
381
382
382
383
383
384
384
384
384
681
681
668
657
650
646
643
641
638
636
635
635
634
632
632
631
629
621
627
627
627
626
625
624
623
623
622
621
621
620
619
618
619
618
617
616
615
615
614
613
613
612
612
611
611
610
610
609
611
608
607
607
599
606
606
606
606
606
605
605
605
607
605
604
286
286
307
307
314
320
322
325
326
329
331
334
335
335
336
337
339
339
340
341
342
344
345
349
349
349
349
354
354
354
354
354
356
358
360
360
361
363
365
365
365
367
370
371
371
372
373
374
374
375
377
378
379
379
380
381
381
382
383
384
385
386
386
389
694
694
668
651
649
647
644
641
639
638
635
635
635
633
632
631
631
629
628
628
627
626
624
624
624
623
622
622
621
620
620
620
618
617
617
616
616
615
614
613
612
612
612
611
610
609
608
608
607
607
607
605
605
605
605
605
605
605
605
605
604
603
603
603
290
290
301
308
316
316
323
325
328
330
331
333
334
335
337
338
339
339
341
343
344
344
346
347
348
348
350
351
351
352
357
357
356
356
359
361
361
363
363
365
367
368
370
370
371
372
374
374
375
376
378
378
380
380
380
381
382
383
383
384
385
385
385
387
641
641
635
635
625
621
621
619
612
610
610
607
605
604
602
601
601
600
600
599
598
596
597
597
597
596
596
596
598
595
594
594
594
594
593
593
593
592
591
591
591
592
592
590
590
590
590
588
588
588
587
587
586
586
586
586
586
585
585
585
584
584
584
583
308
308
315
322
326
330
331
332
335
339
341
342
341
342
344
345
345
347
349
351
351
354
358
357
358
359
367
367
368
368
372
374
376
377
379
382
384
384
386
385
386
388
390
391
391
392
392
393
394
394
395
395
395
396
396
396
397
397
397
397
397
398
398
398
651
651
643
637
635
632
630
629
628
628
627
626
625
624
623
621
621
618
615
613
610
608
605
603
601
598
596
594
592
592
590
589
588
587
585
584
584
583
582
582
582
581
580
580
580
580
579
579
579
579
578
578
578
578
577
577
577
577
576
576
576
576
576
576
324
322
322
322
325
327
331
332
335
337
339
339
339
341
343
343
343
345
348
348
350
352
355
358
362
368
369
371
374
378
380
384
384
386
386
387
390
392
397
397
395
395
395
396
396
396
397
397
397
398
398
398
398
398
399
399
399
399
399
400
400
400
400
400
652
652
644
639
634
634
631
629
629
629
629
626
624
623
623
622
619
617
615
609
609
603
600
600
596
594
594
592
590
589
587
585
585
583
580
579
579
579
578
578
577
577
576
576
576
576
576
575
575
575
575
574
576
574
576
574
574
574
573
573
573
573
573
573
308
308
316
326
328
329
331
333
336
336
336
338
339
341
343
343
346
348
348
350
352
355
360
363
363
367
370
375
382
381
384
384
385
387
389
391
394
394
395
395
396
397
397
398
398
398
399
399
399
399
400
400
400
401
401
401
401
401
401
401
401
401
401
402
653
653
644
639
636
635
632
630
629
627
626
626
624
624
620
618
617
614
611
611
609
604
603
591
591
595
595
593
589
587
586
585
582
582
578
578
578
578
581
581
579
574
574
574
575
575
575
573
573
573
573
572
572
572
572
572
572
572
572
572
572
572
572
572
310
310
316
322
326
328
329
334
335
337
338
339
340
344
345
344
345
348
350
352
352
358
359
361
364
368
373
374
377
379
381
385
387
389
389
392
392
395
396
395
396
398
398
399
400
400
400
400
400
401
401
404
401
402
401
402
402
402
402
402
402
402
402
402
654
654
646
640
636
633
632
629
629
627
623
623
623
622
619
616
616
615
615
611
609
606
604
601
596
595
594
592
590
588
585
584
582
581
580
578
577
577
577
575
574
574
574
573
573
572
572
572
573
573
572
572
572
572
571
571
571
571
571
571
571
571
571
571
309
309
316
322
325
328
331
334
335
337
338
340
342
342
342
345
346
347
347
349
353
355
357
363
367
367
370
377
380
380
383
384
388
390
393
394
394
395
396
396
395
395
398
400
400
400
400
400
401
401
401
401
402
402
402
407
407
402
401
402
402
402
402
402
