476
476
476
480
480
480
480
480
481
481
482
482
481
480
480
481
481
480
480
480
480
480
480
480
480
480
480
480
480
481
481
480
479
479
480
480
480
480
480
480
480
478
478
480
480
481
481
481
481
481
481
480
480
480
480
480
481
481
481
481
481
480
480
480
544
548
548
546
545
545
544
544
544
543
543
543
542
541
542
543
543
543
542
542
542
542
543
543
543
542
544
542
542
541
541
542
542
542
542
542
542
542
542
542
542
542
541
541
541
541
552
541
540
540
540
540
540
540
540
540
540
540
546
542
542
542
540
540
415
415
419
423
425
427
429
431
432
435
436
436
436
438
439
438
439
440
441
441
441
441
441
441
442
443
442
443
443
443
443
444
444
444
444
444
444
444
444
444
444
445
445
445
445
445
445
445
445
445
445
445
445
446
446
446
446
446
446
446
445
446
446
446
553
561
561
571
571
566
565
565
564
565
561
560
560
558
556
555
554
554
554
554
553
552
552
551
550
550
550
551
551
550
548
548
548
548
547
547
547
547
546
546
546
546
546
545
546
549
549
545
545
545
546
546
544
534
534
543
544
543
544
543
543
543
543
543
414
414
418
424
426
426
428
430
432
432
434
435
435
435
437
438
438
439
439
440
440
440
441
441
442
442
441
441
443
443
443
443
443
444
444
444
444
444
444
444
444
445
445
445
445
445
445
445
445
445
445
446
446
446
446
446
446
445
446
446
446
446
446
446
578
578
574
571
570
568
566
565
563
561
560
554
549
549
556
556
556
556
556
554
554
554
552
552
552
555
555
555
550
550
549
549
548
547
548
547
547
547
547
547
546
546
545
545
545
545
545
545
545
545
545
544
544
544
544
544
544
544
544
543
543
543
549
543
414
414
418
421
425
425
426
430
431
431
432
435
435
435
436
437
437
438
437
438
440
440
442
441
442
442
442
442
442
442
443
443
443
443
444
447
447
444
444
444
444
444
444
445
445
445
445
445
445
444
445
445
445
445
445
445
445
445
445
445
445
445
446
446
566
574
572
572
570
568
566
565
564
564
563
565
561
559
558
558
557
557
556
555
554
554
553
552
552
551
551
551
550
550
550
550
549
549
549
548
548
546
546
547
547
547
546
546
546
546
547
546
551
545
545
545
544
545
544
544
544
544
544
544
543
530
530
544
413
413
415
418
423
426
427
427
430
431
432
434
436
436
439
436
437
437
438
438
439
440
440
441
442
441
442
444
444
441
441
442
442
442
442
443
443
443
443
443
444
465
444
465
444
444
444
444
444
444
444
445
445
445
445
445
445
445
445
445
445
445
445
445
578
578
574
572
571
568
568
566
565
564
562
560
560
560
560
559
558
556
556
555
554
554
554
553
553
552
551
551
551
551
551
549
549
549
548
547
547
547
547
547
547
547
547
546
546
546
546
546
545
545
545
545
544
544
544
544
544
544
544
544
543
543
543
543
417
417
418
421
423
425
427
431
431
431
432
433
435
435
436
437
437
437
438
439
439
440
440
440
440
441
441
441
442
442
442
442
443
443
443
443
443
443
444
444
444
444
444
437
444
445
445
445
445
445
445
445
445
444
444
445
445
445
445
446
446
446
446
445
558
558
553
549
547
545
544
544
542
547
541
541
541
540
540
540
539
539
539
539
539
539
539
538
538
538
538
538
538
538
538
538
538
538
538
538
538
538
538
538
538
538
538
538
539
539
538
538
538
538
538
538
537
537
537
538
538
538
537
538
537
538
538
538
420
420
424
428
432
434
434
434
437
438
439
439
440
441
441
441
442
442
442
442
443
444
444
444
445
445
445
445
446
446
446
446
447
447
447
446
447
447
447
447
448
447
447
447
448
448
447
447
448
448
448
448
447
448
448
449
449
449
449
449
449
449
448
448
574
574
572
572
569
564
562
562
558
558
558
557
557
554
554
551
551
551
551
551
549
549
559
559
547
547
546
545
545
544
544
544
543
542
542
541
541
541
541
540
540
540
540
539
540
529
539
536
538
538
538
538
538
538
538
538
538
538
538
538
537
537
535
535
419
419
423
426
428
431
431
432
434
435
436
436
436
438
439
439
440
440
440
441
441
442
442
443
443
443
443
444
444
444
444
445
445
445
445
446
446
445
445
446
447
447
447
447
447
447
447
447
448
448
448
448
448
448
450
449
449
449
449
449
450
449
449
449
576
576
573
573
571
568
566
566
564
562
560
559
557
556
556
554
553
552
551
552
551
550
549
548
548
548
548
547
545
545
544
544
544
544
543
542
542
542
542
542
542
541
540
540
540
539
539
539
539
539
539
539
538
538
537
537
537
537
537
537
537
537
537
538
417
417
422
424
426
428
429
431
432
433
434
434
415
415
422
438
438
439
439
440
440
440
441
441
441
442
442
442
442
443
444
444
444
445
445
445
445
445
445
445
446
446
446
447
447
447
447
447
447
447
448
429
448
448
448
448
449
449
449
449
449
449
449
449
579
579
576
574
570
570
569
566
564
562
562
561
558
557
556
555
555
554
553
552
551
551
550
549
548
548
547
546
546
545
545
544
544
544
543
542
542
542
541
541
543
543
540
539
539
538
539
539
539
538
538
538
537
537
537
537
537
537
537
536
536
536
536
536
415
415
416
422
424
427
428
429
431
432
432
434
436
436
436
437
437
437
436
439
439
440
440
441
441
441
441
443
443
443
443
444
444
444
444
445
445
445
445
446
446
446
446
446
446
446
446
447
447
447
447
448
448
448
448
448
448
449
449
449
448
449
449
449
577
580
577
573
572
568
567
567
567
563
562
561
560
559
558
557
556
554
553
552
552
551
550
549
548
547
548
547
551
546
545
545
544
543
543
542
541
541
540
540
540
540
540
539
539
539
538
538
538
538
538
537
531
537
536
537
537
537
536
536
536
535
535
526
418
418
418
421
421
424
427
429
430
431
431
432
433
435
436
436
436
436
434
439
439
439
440
440
440
441
441
441
442
442
442
443
443
443
444
444
444
444
445
445
445
445
446
447
447
447
447
447
447
447
447
448
448
447
447
448
448
448
448
448
448
448
449
449
567
567
562
557
553
553
549
548
542
540
539
538
537
536
535
535
534
534
534
533
533
534
534
534
534
534
533
533
533
533
533
519
519
536
536
533
533
533
533
533
533
533
533
533
533
533
533
533
533
533
533
533
533
533
532
532
532
533
533
532
532
532
533
532
409
409
420
423
425
425
432
437
437
437
437
439
440
441
442
443
444
445
445
446
446
437
437
448
448
448
449
449
449
453
453
450
450
450
451
451
451
451
452
452
452
452
452
451
451
452
452
452
453
453
453
453
453
453
454
454
454
454
454
455
455
455
455
455
583
583
570
567
566
563
561
560
555
553
553
550
550
550
546
545
545
543
543
542
540
540
539
538
537
537
536
536
535
534
534
534
533
533
533
533
532
532
531
531
531
531
531
531
531
531
531
531
531
530
530
530
530
530
530
531
531
531
530
530
530
530
530
530
413
413
418
421
424
424
426
429
430
433
435
436
437
439
440
440
440
443
443
444
445
445
445
446
446
446
447
447
448
448
448
449
449
449
449
450
450
450
451
451
451
451
451
451
451
452
452
452
452
452
453
453
453
453
453
454
454
454
454
454
455
455
455
455
544
574
574
569
569
566
563
562
558
556
554
553
553
551
560
548
545
545
544
541
540
539
539
539
537
536
536
536
534
533
533
532
532
532
532
531
531
530
530
530
530
529
529
529
529
529
529
529
529
529
529
528
528
528
528
528
528
528
528
528
528
528
528
528
408
408
417
420
423
427
429
427
429
433
434
436
437
437
439
441
442
443
443
444
444
445
447
447
447
447
447
448
448
448
448
449
449
449
450
450
450
450
450
451
451
451
451
451
452
452
453
452
453
453
453
453
453
453
453
454
454
454
454
454
455
455
455
455
575
575
572
570
566
565
563
560
559
556
554
553
550
549
547
545
543
543
542
540
539
538
539
540
540
537
535
535
534
532
532
532
531
531
532
532
541
531
530
528
528
528
529
529
529
528
528
527
527
527
527
527
527
527
527
527
527
526
526
527
527
527
527
526
415
415
422
422
422
425
427
431
432
434
436
438
439
439
440
441
442
443
445
446
446
446
447
447
447
447
448
449
450
450
450
450
450
450
450
451
451
452
452
452
452
451
452
452
453
453
453
453
453
453
454
454
454
454
454
455
455
454
454
455
456
456
457
457
573
573
573
571
567
565
560
558
555
555
555
553
552
547
545
543
542
541
540
540
537
537
537
536
534
534
533
533
533
533
532
530
529
529
529
528
528
529
529
529
528
527
527
526
526
526
526
526
526
526
524
524
524
525
525
525
525
525
524
523
523
524
524
524
415
415
424
429
430
430
432
433
433
435
437
440
440
443
443
444
445
445
446
446
447
449
450
450
450
450
450
450
451
451
452
452
452
452
452
452
452
453
454
454
454
454
453
453
453
454
455
455
456
456
455
455
455
455
455
455
456
456
458
458
458
457
456
456
554
554
545
542
533
532
530
527
527
526
524
524
524
524
523
521
521
523
523
523
523
522
522
521
522
522
522
522
522
522
522
523
522
522
522
522
522
522
522
521
523
521
522
522
522
522
522
522
522
522
522
522
522
520
520
522
522
522
522
522
522
522
522
522
423
423
429
433
436
440
443
447
447
447
448
450
450
451
452
455
456
456
457
457
458
458
458
462
462
461
461
461
461
461
462
462
462
462
463
463
463
463
463
463
463
462
462
462
462
462
462
463
462
462
462
462
462
462
462
462
462
461
461
461
460
460
460
461
563
563
557
553
549
545
542
539
534
534
532
530
528
527
526
525
524
524
524
523
523
522
522
521
521
521
521
521
521
521
521
520
520
520
520
520
520
520
520
520
521
520
520
520
520
520
520
520
519
519
519
519
519
519
519
519
519
519
520
519
519
519
519
519
426
426
433
435
440
442
446
447
449
450
450
452
452
453
454
455
455
456
457
458
458
458
460
460
460
461
461
462
462
462
463
463
463
463
463
464
464
464
464
464
464
464
464
464
464
464
464
464
464
464
464
464
464
464
463
463
463
463
464
463
463
463
463
463
561
561
557
548
544
544
542
538
535
534
533
530
528
526
525
524
523
523
522
523
523
523
519
519
521
525
525
520
520
519
520
518
518
518
517
517
517
519
517
517
517
517
517
518
518
518
518
517
518
517
518
518
518
518
518
518
518
518
518
518
518
518
518
519
428
428
428
435
441
444
444
446
450
452
452
454
456
456
457
457
458
458
460
460
460
460
462
462
462
463
463
463
464
464
465
465
465
465
465
466
466
466
466
470
470
466
466
465
466
465
466
466
466
465
465
465
465
465
465
465
464
465
465
465
465
463
460
453
561
567
561
552
547
544
536
534
534
533
531
529
527
526
525
524
522
522
522
522
521
520
520
520
522
522
520
520
520
520
523
523
523
519
518
518
518
518
518
518
518
518
518
518
518
517
517
517
517
512
512
518
518
518
518
518
515
515
517
517
517
518
518
518
428
428
431
435
438
441
444
447
449
450
452
452
455
459
455
457
457
458
458
459
460
460
460
461
462
463
463
463
464
464
464
465
465
465
465
465
465
465
465
465
465
465
465
465
465
465
465
465
465
465
465
463
465
464
465
464
464
464
464
465
464
464
464
447
555
555
554
552
546
545
544
540
535
533
531
530
529
527
526
525
523
523
524
524
523
522
522
522
521
521
521
520
521
520
520
519
519
519
519
519
519
519
519
519
518
518
518
518
518
518
517
518
518
518
518
518
518
518
518
517
518
518
518
518
518
518
518
518
428
428
429
433
435
439
441
445
447
449
454
454
454
454
455
456
457
457
457
459
459
459
460
461
461
462
462
465
464
464
464
464
464
465
466
465
466
465
466
466
466
467
467
467
466
466
466
466
471
471
466
466
466
466
466
465
465
462
461
459
445
430
430
465
