1 476
2 481
3 481
4 481
5 478
6 479
7 478
8 479
9 485
10 485
11 479
12 479
13 484
14 485
15 485
16 481
17 479
18 481
19 478
20 484
21 485
22 485
23 484
24 481
25 479
26 478
27 477
28 477
29 482
30 482
31 485
32 485
33 481
34 481
35 481
36 482
37 481
38 478
39 478
40 479
41 479
42 479
43 477
44 484
45 480
46 480
47 480
48 484
49 484
50 478
51 478
52 478
53 483
54 483
55 483
56 485
57 479
58 479
59 475
60 475
61 476
62 483
63 483
64 480
1 540
2 540
3 535
4 535
5 535
6 535
7 534
8 534
9 534
10 534
11 534
12 534
13 533
14 533
15 532
16 532
17 532
18 532
19 531
20 531
21 529
22 529
23 529
24 530
25 530
26 529
27 529
28 528
29 529
30 529
31 529
32 530
33 530
34 529
35 529
36 529
37 529
38 528
39 529
40 529
41 529
42 529
43 529
44 529
45 526
46 526
47 526
48 527
49 527
50 528
51 528
52 528
53 528
54 528
55 528
56 528
57 528
58 528
59 527
60 527
61 528
62 529
63 529
64 529
1 416
2 416
3 416
4 417
5 418
6 421
7 422
8 422
9 425
10 425
11 425
12 427
13 427
14 428
15 432
16 447
17 432
18 434
19 431
20 434
21 435
22 436
23 437
24 437
25 437
26 439
27 441
28 442
29 442
30 442
31 441
32 441
33 441
34 443
35 443
36 443
37 442
38 444
39 445
40 445
41 445
42 445
43 446
44 447
45 447
46 447
47 444
48 448
49 446
50 446
51 446
52 446
53 448
54 448
55 448
56 450
57 450
58 450
59 450
60 450
61 450
62 451
63 452
64 452
