480
480
480
480
481
481
480
480
480
480
480
480
480
480
480
480
480
480
480
480
480
480
480
480
480
480
480
480
480
480
480
480
480
480
480
480
480
475
480
480
480
486
486
481
480
480
480
480
480
480
480
480
480
480
480
480
480
480
480
480
480
480
480
480
515
515
513
513
513
512
512
512
512
512
512
511
511
511
511
511
511
511
510
511
511
511
511
511
511
510
510
510
511
511
510
510
510
510
510
510
510
510
510
510
510
510
510
510
510
510
510
510
510
510
510
510
510
510
510
499
510
510
510
509
509
509
509
509
457
457
463
463
463
463
466
467
468
468
469
469
470
471
471
471
471
471
471
471
473
473
473
473
474
474
474
474
474
474
475
474
475
474
474
474
475
475
494
476
476
475
475
475
475
475
475
475
475
475
475
475
475
475
475
476
475
475
475
475
475
476
476
476
526
526
525
522
513
521
520
520
511
511
518
518
518
517
517
516
516
516
515
515
515
514
514
514
514
514
513
514
513
513
512
512
512
512
512
512
512
511
511
512
512
511
511
511
511
510
511
510
510
510
510
510
510
510
510
510
510
517
517
510
510
509
509
510
461
461
463
464
464
465
467
468
468
470
470
470
471
471
471
471
472
472
472
473
473
473
474
474
474
474
474
474
474
474
474
475
475
475
475
475
475
475
475
475
475
475
475
475
475
494
476
486
476
476
476
476
476
476
476
476
476
476
476
476
476
476
477
476
525
525
524
523
521
521
521
520
520
520
519
518
518
517
516
516
516
516
516
515
515
515
515
514
514
514
514
515
513
513
513
513
512
513
512
512
512
512
512
512
511
511
511
511
511
511
511
511
511
511
511
510
510
510
511
510
510
510
510
510
510
510
510
510
473
463
463
463
464
466
467
468
469
469
469
469
469
471
471
472
472
472
472
472
472
473
473
473
473
473
474
474
474
474
474
474
474
475
475
475
475
475
475
475
475
475
475
475
476
475
475
475
475
475
475
476
476
479
476
479
476
476
476
465
476
476
476
476
495
525
524
524
523
522
521
521
520
519
519
518
518
510
510
517
517
516
516
516
515
515
515
515
514
514
514
513
513
513
513
513
512
512
512
512
512
512
512
510
510
511
511
511
511
511
510
511
510
515
510
510
510
511
511
510
510
510
512
512
510
510
510
510
461
461
464
465
464
465
468
468
468
469
469
470
470
471
471
472
472
472
472
473
476
473
474
473
474
474
474
474
474
474
474
475
475
475
475
475
476
476
476
476
475
475
475
475
476
475
476
475
476
476
476
476
476
476
476
476
476
476
476
476
476
476
476
476
526
526
524
522
522
524
524
520
519
519
518
518
518
517
517
516
516
516
515
515
515
515
514
514
514
514
514
513
513
513
513
513
512
512
512
512
512
512
512
512
512
511
511
511
510
511
511
511
511
511
511
511
511
511
511
511
511
511
510
510
510
510
510
510
461
461
462
464
464
467
468
468
468
469
469
470
470
470
471
471
471
471
471
472
473
473
473
473
473
474
474
474
471
474
474
474
475
475
475
475
475
475
475
476
476
475
475
475
476
476
476
476
476
476
476
476
474
474
476
476
476
476
476
476
476
476
476
475
518
518
514
513
512
511
510
510
510
509
509
509
509
509
509
508
508
508
508
508
508
508
508
508
508
508
508
508
508
508
507
508
507
507
507
507
508
508
509
508
508
507
507
507
507
507
507
507
507
505
507
507
507
507
507
507
507
507
507
507
507
507
507
507
465
465
466
468
470
470
471
472
473
473
473
473
473
474
474
474
475
475
475
475
475
475
476
475
470
466
466
476
476
475
475
476
476
476
476
476
476
476
476
476
476
476
476
476
476
476
477
477
477
477
477
477
477
477
477
477
477
477
477
478
478
480
480
478
525
525
522
521
520
519
518
518
518
516
516
515
515
515
514
513
513
513
513
518
518
512
512
512
511
511
511
510
510
510
510
510
510
509
509
509
510
510
510
509
509
508
508
509
509
509
508
508
508
508
508
506
506
508
508
508
508
508
508
508
507
505
505
508
465
465
467
469
470
470
470
471
472
472
473
473
473
474
474
474
474
474
474
474
475
475
475
475
475
475
475
476
476
476
476
476
477
477
476
476
476
475
475
475
477
477
477
477
477
477
477
477
477
477
477
477
477
477
477
477
477
477
477
477
477
477
477
477
522
522
521
520
519
519
519
517
517
517
517
516
515
515
514
514
514
514
513
513
513
513
513
512
512
512
511
511
508
511
510
510
510
505
505
509
509
509
509
509
509
509
509
509
508
508
509
509
508
508
508
508
508
507
507
507
508
508
508
508
508
508
508
508
465
465
467
468
470
471
471
468
468
472
473
473
473
474
474
474
474
475
475
475
475
475
478
476
476
476
475
476
475
476
476
476
476
476
476
476
476
476
476
477
477
477
477
477
477
477
475
477
475
477
470
477
477
477
477
478
477
481
477
477
477
478
478
478
523
523
522
520
520
520
519
521
518
517
516
516
515
515
515
514
514
513
513
513
513
512
512
512
512
512
511
511
511
511
510
510
510
510
510
510
509
509
509
509
509
509
509
508
494
494
508
508
508
508
508
508
508
507
508
507
511
507
508
507
507
507
507
507
466
466
467
468
469
470
471
475
472
472
472
473
473
473
474
474
475
475
475
475
475
475
475
475
476
476
476
476
473
473
476
476
476
476
476
476
476
476
476
476
477
477
477
477
477
477
477
477
477
477
477
477
477
477
477
478
478
478
478
478
478
478
478
478
523
523
521
521
520
519
518
518
517
517
517
516
515
515
515
515
514
514
513
512
512
512
510
512
511
511
511
510
510
510
510
510
510
510
509
510
521
521
514
509
509
508
509
508
508
508
508
508
508
508
508
508
508
508
508
507
508
507
507
507
507
507
507
507
464
464
468
469
469
470
471
472
472
472
472
473
474
474
474
474
474
475
475
475
475
475
475
475
475
475
475
476
476
476
476
476
476
476
476
476
477
477
476
476
477
478
479
479
479
477
477
477
477
477
477
478
477
477
477
477
478
478
478
478
478
477
477
478
519
520
519
514
513
512
511
510
510
509
508
508
508
507
507
507
508
507
507
507
507
507
507
511
507
507
507
506
506
506
506
506
506
507
507
507
507
506
506
507
515
515
507
507
507
506
506
506
506
506
506
506
507
507
507
507
507
507
507
507
507
507
507
506
466
466
468
468
470
471
473
474
474
474
475
475
476
476
476
477
477
477
477
477
478
478
479
479
479
479
479
479
478
478
478
479
479
479
479
479
479
479
479
480
480
481
481
481
480
480
473
480
481
482
482
482
481
480
480
480
481
481
481
481
481
481
481
481
516
516
515
514
514
514
513
512
511
511
511
510
509
509
510
510
510
510
509
508
508
508
508
508
507
507
506
506
506
506
506
507
506
506
506
505
505
505
505
505
505
506
506
506
505
505
505
505
505
505
505
505
505
505
505
505
505
505
505
505
505
505
506
506
468
468
470
470
471
472
472
473
473
474
475
475
475
475
476
476
477
477
477
477
477
478
478
478
478
479
479
479
479
479
479
484
480
480
480
480
480
480
481
480
480
480
482
482
481
481
481
481
481
481
481
481
481
481
481
482
487
487
483
483
483
482
481
481
515
515
515
514
514
513
513
513
511
510
509
508
508
508
508
507
507
507
506
504
503
503
508
510
508
504
504
504
504
502
501
501
504
504
503
503
501
501
501
501
502
502
502
503
502
503
502
500
500
502
502
502
502
501
501
500
500
500
501
501
501
503
503
512
479
479
479
476
473
473
475
477
480
482
482
482
482
480
478
478
480
482
483
483
482
482
481
481
481
481
484
484
484
484
484
483
481
481
482
482
484
483
483
482
482
482
482
483
484
485
484
484
484
483
483
483
484
485
485
485
485
483
483
493
494
494
485
485
519
519
512
512
511
509
508
508
512
512
507
507
507
506
505
504
504
505
505
505
504
504
504
503
503
502
503
503
503
503
503
503
501
501
501
502
502
502
502
502
502
501
501
501
501
501
502
502
502
501
501
501
501
501
501
502
502
502
501
501
501
501
505
502
471
471
473
474
475
476
476
476
476
477
477
478
479
479
479
479
479
480
480
480
480
480
481
481
481
481
481
482
482
482
482
482
482
482
482
482
482
482
482
482
482
482
482
483
483
483
483
483
483
483
483
483
483
483
483
483
483
484
484
484
483
484
484
484
515
515
515
515
512
511
511
511
510
509
509
509
509
507
496
506
506
506
504
504
505
505
505
504
504
504
504
504
504
503
503
503
503
503
502
502
502
502
502
502
502
503
503
502
502
502
502
503
502
503
503
503
502
502
502
503
503
502
502
502
503
503
503
503
483
470
471
471
472
474
474
475
469
475
476
478
478
478
478
478
478
478
479
479
479
480
480
480
480
480
480
480
480
480
480
481
481
480
480
482
482
481
481
480
482
481
481
481
482
482
482
482
482
483
482
482
482
483
483
483
482
483
482
483
483
483
483
483
511
511
508
507
505
505
503
503
503
503
502
502
502
502
502
502
502
502
502
503
503
503
503
503
503
503
503
503
503
504
504
504
504
504
504
504
504
505
505
504
504
504
505
505
505
505
505
505
505
506
506
505
505
505
505
505
505
505
505
505
505
505
504
505
467
467
468
470
471
474
475
475
476
477
477
478
478
479
480
481
481
481
481
482
482
482
482
482
483
483
483
483
483
483
483
483
483
477
484
471
483
482
483
483
485
483
485
483
483
483
483
483
483
483
483
483
483
483
483
483
483
483
483
483
483
483
483
483
516
516
514
513
509
509
508
508
507
506
505
504
503
503
503
502
502
501
499
499
500
501
501
501
501
501
501
501
501
503
503
501
501
502
502
501
501
501
500
500
501
501
502
502
502
501
501
501
499
501
501
501
501
501
502
502
501
501
501
501
502
502
502
502
466
466
469
471
472
474
474
476
476
476
478
479
480
480
481
481
481
481
482
482
482
482
483
483
483
484
484
484
483
483
484
485
486
485
484
484
484
484
485
485
485
485
485
484
484
484
484
484
484
484
484
485
484
485
485
485
485
484
484
484
484
484
484
484
515
515
513
511
510
508
508
506
505
504
503
502
502
502
505
502
501
500
500
500
500
499
499
499
499
499
498
499
499
499
498
498
498
499
499
502
499
499
499
499
499
499
499
499
499
499
499
500
500
499
499
499
499
499
499
499
500
500
500
500
499
499
499
500
468
468
470
473
474
475
477
477
478
479
479
480
481
481
481
481
482
483
483
483
484
484
484
484
484
484
484
484
484
484
485
485
485
485
485
485
485
485
485
486
485
486
485
485
485
485
485
485
485
484
484
485
485
485
485
485
485
488
485
485
485
485
485
485
514
514
512
510
508
508
514
514
504
504
504
502
502
502
501
501
500
499
499
499
499
499
499
499
499
499
499
499
499
499
499
498
498
498
498
498
498
498
498
498
498
498
498
498
498
498
499
498
498
498
498
498
498
498
498
499
499
499
499
499
499
499
499
499
469
469
471
473
473
474
476
478
479
481
481
482
482
482
482
483
483
483
483
483
484
485
485
485
485
485
485
485
485
485
485
485
485
485
485
485
486
485
486
485
486
486
486
486
486
486
486
485
485
486
486
486
486
486
486
485
485
486
486
486
486
485
486
485
486
511
511
510
508
508
506
505
503
502
502
501
500
500
500
500
499
499
499
499
499
499
499
499
498
498
498
498
498
497
498
498
498
498
497
497
498
498
498
498
497
498
498
498
498
498
498
498
498
498
498
498
498
498
498
498
498
498
498
498
498
498
498
498
470
470
472
474
474
477
481
481
481
481
481
482
482
483
483
483
483
484
484
484
484
484
485
485
485
485
485
485
489
485
486
485
485
485
485
486
485
486
486
488
488
486
486
486
486
486
486
486
486
486
487
486
486
486
485
486
486
487
486
486
485
485
485
485
