469
479
480
480
481
481
481
481
481
481
481
481
481
481
481
481
481
481
481
481
481
481
481
481
481
481
481
482
481
481
481
481
481
481
480
481
481
481
481
481
481
481
481
480
481
480
480
480
481
481
480
480
480
481
480
481
481
481
482
481
481
481
481
481
528
528
527
527
527
526
526
526
526
526
526
526
526
526
526
526
526
526
525
525
525
525
525
525
525
525
525
525
524
524
525
525
525
525
525
525
525
525
525
525
525
525
525
525
525
525
525
525
525
525
524
524
524
524
524
524
524
524
525
524
525
524
524
524
449
449
451
453
454
455
457
457
458
459
463
463
461
461
461
462
462
463
463
463
463
463
464
464
464
464
464
464
465
465
465
465
465
465
465
465
465
465
465
466
466
466
466
466
466
466
466
466
466
466
466
467
467
467
467
459
459
467
467
467
467
467
467
467
504
537
537
535
535
534
533
533
532
531
531
531
530
530
530
530
529
529
529
528
527
528
527
528
527
527
527
526
526
526
526
526
526
526
525
525
525
525
524
524
525
525
525
524
524
524
524
524
524
524
524
524
524
524
524
524
526
526
524
524
523
523
523
524
451
451
453
456
457
456
457
458
459
460
460
461
461
461
462
463
463
463
463
464
483
464
464
464
464
464
464
465
465
465
465
465
465
465
465
465
465
465
465
465
465
466
466
466
466
466
466
466
466
466
466
466
466
466
466
466
466
466
466
466
466
466
466
466
540
540
539
538
537
537
536
534
534
533
533
532
532
531
531
531
531
530
529
529
529
528
528
528
528
528
528
528
528
528
527
527
527
527
526
526
526
523
526
525
526
526
526
525
525
525
525
525
525
525
525
525
524
525
524
524
524
524
524
523
522
523
523
524
451
451
453
455
456
457
458
459
459
459
460
464
462
463
463
463
463
463
464
464
464
464
464
465
465
465
465
466
466
466
466
466
466
466
466
467
467
467
466
467
467
468
467
468
467
468
468
468
468
468
468
468
468
468
468
468
468
468
468
468
468
468
468
468
537
537
536
536
533
532
531
531
531
531
530
530
530
529
529
529
529
528
528
528
528
527
527
527
527
527
527
526
526
526
526
526
526
525
525
525
525
525
525
525
525
525
525
525
521
521
524
524
524
524
524
524
524
524
524
524
525
524
524
524
524
524
525
525
450
450
452
455
456
456
457
458
459
459
460
461
461
461
461
461
462
462
463
462
463
462
463
463
463
463
464
464
464
464
464
464
464
464
464
464
464
464
464
464
464
464
465
465
465
465
465
464
465
465
465
465
465
465
465
465
465
465
465
465
465
465
465
465
542
542
541
540
538
537
508
536
536
536
534
534
534
534
533
533
533
532
532
531
531
531
530
530
530
530
529
529
529
529
528
528
528
528
528
528
527
527
527
527
527
527
527
527
526
526
526
526
529
544
529
526
526
525
525
525
525
525
525
524
524
525
525
524
448
448
452
454
455
456
457
458
459
459
459
460
461
462
462
462
463
463
463
464
464
464
466
466
465
465
465
466
466
466
466
466
466
466
466
466
467
467
467
467
467
467
467
467
468
468
468
468
468
468
457
468
468
468
468
468
469
469
469
469
468
468
468
468
528
528
526
526
525
530
526
526
523
523
524
524
524
524
524
524
523
523
523
523
523
523
522
521
521
521
521
520
520
520
520
519
519
519
519
519
518
519
519
519
520
520
520
521
521
522
522
522
522
522
522
522
522
521
521
521
521
520
520
519
519
519
519
519
458
458
462
463
462
463
464
464
464
465
465
465
465
465
465
465
465
465
465
466
466
466
466
466
467
467
468
468
468
468
469
469
469
469
469
469
469
469
469
469
469
469
468
468
468
468
468
467
468
467
468
468
468
468
469
478
469
469
469
469
469
469
470
470
534
534
534
532
531
530
530
529
529
528
528
528
528
527
527
527
527
538
538
538
525
525
524
524
524
522
522
522
521
521
520
520
520
519
519
519
519
524
519
519
519
519
520
520
520
520
520
521
521
521
521
521
521
521
520
520
520
520
520
520
519
517
518
518
459
459
461
463
464
464
465
466
466
466
466
486
486
466
466
466
466
466
466
469
470
469
467
467
465
468
468
468
469
469
469
469
470
470
470
470
471
470
470
470
470
470
470
470
470
470
473
471
471
471
470
470
469
469
475
475
469
469
469
470
470
470
471
471
510
534
529
529
491
491
511
526
529
529
525
525
525
525
526
501
526
527
527
526
526
525
524
524
524
523
523
522
522
522
522
521
520
519
519
518
518
517
517
516
517
517
517
517
517
518
518
520
520
520
521
521
521
521
521
524
521
521
521
521
520
520
519
519
457
457
460
462
463
464
465
466
466
466
467
467
467
462
461
461
466
466
466
466
466
466
466
466
466
466
466
466
466
466
466
466
468
469
469
470
470
471
471
471
471
471
471
471
471
471
470
470
470
470
469
470
469
469
469
469
469
469
469
469
469
469
469
470
537
537
533
532
531
530
530
529
528
527
526
526
525
525
527
527
525
525
525
525
524
524
523
522
522
522
522
522
522
522
521
521
521
520
520
520
520
519
519
519
519
519
519
518
518
518
518
518
519
519
519
519
518
518
518
518
518
518
518
518
518
518
518
519
456
456
458
460
461
463
464
464
464
465
465
465
465
466
466
467
467
467
467
468
468
468
469
469
469
469
469
468
468
468
468
471
468
469
469
469
469
470
470
470
470
469
470
470
471
470
470
470
470
470
471
470
471
471
471
471
471
471
471
471
471
471
471
471
533
533
533
532
532
531
529
529
528
528
527
526
526
526
525
524
524
523
522
522
522
522
521
521
521
520
520
520
520
519
519
519
518
519
519
519
518
518
518
514
511
511
518
518
518
517
517
517
517
517
517
517
517
517
517
517
516
516
516
517
517
516
516
517
457
457
459
461
462
463
463
463
464
466
466
466
466
466
467
467
468
468
468
469
469
469
469
469
469
469
469
469
469
469
469
469
470
470
470
470
470
471
471
471
471
437
437
471
471
471
471
471
471
471
472
472
472
472
473
473
473
473
473
473
473
473
473
473
527
527
525
521
520
520
519
518
517
517
517
517
517
516
516
515
515
515
515
515
515
515
515
514
515
515
515
515
515
514
513
514
513
515
514
514
514
513
514
520
528
520
513
513
513
513
513
513
513
513
513
512
512
512
512
512
512
512
513
513
511
511
510
511
480
465
465
465
467
469
470
470
468
467
467
471
472
474
474
474
472
472
473
474
474
475
476
476
483
475
474
474
476
477
476
476
475
474
474
474
474
476
476
476
476
475
474
474
475
476
477
477
477
476
476
475
476
477
477
477
477
475
475
475
475
476
477
477
529
529
529
526
526
522
522
522
524
521
521
519
517
517
517
515
515
514
514
515
515
514
512
511
511
512
514
514
513
513
513
511
511
511
512
512
512
512
511
511
511
511
512
512
512
511
511
511
510
510
482
482
512
512
512
514
514
511
511
512
512
512
512
511
469
459
459
460
461
464
467
467
467
468
468
468
468
469
468
472
472
472
471
471
471
471
472
473
474
474
473
473
473
473
477
474
477
475
475
474
474
474
474
475
476
476
476
476
475
475
474
475
476
476
476
476
476
476
476
477
478
478
478
478
477
476
476
476
529
529
528
528
527
526
525
524
522
522
520
519
519
519
517
515
515
515
514
514
514
514
514
514
512
512
512
512
512
512
512
512
512
511
503
511
511
512
512
511
511
510
510
510
511
511
511
511
511
511
511
517
517
511
511
511
511
511
511
510
510
511
511
511
455
455
458
460
461
462
462
464
465
465
467
467
468
468
468
469
469
470
471
471
471
471
471
472
472
472
473
473
473
473
473
473
473
473
474
474
475
475
475
474
474
475
475
476
476
475
475
475
475
475
476
476
476
476
476
476
476
477
477
477
477
477
477
477
532
532
529
528
527
525
524
524
523
521
520
519
518
518
518
517
516
515
514
514
514
514
513
513
512
512
512
512
511
511
511
511
511
511
510
496
496
510
510
510
510
510
510
510
509
509
509
510
510
510
510
509
508
508
509
509
509
509
509
509
509
509
509
509
455
455
457
459
460
462
463
463
464
465
467
467
468
469
469
469
469
469
469
470
471
472
472
472
472
472
473
473
473
473
473
473
473
474
474
474
474
474
475
475
475
475
475
476
476
476
476
476
476
476
476
476
476
477
477
477
477
477
477
477
477
478
478
478
530
530
529
529
525
525
524
523
522
521
520
519
518
517
516
516
516
515
515
515
514
513
513
512
512
511
511
511
511
511
510
511
510
510
510
510
509
509
509
509
509
509
509
509
509
509
508
508
508
508
508
514
508
509
508
508
508
508
508
508
507
507
508
508
465
457
459
457
459
440
462
463
465
465
466
468
468
468
468
469
469
470
470
471
471
471
472
472
472
473
473
473
473
473
473
476
476
474
474
474
474
474
475
475
475
475
476
476
476
476
476
477
477
477
476
477
477
477
477
477
477
477
477
478
478
478
481
481
518
523
523
515
509
509
510
510
508
508
508
508
507
507
507
507
507
506
506
507
507
507
507
507
507
507
507
507
507
507
507
507
507
507
507
507
507
507
507
507
508
508
508
507
507
507
508
508
508
508
508
507
507
507
508
508
508
508
508
508
508
507
507
508
454
454
458
460
464
466
466
469
470
472
472
474
474
476
476
476
477
477
478
477
477
477
479
479
479
479
479
479
479
479
479
477
479
479
479
479
479
479
479
479
479
479
479
479
479
479
479
479
479
479
480
479
479
479
479
479
479
479
479
479
479
479
479
479
526
526
524
521
517
515
514
512
512
510
508
508
508
508
507
507
507
506
506
505
505
505
505
505
505
504
504
505
505
505
505
505
505
505
505
505
504
505
505
505
505
505
505
505
505
505
505
505
505
505
505
505
506
505
505
505
505
505
501
506
506
506
506
505
457
457
461
463
466
468
470
471
472
474
476
476
476
476
476
478
478
479
479
479
479
479
479
479
480
481
480
481
481
481
480
479
480
479
480
480
480
480
480
480
480
480
480
480
480
480
480
480
480
480
480
480
479
479
479
479
480
480
480
480
480
483
483
480
510
520
520
519
517
515
515
514
509
509
509
508
507
505
505
505
505
505
505
505
505
504
505
504
504
504
502
502
495
502
504
504
504
504
504
504
504
504
504
513
513
504
504
504
504
504
504
504
504
504
504
505
504
505
504
505
505
505
505
505
504
504
504
505
458
458
461
464
466
469
470
472
473
474
475
476
477
477
478
478
479
479
479
479
479
479
479
479
480
480
480
480
481
481
481
480
480
480
480
481
481
481
481
481
481
481
481
481
481
480
480
480
480
480
480
481
481
481
481
481
481
480
480
480
480
480
479
479
524
524
522
519
517
513
513
513
510
508
508
508
507
507
505
505
506
506
504
504
504
504
504
504
504
507
507
505
504
503
504
503
504
503
503
503
503
504
504
504
507
506
506
504
504
504
504
504
504
504
504
504
504
504
504
504
504
504
504
505
504
505
504
505
458
458
461
465
466
469
469
473
473
474
475
476
476
478
478
478
479
478
479
479
479
479
480
480
480
480
480
480
480
480
480
481
481
481
481
481
481
481
481
481
481
481
481
481
481
481
481
481
481
481
481
481
481
480
480
480
481
481
480
480
480
480
480
480
524
524
521
519
516
515
512
512
509
509
508
507
506
507
506
506
505
504
504
505
505
504
504
504
504
504
504
504
503
503
503
504
504
504
504
504
503
503
503
505
504
504
504
504
504
504
505
505
504
504
504
504
504
504
503
495
503
505
511
515
511
504
504
504
458
458
461
464
466
469
471
473
474
475
477
477
477
478
479
479
479
479
479
479
479
479
480
480
480
480
480
480
481
482
482
477
477
480
481
482
482
481
481
481
481
481
481
481
481
481
481
481
481
483
481
481
481
481
481
480
481
481
481
481
481
480
480
480
