411
416
417
419
420
420
421
421
421
420
422
423
423
423
424
424
425
425
425
426
426
426
427
426
426
426
426
427
427
427
427
427
427
428
428
428
429
429
429
429
429
428
429
429
429
429
429
429
429
430
429
430
432
432
430
430
430
430
430
430
430
431
433
432
576
576
574
572
570
568
568
567
565
564
563
562
561
560
560
560
560
558
558
556
556
556
556
555
554
554
553
552
552
552
552
551
550
550
550
549
549
549
549
549
549
549
548
548
551
551
548
548
548
547
546
547
547
547
547
546
546
546
546
546
546
545
545
545
397
397
399
404
404
404
403
403
407
409
411
411
411
412
413
413
414
414
415
416
417
418
418
418
419
419
419
420
420
420
422
422
421
421
422
422
422
422
423
424
424
424
425
427
427
426
426
426
427
427
427
427
427
428
428
428
428
429
429
429
429
429
429
429
576
581
576
572
571
568
567
566
565
564
564
563
562
560
560
560
559
559
558
557
556
556
555
555
554
554
553
553
553
552
552
551
551
551
550
551
550
549
549
549
548
548
548
548
548
548
548
548
548
546
546
546
546
546
546
546
546
546
546
545
545
545
546
546
397
397
398
401
402
404
405
405
406
408
409
409
409
411
413
414
414
414
414
414
415
415
417
419
419
421
421
421
421
419
421
420
422
422
422
422
422
424
424
424
424
426
426
426
428
425
425
425
425
426
426
426
427
427
427
427
427
427
428
429
429
429
429
429
576
576
574
571
570
569
567
565
564
564
563
562
562
561
561
560
559
559
558
557
556
556
555
555
555
555
553
553
553
553
552
551
551
551
551
550
550
549
549
549
549
549
549
549
549
548
548
547
547
547
547
547
547
547
546
546
546
547
546
546
546
546
545
545
396
396
399
400
401
403
405
405
406
407
407
409
410
410
411
412
412
413
414
415
416
416
416
417
417
418
418
419
419
419
420
420
421
421
421
421
422
422
422
423
423
423
424
424
425
424
425
425
425
425
425
422
426
427
427
427
428
428
428
428
428
428
429
429
573
573
573
572
570
569
567
567
564
564
564
563
562
560
560
560
559
558
558
558
556
556
556
554
554
554
554
553
552
552
552
552
552
551
551
551
551
550
550
550
549
549
549
549
549
548
548
548
547
548
547
547
547
546
546
547
547
547
547
546
545
545
545
545
396
396
398
399
400
403
403
405
405
407
408
408
409
411
411
411
412
412
413
414
415
415
416
417
417
417
417
417
418
419
419
420
420
420
422
422
422
422
422
422
423
423
424
424
424
425
425
425
425
425
425
425
426
426
426
427
427
427
427
428
428
428
428
428
576
576
573
571
570
569
569
568
566
564
564
563
562
562
561
560
560
560
559
558
558
558
556
555
555
554
554
553
553
552
552
552
552
551
551
551
550
550
550
550
550
548
548
548
549
549
549
547
548
547
547
546
547
547
547
547
546
546
546
546
546
545
545
545
395
395
397
400
401
403
403
404
405
405
406
407
407
409
410
411
411
413
413
413
413
414
414
416
416
417
418
419
419
419
419
419
420
420
420
422
422
422
422
422
423
423
423
424
424
424
425
425
425
426
426
426
427
430
430
427
427
428
428
428
428
428
428
428
560
560
555
552
548
548
548
546
544
543
542
542
541
541
540
540
540
540
539
539
538
538
538
538
538
537
537
537
537
537
537
537
537
535
535
535
536
536
536
536
536
535
535
535
535
535
535
535
534
534
534
534
534
534
534
534
534
534
534
534
534
534
533
533
399
399
401
405
407
410
411
411
413
414
416
419
419
421
421
422
423
425
425
425
428
429
429
429
429
430
430
431
432
432
433
433
433
434
434
435
437
437
436
436
437
437
438
438
438
439
439
438
438
439
439
439
439
439
439
440
440
441
441
441
442
442
442
442
572
572
568
565
563
561
559
557
556
554
553
553
552
549
549
548
548
547
546
546
546
546
544
543
543
542
542
541
541
540
539
539
539
539
539
538
538
538
537
537
537
537
537
537
537
536
536
536
535
535
535
535
535
535
535
534
534
534
534
534
534
533
534
534
399
399
401
404
407
410
411
412
414
416
417
417
418
421
421
422
423
425
426
426
426
429
429
429
429
430
431
431
432
433
434
434
434
435
435
435
436
436
436
438
438
438
438
438
439
440
440
440
440
440
440
440
441
441
442
442
442
442
442
442
443
442
443
443
572
572
568
565
561
560
557
556
555
554
552
550
550
549
547
547
546
546
546
544
544
543
543
542
542
542
541
540
540
540
540
539
538
538
537
538
538
538
537
537
536
536
536
534
536
535
535
535
535
535
535
533
532
532
532
533
533
533
534
533
533
533
509
509
410
404
404
404
406
409
410
412
414
415
416
418
419
420
420
421
423
423
425
426
426
427
428
429
429
429
431
431
431
431
432
434
434
434
434
435
435
436
436
437
438
438
438
438
438
439
439
439
440
440
440
440
441
441
441
441
441
441
441
442
443
443
443
443
574
574
571
568
562
561
561
561
557
556
554
554
551
550
550
548
547
547
547
546
545
545
544
543
542
542
542
541
540
540
540
539
539
538
538
538
538
537
537
536
536
535
535
535
535
535
534
534
534
534
534
534
533
533
533
533
533
533
533
532
532
532
532
532
396
396
401
403
406
409
410
411
412
414
415
416
416
418
420
421
421
422
424
425
426
426
428
428
428
429
429
430
431
431
433
433
434
434
435
435
435
435
435
436
437
438
438
438
439
439
439
439
439
440
443
441
442
442
442
442
441
442
442
442
443
443
444
444
573
573
570
567
567
564
560
559
557
556
555
553
552
551
550
550
549
547
546
546
545
544
543
542
542
542
542
540
540
540
540
539
538
538
538
538
538
536
536
536
535
535
535
535
534
534
534
534
533
533
533
533
533
533
533
531
531
531
531
532
532
531
531
532
397
397
400
404
406
409
410
410
412
412
414
416
416
418
420
422
422
422
424
424
427
427
427
428
429
430
431
431
431
432
433
433
434
434
434
435
436
436
436
437
438
438
438
439
439
439
440
441
442
442
442
442
442
443
447
443
443
443
443
443
443
444
444
444
557
557
551
547
544
541
539
536
536
534
533
532
532
531
530
530
530
530
530
530
528
528
529
529
528
528
528
528
528
528
528
528
528
527
527
528
528
527
526
527
527
527
527
527
527
527
527
526
526
525
526
526
526
526
528
528
526
526
526
526
526
526
525
525
405
405
408
413
416
420
421
422
423
426
426
428
430
430
431
434
434
434
435
438
438
438
438
439
440
441
442
442
442
443
443
443
445
446
446
445
445
445
446
445
447
445
447
447
447
447
447
447
447
448
448
448
448
447
449
448
449
449
449
449
450
450
450
449
567
567
561
557
553
551
548
548
544
542
541
540
537
536
536
536
534
533
532
532
532
530
529
529
529
529
529
528
528
528
527
527
527
527
526
526
526
525
525
525
525
525
525
525
525
525
525
525
524
524
523
524
523
523
523
523
522
522
523
523
523
524
524
523
410
410
413
416
421
422
426
427
429
430
432
433
434
435
437
440
440
440
440
441
442
442
443
445
445
444
444
445
446
446
447
447
447
447
447
448
448
448
448
448
449
449
449
450
451
451
451
451
451
451
451
452
452
451
451
451
451
451
451
451
452
452
452
452
559
559
553
549
543
541
541
540
539
536
535
535
532
532
530
530
529
528
528
528
527
527
526
526
524
524
524
524
523
523
522
522
522
522
522
522
521
521
520
520
520
520
520
520
520
519
519
519
519
519
519
519
519
520
520
519
519
519
519
519
519
519
518
519
410
410
414
417
421
423
426
427
429
430
432
433
434
435
438
439
439
439
440
442
443
443
443
443
445
445
445
446
446
447
447
447
447
448
448
449
449
449
450
450
450
450
450
451
451
451
451
451
451
451
451
451
451
452
452
452
451
452
452
454
455
455
454
453
563
563
559
554
550
546
544
541
541
539
538
535
533
532
532
531
531
530
529
529
528
527
526
526
526
525
524
524
524
523
523
523
522
522
522
522
521
521
521
521
521
521
521
521
520
520
520
520
520
520
520
520
521
520
519
519
519
519
519
520
519
519
519
518
409
409
415
418
420
422
426
428
429
430
431
434
434
436
438
438
438
439
439
441
442
443
443
445
446
445
446
446
447
447
447
446
446
448
448
449
448
449
448
450
450
451
451
451
451
452
452
451
451
452
452
452
452
452
452
452
451
451
451
452
452
453
453
453
562
562
556
553
549
547
543
541
539
537
536
535
532
532
532
531
530
528
528
527
527
525
525
525
524
524
524
524
523
523
522
522
522
521
521
521
520
520
520
519
519
519
519
519
519
519
520
520
519
519
517
519
518
518
518
518
518
518
518
518
518
518
518
518
412
412
416
423
424
424
425
428
429
429
433
434
436
436
438
438
438
439
440
440
443
443
443
444
443
444
448
450
450
448
448
448
450
449
449
449
449
450
453
451
451
451
451
451
451
451
451
452
453
453
452
452
452
452
452
452
452
452
452
452
452
452
452
452
539
539
531
530
523
522
520
519
519
518
518
517
516
516
516
516
516
515
515
515
515
515
515
515
515
514
515
515
516
515
515
515
515
515
515
515
515
515
515
515
515
515
514
514
514
515
516
516
516
515
516
516
516
514
514
514
514
514
514
513
514
514
515
515
426
426
430
433
437
437
439
443
443
445
446
447
448
449
449
450
450
450
451
452
453
453
453
455
455
455
453
454
454
454
455
455
455
456
456
456
457
457
457
457
456
456
456
456
457
457
457
457
457
457
457
457
457
456
456
457
459
459
458
458
459
459
459
459
548
548
544
542
533
530
528
526
524
523
521
521
520
520
519
519
518
517
517
517
517
516
516
516
516
516
515
515
515
515
514
514
514
515
514
515
515
515
514
514
514
514
514
514
514
514
513
514
514
514
515
515
515
514
515
514
514
514
514
514
515
515
516
515
421
421
427
431
433
436
437
440
442
443
442
445
447
449
449
449
449
450
450
450
451
451
451
451
451
451
453
453
453
453
453
452
453
455
455
455
455
455
455
456
456
456
456
456
456
459
459
457
457
457
457
456
457
458
458
457
457
457
457
457
457
458
458
458
552
552
545
540
535
533
530
528
526
524
522
521
521
520
519
518
518
518
518
517
517
517
516
516
516
516
515
515
515
515
515
514
514
514
514
514
514
514
514
514
514
514
514
514
514
514
514
513
513
514
514
514
514
514
514
514
514
515
515
515
514
514
514
515
422
422
428
434
435
439
440
440
442
443
445
445
445
447
448
449
449
450
450
451
450
451
452
452
452
452
453
453
453
454
455
456
455
455
455
455
456
457
457
456
456
456
456
457
457
457
457
458
458
458
458
458
458
458
458
458
458
458
461
461
459
458
459
459
552
552
545
540
532
529
529
527
526
524
522
522
522
521
518
518
518
517
515
515
515
515
515
515
514
514
513
513
513
513
514
513
513
513
511
511
513
513
513
513
513
513
513
513
514
514
513
513
513
514
514
514
514
514
513
513
513
513
514
514
514
514
514
513
424
424
428
432
435
438
438
439
442
443
447
448
448
448
450
450
450
451
451
451
451
451
452
449
452
453
455
455
455
455
455
455
455
455
456
456
456
456
456
456
457
457
457
458
458
458
458
458
458
458
458
457
458
458
459
459
459
459
459
459
460
460
460
459
550
550
545
539
535
531
529
527
526
525
522
520
519
519
518
516
516
515
515
515
514
513
513
515
515
514
514
514
513
512
512
511
511
512
513
512
512
510
510
511
511
512
512
511
511
511
512
513
513
513
512
512
511
511
511
511
511
511
511
511
511
509
509
510
425
416
425
438
440
440
444
444
444
447
447
448
448
449
449
451
451
451
451
452
452
452
454
454
454
454
455
455
455
455
456
456
456
457
456
456
456
456
457
457
457
457
457
457
457
457
457
458
458
458
458
458
459
459
460
460
460
460
460
460
461
460
460
460
