416
418
420
422
422
422
422
424
426
424
422
422
426
426
426
427
427
427
427
427
428
428
428
428
428
428
429
429
429
429
429
429
429
429
430
430
430
430
430
431
431
431
431
431
431
428
431
431
431
431
432
432
432
432
432
432
432
432
432
432
432
433
433
433
571
571
568
566
565
563
562
560
559
560
559
558
557
557
557
556
557
555
554
553
553
552
552
551
551
550
550
549
549
549
548
548
547
547
547
546
546
546
546
546
549
549
545
545
545
544
544
544
544
544
543
543
543
543
543
542
542
542
542
542
542
542
541
541
401
401
406
407
406
408
410
411
412
413
413
414
415
416
416
417
418
418
418
418
419
420
420
421
421
422
422
423
423
424
424
424
425
425
425
427
426
426
426
427
427
427
428
428
428
428
428
428
429
429
429
430
430
429
429
429
430
430
430
430
430
429
429
430
570
570
568
566
564
563
562
561
559
559
559
558
557
555
555
555
555
554
554
553
553
552
552
551
551
550
550
549
549
549
548
547
547
547
547
545
545
546
546
544
544
545
545
545
545
544
544
544
543
543
543
543
543
543
543
543
543
542
542
542
542
542
541
541
397
397
404
407
408
408
409
410
411
412
414
414
415
415
415
416
417
417
417
417
419
419
420
420
420
421
422
422
422
422
423
424
424
424
424
424
425
425
426
426
426
426
427
427
427
427
427
427
428
428
428
428
429
429
429
429
429
430
430
430
430
430
430
431
570
570
567
566
564
563
562
561
559
559
559
558
557
557
556
556
555
555
554
553
552
552
552
551
551
550
550
550
549
549
549
548
547
547
547
547
546
546
546
546
545
545
545
544
544
544
544
544
544
544
543
543
543
543
543
542
542
542
542
541
542
542
542
541
401
401
404
405
407
408
410
410
410
411
412
414
414
414
415
415
416
416
417
418
418
419
419
419
420
421
421
421
422
422
422
423
423
423
424
427
427
425
425
425
426
426
426
426
426
427
427
427
427
428
428
428
428
428
429
429
429
430
430
430
430
430
430
430
572
572
568
566
566
563
562
560
559
559
559
558
557
556
556
556
555
554
553
553
553
552
552
551
551
551
550
550
550
549
548
548
548
547
546
546
546
546
546
545
545
545
545
544
544
544
544
544
544
543
543
543
543
543
542
542
542
545
545
543
542
541
541
541
401
401
403
405
406
407
408
409
410
410
411
412
413
414
414
415
415
415
417
417
418
418
418
419
419
420
421
421
422
422
422
423
423
423
423
423
423
424
424
425
425
425
425
426
426
427
427
428
429
429
428
428
428
429
429
429
429
429
429
429
430
430
430
430
570
570
566
564
562
562
556
560
560
560
559
558
557
556
556
555
554
554
554
553
553
552
552
552
551
550
550
550
549
548
548
548
548
548
547
546
546
546
546
546
546
545
545
544
544
544
544
543
543
543
543
543
543
543
543
542
542
542
542
542
542
542
541
541
401
401
403
406
406
407
407
408
410
411
412
413
413
414
413
414
415
416
416
417
417
417
418
419
419
419
420
422
422
422
422
424
425
424
424
424
424
424
425
425
425
426
426
426
426
427
427
427
427
427
428
428
428
428
428
428
429
429
429
430
430
430
430
430
555
555
552
546
544
544
542
541
541
540
538
538
538
538
537
537
536
536
535
535
535
535
534
534
534
534
533
533
533
533
533
532
532
532
532
532
532
532
532
531
531
531
531
531
531
531
531
530
530
530
530
530
530
530
530
530
530
530
529
529
530
530
529
529
405
405
409
410
412
413
415
416
417
419
420
421
423
424
424
425
426
427
428
428
429
430
430
431
432
432
432
433
433
433
434
434
435
435
435
436
436
436
436
437
437
437
437
438
438
438
439
439
439
439
440
440
440
440
441
441
441
446
446
442
442
442
442
442
567
567
564
561
558
557
555
554
551
551
549
548
547
546
545
544
544
544
542
541
540
540
539
539
539
538
538
537
537
537
536
536
536
536
534
534
534
534
533
533
533
533
533
533
532
532
532
532
531
531
531
531
531
531
531
531
530
530
530
530
530
530
530
530
409
406
408
408
410
414
416
416
417
417
418
419
419
420
422
424
425
425
426
427
428
428
429
430
431
431
432
433
433
433
433
434
435
435
437
437
437
437
437
438
438
438
438
438
439
439
439
438
438
440
441
441
441
441
441
441
442
442
442
443
443
443
443
442
569
569
565
562
560
558
556
555
553
552
551
549
548
547
546
545
544
544
543
542
542
540
540
540
539
539
538
538
537
537
537
536
535
535
535
535
535
534
534
533
533
533
532
532
532
532
531
531
531
531
531
531
531
531
530
530
530
530
530
530
530
529
530
530
402
402
405
408
409
411
413
414
417
417
417
418
420
421
422
424
424
424
426
426
427
429
429
429
430
430
431
431
432
433
433
434
434
435
435
436
436
435
435
436
437
438
438
439
439
440
440
440
440
440
441
441
441
442
442
442
442
443
443
443
443
443
443
443
569
569
565
563
560
558
556
555
554
552
551
549
548
548
547
546
545
544
543
542
542
541
541
540
539
539
538
538
537
537
536
536
536
535
535
534
534
533
533
533
533
532
532
532
532
532
532
532
531
531
531
531
530
530
530
530
530
530
529
529
529
529
529
529
401
401
405
406
408
411
412
413
415
416
418
419
419
420
421
424
425
425
426
427
428
428
429
429
430
431
431
432
432
433
434
434
434
435
436
436
436
437
437
437
437
438
439
439
439
439
440
440
441
441
441
441
441
442
442
442
442
443
443
443
443
443
443
443
570
570
566
566
561
559
557
555
554
553
552
550
549
548
547
546
546
544
544
542
542
541
540
540
540
539
538
538
537
537
536
536
536
535
534
534
534
534
533
533
533
533
532
532
532
532
531
531
531
531
531
530
530
530
530
529
530
530
530
530
529
529
529
529
401
401
404
407
409
411
414
415
415
418
418
418
418
420
421
422
424
424
425
425
428
428
428
429
430
431
431
432
432
433
433
434
435
435
435
436
436
437
437
438
438
438
438
439
439
440
440
440
440
441
441
441
442
442
442
442
443
443
443
443
443
443
443
444
556
556
551
546
543
540
538
536
535
533
532
531
530
530
529
529
528
528
528
528
528
528
527
527
527
527
527
527
527
526
526
526
526
526
526
526
526
526
526
526
526
526
526
526
525
525
525
525
525
525
525
525
525
525
525
525
525
525
525
525
525
525
525
525
407
407
414
416
416
419
421
424
426
428
428
429
430
431
432
433
434
435
436
437
437
438
439
440
440
440
440
441
441
441
442
443
443
443
443
444
444
444
444
444
445
445
445
445
445
445
446
446
446
446
446
447
446
447
447
447
447
448
448
448
448
447
448
448
564
564
560
556
556
553
548
545
543
542
540
539
538
536
535
534
534
533
532
532
530
530
530
530
530
530
530
529
528
528
528
527
527
527
527
526
527
527
527
527
526
526
526
526
526
526
526
525
525
525
525
525
525
525
525
525
525
525
525
525
525
525
525
525
406
406
410
413
415
416
420
421
423
424
427
428
429
429
431
432
433
434
435
435
437
437
438
438
439
440
440
440
440
441
442
442
442
443
443
443
443
444
444
444
444
445
445
448
448
445
445
446
446
446
446
446
446
447
447
447
447
447
447
447
447
447
447
448
567
567
561
559
556
552
549
545
544
542
542
540
539
538
537
535
535
534
533
532
531
531
531
531
530
530
530
529
529
529
528
528
528
528
528
528
527
527
527
527
527
526
527
526
526
526
526
526
526
526
526
526
526
526
526
525
526
525
526
525
527
525
525
525
404
404
408
409
414
417
419
419
422
424
425
428
429
429
430
432
432
432
432
434
436
436
437
438
438
438
439
439
440
441
441
441
441
442
442
442
442
443
443
443
444
444
444
444
444
445
445
445
446
445
446
446
446
446
446
446
444
446
446
446
447
447
447
447
568
568
563
560
557
556
551
548
547
545
543
541
540
539
538
537
536
535
534
533
533
532
532
532
531
531
530
530
530
530
531
531
529
528
528
528
528
528
528
528
527
527
527
527
527
527
527
527
527
526
526
526
526
526
526
526
526
526
526
526
526
526
526
526
403
403
408
410
413
415
417
419
421
423
426
427
427
428
430
432
432
432
433
434
435
436
437
437
437
438
438
439
439
439
440
440
440
441
441
441
442
442
442
443
443
443
443
443
444
444
444
454
447
447
445
445
447
447
446
446
446
446
446
446
446
446
447
446
557
565
561
561
558
556
554
550
548
546
545
543
541
540
539
536
536
535
535
534
534
533
532
532
532
532
531
530
530
530
530
530
530
529
529
529
528
528
528
528
528
528
528
528
528
527
527
527
527
527
527
527
527
527
527
527
527
527
527
526
526
526
526
526
401
401
406
409
410
414
416
420
422
421
422
425
426
428
429
429
431
432
433
433
434
435
435
436
437
437
438
438
438
439
439
439
440
440
441
441
441
441
442
442
442
442
443
443
443
443
443
444
444
444
444
444
444
444
445
445
445
445
445
445
445
445
446
446
551
551
543
538
534
533
532
530
530
529
528
528
527
527
527
527
527
527
527
527
527
527
527
527
527
527
527
527
527
527
527
527
527
527
527
527
527
527
528
528
528
528
528
528
528
528
528
528
528
528
528
528
529
529
529
529
529
529
529
529
530
530
530
530
406
406
411
416
419
421
424
425
427
428
430
430
430
431
432
432
432
433
433
434
434
434
435
435
435
436
437
437
438
438
443
443
440
440
440
440
440
440
441
442
442
442
443
443
443
443
444
444
444
445
445
445
445
445
450
450
447
446
447
447
447
448
448
448
563
563
556
551
547
544
543
543
541
538
538
537
536
535
535
535
535
534
533
533
533
533
533
532
532
532
532
531
531
531
529
531
531
531
531
531
531
531
530
530
530
530
530
530
530
530
530
530
530
530
530
530
531
531
531
530
530
530
530
530
531
530
531
531
402
402
408
413
415
420
422
426
426
427
428
429
429
430
431
431
432
432
432
433
433
433
434
435
435
435
436
437
437
437
438
438
439
439
439
439
440
440
441
441
442
442
443
444
444
444
445
445
445
446
446
447
447
447
448
448
448
448
449
449
449
450
450
450
564
564
557
554
547
544
542
541
540
539
538
537
537
535
534
534
533
533
533
532
534
532
531
530
530
530
530
529
529
529
529
529
529
529
528
528
528
528
528
528
528
528
528
528
528
528
528
528
527
527
527
527
527
527
527
527
527
527
527
527
527
527
527
527
404
404
410
415
419
423
423
427
428
430
430
431
432
433
433
433
434
434
435
435
436
437
437
437
438
438
439
439
439
439
439
441
441
441
442
443
443
443
444
444
445
445
445
446
447
447
447
447
447
448
448
448
449
449
449
450
450
450
450
451
451
451
451
451
562
562
562
556
543
541
541
539
538
538
536
535
534
533
533
533
532
531
531
530
530
529
529
529
528
528
528
527
527
527
527
527
527
526
526
526
526
526
526
526
526
526
526
526
526
526
526
526
526
526
526
526
527
526
526
526
526
526
526
526
526
526
526
526
404
404
412
416
420
423
426
427
427
429
430
431
433
434
434
435
436
436
437
437
436
436
438
439
439
439
439
440
441
441
441
442
442
442
443
443
444
444
445
445
445
445
446
446
447
448
448
448
449
449
449
450
450
450
450
450
451
451
451
451
451
452
452
452
565
565
557
551
545
543
541
539
538
536
535
535
534
533
533
532
531
531
530
530
530
529
529
527
527
528
528
527
527
527
526
526
526
526
526
526
526
526
525
525
525
525
525
525
525
525
525
525
525
525
525
525
525
525
525
524
525
525
525
525
523
525
525
525
406
406
411
416
420
423
426
429
431
431
432
432
434
435
435
435
436
436
436
437
438
438
438
438
440
440
440
440
441
441
441
442
442
442
443
443
444
445
445
445
446
446
446
448
448
448
448
448
449
449
450
450
450
450
451
451
451
452
452
452
452
452
452
453
